0: 12,1,400,557,483,303
1: 12,2,0,583,11,400,303
2: 12,1,583,11
3: 452,557,303,4,352
4: 303,12,3
5: 369,499,13,6,40
6: 326,369,5,415
7: 19,403,437
8: 388,429,550,458,9
9: 10,550,429,8,458
10: 9,458,583
11: 12,1,2,24
12: 1,2,0,11,24,303,4
13: 25,39,5,499
14: 26,40,337,311
15: 16
16: 15,55,70
17: 30,491,367,461,350
18: 30,491,45,31
19: 7,35,33,47
20: 48,35,33,21,47
21: 35,33,20
22: 23
23: 22,65,82
24: 37,38,12,11
25: 13,39,499
26: 14,40
27: 28,484,565,512,570
28: 27,41,302,484
29: 485,372,43,492,42,480
30: 17,491,45,18,31
31: 48,32,30,45,46,18
32: 31,45,46
33: 19,35,21,47,48,20
34: 49
35: 19,33,21,429,20
36: 51,50,65,66
37: 24,38
38: 37,24
39: 499,25,13
40: 26,14,5,337
41: 28,302,433
42: 58,57,488,56,29,43
43: 485,29,488,56,42,57
44: 60,61,330
45: 46,30,491,18,31,32
46: 45,491,31,32
47: 19,33,48,20
48: 31,64,33,47,20
49: 34,80
50: 36,51,65,66
51: 36,50,82
52: 53,54
53: 54,52
54: 53,52,55
55: 16,54,70
56: 72,488,395,43,42,57
57: 42,58,56,43
58: 500,42,57,89
59: 336,76,300,94,75
60: 44,61,330,507,336
61: 44,60,330,507,367
62: 63,131
63: 62,131,79
64: 48
65: 66,23,36,50
66: 65,36,50
67: 68
68: 67,100,84
69: 85,154
70: 87,71,16,55
71: 88,105,87,70
72: 56,506,73,395
73: 506,383,395,72
74: 90,348,493
75: 94,93,111,95,300,59
76: 288,290,300,59
77: 94,95,78
78: 94,93,95,77,436
79: 97,63
80: 81,49,117,99
81: 80,117,99
82: 23,51
83: 84,101,100,118
84: 83,101,100,118,68
85: 69,154,137
86: 104
87: 88,105,70,71
88: 105,87,71
89: 107,58,90
90: 74,107,89
91: 389,342,109,126,108
92: 423,525,463,110
93: 94,75,111,95,129,78,436
94: 75,93,95,59,77,78
95: 94,75,93,111,77,78,436
96: 114,113
97: 79
98: 115,116
99: 117,80,81
100: 118,68,84,83,101
101: 84,83,100,118
102: 103
103: 104,102
104: 103,86
105: 88,87,71
106: 159,142,141,124
107: 89,90
108: 558,476,109,126,91
109: 508,126,108,91
110: 582,145,463,127,92
111: 75,93,95,129,405,436
112: 113,130,436
113: 112,130,114,96,133
114: 96,113,130,133
115: 98,116,131
116: 115,98,134
117: 99,80,81
118: 100,84,83,101
119: 137
120: 138,121
121: 120,122,139
122: 139,121
123: 140,142,141
124: 125,106
125: 124
126: 508,109,414,108,476,91
127: 145,463,398,582,110
128: 331,576,146
129: 329,405,301,93,111
130: 113,112,114
131: 62,63,115
132: 149
133: 134,113,114
134: 133,116
135: 152,151,136
136: 135
137: 154,85,119
138: 120
139: 122,121,155
140: 123,142,141
141: 106,142,123,140
142: 159,106,141,123,140
143: 451,144,161,160,158,409
144: 143,451,160,158
145: 569,463,127,431,398,110
146: 162,163,128,147
147: 165,408,146,163
148: 166,167,180
149: 150,132
150: 149,152,151
151: 135,152,150
152: 135,151,150
153: 154
154: 137,153,69,85
155: 172,139
156: 173
157: 227,175
158: 160,159,143,144
159: 106,142,158
160: 161,158,143,144,409
161: 160,143,409,179
162: 146,163,180
163: 162,146,180,147,165,164
164: 165,163,180
165: 147,164,163
166: 148,167
167: 148,166
168: 183,184,185
169: 170,188,171
170: 169,188,171
171: 169,170,188
172: 173,155
173: 172,156
174: 192,193
175: 176,157,227
176: 175
177: 212,196,178
178: 212,196,177
179: 409,304,161,467
180: 162,163,164,148
181: 214,197,455
182: 183,198,184
183: 182,200,184,168
184: 200,183,182,168
185: 202,168
186: 203
187: 204,203
188: 169,170,171
189: 206,205
190: 206,205,191
191: 190
192: 174,210,193
193: 209,210,174,192
194: 402,364,211
195: 470,211,543,364,299
196: 212,178,177,467,410
197: 214,181,424
198: 182
199: 524,215
200: 184,183,257
201: 202,218
202: 201,185
203: 186,187
204: 187
205: 206,189,190
206: 189,190,207,205
207: 206,251
208: 225,432
209: 210,193
210: 209,193,192
211: 470,195,402,194,543,364
212: 196,178,177,467,410,384
213: 229,532,214
214: 197,181,213,424
215: 199,216,441
216: 217,441,215
217: 216,441,532
218: 245,232,233,201
219: 234,220,235
220: 235,219,234
221: 251,237,222,281
222: 281,221,237
223: 238,252
224: 240
225: 399,208,432,561,226
226: 561,225,555
227: 157,175
228: 321,243,242,548,368,533
229: 213,532,522
230: 231,374,502,524,244
231: 230,528,315,502
232: 245,233,218,258
233: 245,232,218,257,258
234: 219,220,235
235: 220,219,234
236: 249,250,263
237: 221,251,222,281
238: 252,223,264
239: 240
240: 239,224
241: 308,266,254,267,255,443
242: 243,228,314,368
243: 321,242,228,306
244: 495,230,502,524
245: 232,233,218,258,246,535
246: 258,245,535
247: 260,248
248: 247
249: 236,279,272,273
250: 236,262,263
251: 221,237,207,252
252: 238,223,251,264
253: 264,265,266
254: 267,255,241,443,268,404
255: 277,254,267,241,443,268
256: 268,466,404,396,358
257: 200,233
258: 246,245,232,233,535
259: 435,526,334,270,269
260: 247,279,271
261: 273,262
262: 263,250,261
263: 262,281,236,250
264: 253,265,238,252
265: 276,253,264
266: 308,241,253
267: 277,254,255,241,268
268: 256,404,254,267,255,396,443
269: 334,270,539,259,526,459
270: 334,269,539,259,526,464
271: 278,279,536,260
272: 351,280,273,279,249
273: 272,280,249,261
274: 310,440,275,282,473
275: 310,274,282,573,283
276: 406,265,573
277: 267,255,371,396
278: 279,271,328,351
279: 278,271,260,249,272,351
280: 272,273,380,549
281: 263,222,221,237
282: 310,274,275,406,573
283: 338,579,310,275,419,573
284: 422,525,354,514,569
285: 452,313,538,352
286: 417,379,345
287: 562,361,518
288: 76,381,290,343,339
289: 515,312,346,565
290: 288,76,343,300,423
291: 547,344
292: 416,428
293: 478,339,373,393,397
294: 495,502,365,407,560
295: 307,477,550,439,413,388
296: 384,564,377,543,510
297: 481,444,440
298: 543,364,384
299: 501,552,510,543,195
300: 76,290,59,75
301: 129,329
302: 28,41,484,474,320,318
303: 4,557,12,1,0,452,3
304: 409,390,363,179,467,327
305: 489
306: 561,432,402,470,321,243
307: 295,477,550,340,316
308: 266,241,443,399
309: 558,476
310: 440,274,275,282,444,338,283,450
311: 474,337,14,456,333
312: 456,333,515,563,289,565
313: 442,317,285,452
314: 545,242,319,368
315: 502,365,528,231
316: 340,307,562
317: 557,483,518,442,313,452
318: 395,383,320,302
319: 446,368,314,487
320: 383,474,302,318
321: 243,228,548,306,470
322: 352,394,341,415,513
323: 387,498
324: 389,342,325
325: 390,363,324,342
326: 6,337,375,415,513
327: 574,467,390,304,551
328: 505,511,575,278,351
329: 129,405,301,582
330: 397,507,336,44,60,61
331: 128,370,576,486
332: 509
333: 456,312,337,375,311
334: 270,269,539,536,259,464
335: 479,445,421,360
336: 59,330,60
337: 326,375,14,40,333,311
338: 283,579,310,419,450,509
339: 293,344,288,381,397
340: 531,361,316,458,307,550
341: 369,415,322,352
342: 389,324,91,325
343: 288,381,290,469,426,423
344: 478,339,291,547,381
345: 520,497,379,286,417,431
346: 565,512,289,527
347: 382,473,549,366
348: 74,493,540,541
349: 401,376,480,500,541
350: 534,461,17
351: 272,278,279,328,511,380
352: 322,285,452,3,341
353: 425,373,542
354: 514,422,284
355: 438,427,376
356: 534,568
357: 514,544,379,569,431
358: 580,553,396,256,466
359: 418,560,578,435
360: 551,335,421
361: 531,340,562,287,483,518
362: 548,501,552
363: 409,390,304,325
364: 298,543,194,195,211
365: 315,502,407,294
366: 549,454,472,382,347
367: 17,491,461,391,507,61
368: 319,446,314,242,228,533
369: 5,499,341,415,6
370: 520,497,475,576,486,331
371: 566,396,419,579,277
372: 485,29,492,438,427
373: 425,353,293,478,523,393
374: 230,441,524
375: 326,337,563,333
376: 349,480,438,355
377: 384,296,564,574,410,421
378: 514,544
379: 357,544,286,431,345
380: 549,454,511,351,280
381: 288,343,547,469,339,344
382: 347,473,366,482
383: 320,73,395,318
384: 296,377,212,298,543,410
385: 457,465,462
386: 570,433,517,492,412
387: 323,509,566,580,498
388: 437,8,413,295,550
389: 324,342,91
390: 304,363,327,325
391: 461,523,393,507,367
392: 468,516
393: 397,507,373,293,523,391
394: 538,322
395: 488,318,383,73,56,72
396: 371,566,277,256,268,580,358
397: 330,393,507,293,339
398: 520,145,127,431,582,486
399: 443,225,308
400: 1,0,583,531,483
401: 349,471,540,541,494
402: 432,194,306,470,211
403: 413,437,7
404: 256,268,466,555,254,443
405: 129,329,111,436
406: 276,282,573
407: 365,294,411,560
408: 582,147
409: 304,363,179,143,161,160
410: 574,467,212,196,384,377
411: 560,503,407
412: 386,427
413: 453,403,439,295,437,388
414: 471,540,508,126,476
415: 369,341,322,513,6,326
416: 292,503
417: 286,434,530,345,497
418: 495,359
419: 573,338,283,579,371
420: 505,511,468,454,516
421: 335,574,377,551,360
422: 426,525,284,529,354
423: 92,426,525,290,343
424: 214,197
425: 353,373,523
426: 422,525,469,343,423
427: 438,355,372,412
428: 459,447,292,521
429: 8,35,9
430: 571,572,556
431: 145,569,357,379,398,520,345
432: 402,208,225,561,306
433: 570,386,41,492
434: 530,572,417,475
435: 259,526,521,359,578
436: 112,93,111,95,405,78
437: 388,413,403,7
438: 355,427,372,376,480
439: 577,413,453,295
440: 310,274,473,297,444
441: 216,217,532,374,524,215
442: 317,518,313
443: 399,308,241,254,255,268,404
444: 297,310,440,450
445: 335
446: 319,368
447: 459,428,465
448: 411,416
449: 577,477
450: 310,444,338
451: 143,144,581
452: 285,3,317,557,313,303,352
453: 413,439,568
454: 380,549,366,420,511,472
455: 571,556,181
456: 333,312,311,565,484
457: 385,575,459,539
458: 531,340,550,8,10,9
459: 428,447,526,269,539,457
460: 529,547,469
461: 391,350,17,367
462: 505,385,468,537
463: 145,569,127,525,92,110
464: 535,334,270
465: 447,385
466: 256,404,555,553,358,489
467: 574,410,327,212,196,304,179
468: 537,392,420,505,462
469: 547,460,529,426,381,343
470: 195,211,402,306,321
471: 414,540,401,476
472: 516,554,454,366,482
473: 382,347,440,274
474: 311,320,302,484
475: 556,434,370,497
476: 108,558,414,471,126,309
477: 307,295,449
478: 293,344,542,373
479: 335,564,490
480: 349,376,29,500,438
481: 297
482: 554,472,382
483: 317,557,518,531,361,0,400
484: 28,27,302,456,474
485: 29,372,43,492,488
486: 398,520,370,331
487: 305,319
488: 395,56,485,43,42
489: 545,466,553,305
490: 564,501,510,479
491: 17,30,367,45,46,18
492: 485,29,372,433,386
493: 581,74,348,508
494: 401
495: 244,418,294,502
496: 580,553,498
497: 520,370,345,417,475
498: 323,387,496,580
499: 369,5,39,25,13
500: 58,349,480,541
501: 299,552,510,362,490
502: 315,365,230,231,244,495,294
503: 411,578,416,521
504: 522
505: 328,420,462,511,575,468
506: 73,72
507: 330,393,397,391,367,60,61
508: 109,126,493,414
509: 566,338,579,332,387
510: 501,299,296,564,490
511: 328,420,505,351,380,454
512: 346,565,27,527,570
513: 546,322,415,326
514: 378,357,354,284
515: 563,312,289
516: 554,472,420,392
517: 527,570,386
518: 317,483,361,442,287
519: 
520: 398,370,345,497,431,486
521: 435,526,503,578,428
522: 504,229
523: 391,425,373,393
524: 199,230,374,441,244
525: 426,422,284,463,423,92
526: 259,435,521,459,270,269
527: 517,346,512,570
528: 231,315
529: 460,469,422
530: 434,417
531: 361,340,458,483,400
532: 229,213,217,441
533: 228,548,368
534: 350,356
535: 464,258,246,245
536: 334,539,575,271
537: 468,462
538: 394,285
539: 334,270,269,536,459,457,575
540: 414,471,541,348,401
541: 540,500,348,349,401
542: 353,478
543: 298,364,195,211,384,296,299
544: 378,357,379
545: 314,489,555
546: 513,559,563
547: 469,460,291,344,381
548: 321,228,552,533,362
549: 380,454,366,280,347
550: 307,295,388,8,340,458,9
551: 360,574,327,421
552: 501,299,548,362
553: 496,358,466,489
554: 516,472,482
555: 466,404,226,545
556: 475,576,455,430
557: 317,483,0,452,3,303
558: 108,476,309
559: 546
560: 411,578,407,294,359
561: 226,306,225,432
562: 361,316,287
563: 515,546,375,312
564: 296,377,510,479,490
565: 346,512,456,312,289,27
566: 509,371,396,579,387,580
567: 
568: 577,356,453
569: 145,463,431,357,284
570: 433,386,512,27,517,527
571: 455,430
572: 434,430
573: 419,276,406,275,282,283
574: 467,410,327,377,551,421
575: 457,539,536,328,505
576: 556,370,128,331
577: 439,568,449
578: 560,503,359,435,521
579: 338,283,419,509,371,566
580: 496,358,566,396,387,498
581: 493,451
582: 110,127,398,408,329
583: 1,2,400,10