0: 
1: 394,332,390,450,336,454
2: 569
3: 
4: 
5: 6,36,38,7,37,39
6: 5,36,37,41,8,40
7: 9,42,43,39,5,38
8: 44,40,6,41,45,10
9: 7,42,47,11,46,43
10: 12,48,45,8,44,49
11: 46,50,13,51,47,9
12: 52,48,10,49,53,14
13: 15,54,55,51,11,50
14: 16,56,53,12,52,57
15: 58,54,13,17,55,59
16: 56,14,57,61,18,60
17: 19,62,63,59,15,58
18: 60,64,16,65,61,20
19: 17,62,67,66,21,63
20: 22,68,65,18,64,69
21: 66,70,23,71,67,19
22: 68,72,20,73,69,24
23: 74,25,75,71,21,70
24: 26,76,73,22,72,77
25: 74,78,23,27,79,75
26: 76,24,77,81,80,28
27: 29,82,83,79,78,25
28: 80,84,26,81,85,30
29: 82,27,87,86,31,83
30: 88,32,85,84,28,89
31: 86,90,33,91,87,29
32: 88,30,89,93,34,92
33: 35,94,95,91,90,31
34: 96,92,32,97,93
35: 33,94,99,98,95
36: 5,6,38,100,102,40
37: 39,101,103,5,6,41
38: 5,36,7,42,104,100
39: 37,101,43,105,7,5
40: 8,44,6,36,102,106
41: 45,107,37,103,6,8
42: 7,9,46,104,108,38
43: 109,105,47,7,9,39
44: 8,40,106,48,10,110
45: 41,107,8,49,111,10
46: 11,50,112,9,42,108
47: 51,113,11,43,109,9
48: 12,52,10,44,114,110
49: 53,115,111,45,12,10
50: 11,46,54,13,116,112
51: 113,47,55,117,13,11
52: 12,48,114,56,14,118
53: 49,115,12,57,119,14
54: 15,58,13,120,116,50
55: 59,121,117,15,13,51
56: 16,14,52,122,118,60
57: 119,123,53,16,14,61
58: 15,54,17,62,124,120
59: 55,121,63,125,17,15
60: 18,64,16,56,122,126
61: 65,127,57,123,16,18
62: 19,17,66,128,124,58
63: 125,129,67,19,17,59
64: 18,60,126,68,20,130
65: 61,127,18,69,131,20
66: 21,70,132,19,62,128
67: 71,133,21,63,129,19
68: 22,72,20,64,134,130
69: 73,135,131,65,22,20
70: 66,21,74,23,136,132
71: 133,67,75,137,23,21
72: 22,68,134,76,24,138
73: 69,135,22,139,77,24
74: 78,25,23,140,136,70
75: 79,141,137,25,23,71
76: 26,24,72,142,138,80
77: 139,143,73,26,24,81
78: 74,25,82,27,144,140
79: 141,75,145,83,27,25
80: 84,28,26,76,142,146
81: 147,85,77,143,26,28
82: 29,27,86,148,144,78
83: 145,149,87,29,27,79
84: 80,28,146,88,30,150
85: 147,81,28,151,89,30
86: 90,31,152,29,82,148
87: 153,91,31,83,149,29
88: 30,32,84,150,154,92
89: 151,155,85,30,32,93
90: 86,31,33,94,156,152
91: 153,87,157,95,33,31
92: 96,34,88,32,154,158
93: 97,159,155,89,32,34
94: 33,35,98,160,156,90
95: 157,161,99,33,35,91
96: 34,92,158
97: 159,93,34
98: 35,94,160
99: 161,95,35
100: 102,162,164,104,36,38
101: 37,39,103,105,163,165
102: 100,162,36,40,106,166
103: 37,101,163,167,41,107
104: 108,168,42,38,100,164
105: 43,109,169,165,39,101
106: 170,166,102,44,40,110
107: 41,45,103,167,171,111
108: 104,168,46,112,172,42
109: 43,105,173,113,47,169
110: 114,174,44,106,170,48
111: 49,115,171,45,107,175
112: 172,176,116,46,50,108
113: 51,47,117,177,173,109
114: 178,174,110,52,48,118
115: 49,53,111,175,179,119
116: 120,180,54,50,112,176
117: 55,121,181,177,51,113
118: 122,182,52,114,178,56
119: 57,123,179,53,115,183
120: 184,180,116,124,58,54
121: 55,59,117,125,181,185
122: 182,118,56,60,126,186
123: 57,119,183,187,61,127
124: 128,188,62,58,120,184
125: 63,129,189,185,59,121
126: 186,190,122,60,64,130
127: 65,61,123,191,187,131
128: 124,188,66,192,132,62
129: 63,125,193,133,67,189
130: 134,194,64,126,190,68
131: 69,135,191,65,127,195
132: 192,196,136,66,70,128
133: 71,67,137,197,193,129
134: 194,198,130,68,72,138
135: 73,69,131,195,199,139
136: 200,140,74,70,132,196
137: 141,75,201,197,71,133
138: 142,202,72,134,198,76
139: 77,143,73,135,203,199
140: 200,204,136,144,74,78
141: 79,75,137,145,205,201
142: 202,138,76,80,206,146
143: 139,77,203,207,147,81
144: 148,208,82,78,204,140
145: 83,149,209,205,79,141
146: 206,210,142,80,84,150
147: 81,85,143,207,211,151
148: 208,144,86,212,152,82
149: 145,83,213,153,87,209
150: 214,154,84,210,146,88
151: 155,89,211,147,85,215
152: 212,216,156,86,90,148
153: 91,87,157,213,217,149
154: 214,150,88,92,158,218
155: 151,89,215,219,159,93
156: 160,220,94,90,216,152
157: 161,95,221,217,153,91
158: 218,154,96,92
159: 97,93,155,219
160: 220,156,98,94
161: 157,95,99,221
162: 100,102,164,222,224,166
163: 165,223,225,101,103,167
164: 100,162,104,168,226,222
165: 163,223,169,227,105,101
166: 106,170,102,162,224,228
167: 171,229,163,225,103,107
168: 104,108,172,226,230,164
169: 231,227,173,109,105,165
170: 106,166,228,174,110,232
171: 167,229,107,175,233,111
172: 112,176,234,108,168,230
173: 177,235,113,169,231,109
174: 114,178,110,170,236,232
175: 179,237,233,171,115,111
176: 112,172,180,116,238,234
177: 235,173,181,239,117,113
178: 114,174,236,182,118,240
179: 175,237,115,183,241,119
180: 120,184,116,242,238,176
181: 185,243,239,121,117,177
182: 122,118,178,244,240,186
183: 241,245,179,119,123,187
184: 120,180,124,188,246,242
185: 181,243,189,247,125,121
186: 126,190,122,182,244,248
187: 191,249,183,245,123,127
188: 128,124,192,250,246,184
189: 247,251,193,125,129,185
190: 126,186,248,194,130,252
191: 187,249,127,253,195,131
192: 132,196,254,128,188,250
193: 197,255,133,189,251,129
194: 134,198,130,190,256,252
195: 253,257,191,135,131,199
196: 192,132,200,136,258,254
197: 255,259,193,201,137,133
198: 134,194,256,202,138,260
199: 261,203,195,257,135,139
200: 204,140,136,262,258,196
201: 205,263,141,137,197,259
202: 142,138,198,260,264,206
203: 261,265,199,139,143,207
204: 200,140,208,144,266,262
205: 263,201,267,209,145,141
206: 210,146,142,202,264,268,898
207: 269,211,203,265,143,147
208: 148,144,212,270,266,204
209: 267,271,213,145,149,205
210: 206,146,268,214,150,272
211: 269,207,147,273,215,151
212: 216,152,274,148,208,270
213: 275,217,153,209,271,149
214: 150,154,210,272,276,218
215: 273,277,211,151,155,219
216: 212,152,220,156,278,274
217: 275,213,221,279,157,153
218: 158,214,154,276,280
219: 281,215,277,155,159
220: 160,156,282,278,216
221: 283,279,157,161,217
222: 224,284,286,226,162,164
223: 163,165,225,227,287,285
224: 222,284,162,166,228,288
225: 163,223,285,289,167,229
226: 230,290,168,164,222,286
227: 169,231,291,287,165,223
228: 292,288,224,170,166,232
229: 167,171,225,289,293,233
230: 226,290,172,234,294,168
231: 169,227,295,235,173,291
232: 236,296,170,228,292,174
233: 175,237,293,171,229,297
234: 294,298,238,172,176,230
235: 177,173,239,299,295,231
236: 300,296,232,178,174,240
237: 175,179,233,297,301,241
238: 242,302,180,176,234,298
239: 181,243,303,299,177,235
240: 244,304,178,236,300,182
241: 183,245,301,179,237,305
242: 306,302,238,246,184,180
243: 181,185,239,247,303,307
244: 304,240,182,186,248,308
245: 183,241,305,309,187,249
246: 250,310,188,184,242,306
247: 189,251,311,307,185,243
248: 308,312,244,186,190,252
249: 191,187,245,309,313,253
250: 246,310,192,314,254,188
251: 189,247,315,255,193,311
252: 256,316,190,248,312,194
253: 195,257,313,191,249,317
254: 314,318,258,192,196,250
255: 197,259,193,315,319,251
256: 316,320,252,194,198,260
257: 253,195,317,321,261,199
258: 322,262,200,196,254,318
259: 197,255,895,263,201,319
260: 324,264,198,256,320,202
261: 203,265,199,257,325,321
262: 322,326,258,266,200,204
263: 205,201,267,323,327,895,259
264: 260,324,202,206,898
265: 261,203,325,329,269,207
266: 270,330,208,204,326,262
267: 209,271,331,327,205,263
268: 328,332,898,206,210,272
269: 207,211,265,329,333,273
270: 330,266,212,334,274,208
271: 267,209,335,275,213,331
272: 336,276,210,332,268,214
273: 215,277,333,269,211,337
274: 334,338,278,212,216,270
275: 213,217,279,335,339,271
276: 336,272,214,218,280,340
277: 273,215,337,341,281,219
278: 282,342,220,216,338,274
279: 283,221,343,339,275,217
280: 340,276,218
281: 219,277,341
282: 342,278,220
283: 221,279,343
284: 222,224,286,344,346,288
285: 345,347,287,223,225,289
286: 222,284,226,290,348,344
287: 345,285,349,291,227,223
288: 228,292,224,284,346,350
289: 351,293,347,285,225,229
290: 226,230,294,348,352,286
291: 349,353,295,231,227,287
292: 228,288,350,296,232,354
293: 351,289,229,297,355,233
294: 234,298,356,230,290,352
295: 357,299,235,353,291,231
296: 236,300,232,292,358,354
297: 359,301,355,293,237,233
298: 234,294,302,238,360,356
299: 357,295,303,361,239,235
300: 236,296,358,304,240,362
301: 359,297,237,363,305,241
302: 242,306,238,364,360,298
303: 365,307,361,243,239,299
304: 244,240,300,366,362,308
305: 367,363,301,241,245,309
306: 242,302,246,310,368,364
307: 365,303,369,311,247,243
308: 248,312,244,304,366,370
309: 371,313,367,305,245,249
310: 250,246,314,372,368,306
311: 373,369,315,247,251,307
312: 248,308,370,316,252,374
313: 371,309,249,317,375,253
314: 254,318,376,250,310,372
315: 377,319,255,373,311,251
316: 256,320,252,312,378,374
317: 379,375,313,253,257,321
318: 314,254,322,258,380,376
319: 315,377,895,381,255,259
320: 256,316,378,260,324,382
321: 383,325,379,317,257,261
322: 326,262,258,384,380,318
323: 327,385,895,381,263
324: 260,264,320,382,386,328,898
325: 387,383,321,261,265,329
326: 322,262,330,266,388,384
327: 323,385,331,389,267,263
328: 332,268,898,324,386,390
329: 333,391,387,325,265,269
330: 270,266,334,392,388,326
331: 393,389,335,267,271,327
332: 328,268,390,336,272,1
333: 329,391,269,395,337,273
334: 338,274,396,270,330,392
335: 397,339,275,393,331,271
336: 272,276,332,1,394,340
337: 395,399,333,273,277,341
338: 334,274,342,278,400,396
339: 335,397,343,401,279,275
340: 280,336,276,394,398
341: 399,337,277,281
342: 282,278,400,338
343: 401,283,279,339
344: 346,402,404,348,284,286
345: 347,287,285,349,405,403
346: 344,402,284,288,350,406
347: 345,285,403,407,351,289
348: 352,408,290,286,344,404
349: 353,291,409,405,345,287
350: 410,406,346,292,288,354
351: 289,293,347,407,411,355
352: 348,408,294,356,412,290
353: 349,291,413,357,295,409
354: 358,414,292,350,410,296
355: 359,297,411,351,293,415
356: 412,416,360,294,298,352
357: 299,295,361,417,413,353
358: 418,414,354,300,296,362
359: 297,301,355,415,419,363
360: 364,420,302,298,356,416
361: 365,303,421,417,357,299
362: 366,422,300,358,418,304
363: 367,305,359,301,423,419
364: 424,420,360,368,306,302
365: 303,307,361,369,421,425
366: 422,362,304,308,370,426
367: 363,305,423,427,371,309
368: 372,428,310,306,364,424
369: 373,311,429,425,365,307
370: 426,430,366,308,312,374
371: 309,313,367,427,431,375
372: 368,428,314,432,376,310
373: 369,311,433,315,377,429
374: 378,434,312,370,430,316
375: 379,317,431,371,313,435
376: 432,436,380,314,318,372
377: 315,319,381,433,437,373
378: 434,374,316,320,382,438
379: 317,375,435,439,383,321
380: 440,384,322,318,376,436
381: 323,385,895,441,437,377,319
382: 386,442,438,320,378,324
383: 387,325,321,379,443,439
384: 440,444,380,388,322,326
385: 323,327,381,445,389,441
386: 382,442,324,328,390,446
387: 383,325,443,447,329,391
388: 392,448,330,326,444,384
389: 393,331,449,445,327,385
390: 446,386,328,332,450,1
391: 329,333,387,447,451,395
392: 448,388,334,396,452,330
393: 331,389,453,335,397,449
394: 1,336,454,340,398
395: 399,337,451,333,391,455
396: 400,334,338,456,452,392
397: 335,339,401,453,457,393
398: 394,340
399: 395,337,455,341
400: 342,338,396,456
401: 343,457,397,339
402: 344,346,404,458,460,406
403: 459,461,405,345,347,407
404: 344,402,348,408,462,458
405: 459,403,463,409,349,345
406: 350,410,346,402,460
407: 465,411,461,403,347,351
408: 348,352,412,462,466,404
409: 463,467,413,349,353,405
410: 350,406,414,354,468
411: 465,407,351,415,469,355
412: 356,416,470,352,408,466
413: 471,417,357,467,409,353
414: 358,418,354,410,472,468
415: 473,469,411,359,355,419
416: 356,412,420,360,474,470
417: 471,413,421,475,361,357
418: 358,414,472,422,362,476
419: 477,423,473,415,359,363
420: 364,424,360,478,474,416
421: 479,425,475,365,361,417
422: 366,362,418,476,480,426
423: 481,477,419,367,363,427
424: 364,420,368,428,482,478
425: 479,421,429,483,369,365
426: 370,430,366,422,480,484
427: 485,431,481,423,367,371
428: 372,368,432,486,482,424
429: 487,483,433,373,369,425
430: 370,426,484,434,374,488
431: 485,427,371,489,435,375
432: 376,436,490,372,428,486
433: 437,491,377,487,429,373
434: 378,374,430,492,488,438
435: 493,489,431,379,375,439
436: 432,376,440,380,494,490
437: 433,491,441,495,381,377
438: 382,442,378,434,492,496
439: 497,443,493,435,379,383
440: 444,384,380,498,494,436
441: 499,495,445,385,381,437
442: 382,386,438,500,496,446
443: 501,497,439,387,383,447
444: 440,384,448,388,502,498
445: 449,503,389,441,499,385
446: 390,386,442,500,504,450
447: 451,505,501,443,387,391
448: 392,388,452,506,502,444
449: 507,503,445,453,393,389
450: 504,390,446,1,508,454
451: 447,505,391,455,509,395
452: 510,456,396,392,448,506
453: 457,511,397,507,449,393
454: 512,508,450,1,394
455: 513,509,451,395,399
456: 510,452,400,514,396
457: 453,511,515,401,397
458: 460,516,518,462,402,404
459: 461,405,403,463,519,517
460: 458,516,402,406,520
461: 459,403,517,521,465,407
462: 466,522,408,404,458,518
463: 467,409,523,519,459,405
898: 328,268,324,264,206
465: 407,411,461,521,525,469
466: 462,522,412,470,526,408
467: 463,409,527,471,413,523
468: 472,528,410,524,414
469: 473,415,525,465,411,529
470: 526,530,474,412,416,466
471: 417,413,475,531,527,467
472: 468,528,418,414,476,532
473: 415,469,529,533,477,419
474: 478,534,420,416,470,530
475: 479,421,535,531,471,417
476: 536,480,532,418,472,422
477: 481,423,419,473,537,533
478: 538,534,474,482,424,420
479: 421,425,475,483,539,535
480: 536,476,422,426,484,540
481: 477,423,537,541,485,427
482: 486,542,428,424,478,538
483: 487,429,543,539,479,425
484: 540,544,480,426,430,488
485: 427,431,481,541,545,489
486: 482,542,432,490,546,428
487: 429,483,547,433,491,543
488: 492,430,484,544,434,548
489: 493,435,545,485,431,549
490: 494,432,436,550,546,486
491: 433,437,495,547,551,487
492: 488,434,548,438,496,552
493: 489,435,549,553,497,439
494: 498,440,554,436,490,550
495: 441,499,555,551,437,491
496: 500,492,442,438,556,552
497: 501,443,439,493,557,553
498: 494,502,440,444,558,554
499: 441,495,559,503,445,555
500: 496,442,556,446,504,560
501: 497,443,557,561,447,505
502: 506,448,562,444,498,558
503: 507,449,445,563,559,499
504: 450,500,446,564,560,508
505: 447,451,501,561,565,509
506: 502,510,452,566,448,562
507: 449,503,567,453,511,563
508: 512,454,504,450,564,568
509: 513,455,565,451,505,569
510: 456,452,514,570,566,506
511: 453,457,515,571,567,507
512: 508,454,568
513: 455,509,569
514: 510,456,570
515: 571,457,511
516: 458,460,518,572,574,520
517: 573,575,519,459,461,521
518: 458,516,462,522,576,572
519: 573,517,577,523,463,459
520: 524,460,516,574,578
521: 579,525,575,517,461,465
522: 462,466,526,580,576,518
523: 577,581,527,463,467,519
524: 520,578,468,528,582
525: 579,521,465,583,529,469
526: 470,530,584,466,522,580
527: 585,531,471,581,523,467
528: 472,468,524,586,582,532
529: 587,583,525,473,469,533
530: 470,526,534,474,588,584
531: 585,527,535,589,475,471
532: 536,476,472,528,586,896,590
533: 537,591,587,529,473,477
534: 478,538,474,592,588,530
535: 593,539,589,479,475,531
536: 476,480,532,896,540
537: 595,591,533,481,477,541
538: 478,534,482,542,596,592
539: 593,535,543,597,483,479
540: 484,544,536,480,896,594,598
541: 599,545,595,537,481,485
542: 486,482,546,600,596,538
543: 601,597,547,487,483,539
544: 484,540,598,488,602,548
545: 599,541,485,549,603,489
546: 604,550,490,486,542,600
547: 605,551,491,601,543,487
548: 602,606,544,492,488,552
549: 607,603,545,493,489,553
550: 604,546,494,608,554,490
551: 547,605,555,609,495,491
552: 610,556,492,606,548,496
553: 611,557,607,549,493,497
554: 612,608,558,498,494,550
555: 613,609,559,499,495,551
556: 610,614,552,500,496,560
557: 615,611,553,501,497,561
558: 612,554,502,616,562,498
559: 563,617,503,555,613,499
560: 618,564,500,614,556,504
561: 619,565,615,557,501,505
562: 616,620,566,506,502,558
563: 621,617,559,567,507,503
564: 618,560,504,508,568,622
565: 561,619,505,569,623,509
566: 624,570,510,506,620,562
567: 571,625,511,621,563,507
568: 622,564,512,508
569: 623,565,513,509,2
570: 624,566,514,510
571: 625,567,515,511
572: 574,576,516,518,628,626
573: 575,519,517,577,627,629
574: 572,516,626,520,578,630
575: 573,517,627,631,579,521
576: 580,522,632,518,572,628
577: 581,523,633,629,573,519
578: 574,524,520,634,630,582
579: 521,525,575,635,631,583
580: 576,526,584,636,522,632
581: 577,523,637,585,527,633
582: 586,524,578,634,528,638
583: 587,529,635,579,525,639
584: 588,526,530,640,636,580
585: 531,527,589,637,641,581
586: 582,528,638,532,590,642
587: 583,529,639,643,591,533
588: 592,534,644,530,584,640
589: 593,535,645,641,585,531
590: 896,594,586,532,646,642
591: 595,537,533,587,647,643
592: 588,596,538,534,648,644
593: 539,535,589,597,649,645
594: 896,590,646,540,598,650
595: 537,591,647,651,599,541
596: 600,542,652,538,592,648
597: 601,543,653,649,593,539
598: 594,540,544,650,654,602
599: 541,545,595,651,655,603
600: 596,604,546,656,542,652
601: 543,597,657,547,605,653
602: 606,548,544,598,654,658
603: 607,549,655,599,545,659
604: 550,546,608,660,656,600
605: 547,551,609,657,661,601
606: 602,548,658,610,552,662
607: 549,603,659,663,611,553
608: 612,554,664,604,550,660
609: 555,613,665,661,605,551
610: 614,556,552,606,662,666
611: 615,557,553,607,663,667
612: 608,558,554,616,668,664
613: 555,609,669,617,559,665
614: 610,556,666,618,560,670
615: 611,557,667,671,561,619
616: 620,562,672,668,612,558
617: 621,563,559,673,669,613
618: 564,560,614,670,622
619: 561,565,615,671,623
620: 616,562,624,566,672
621: 563,617,625,567,673
622: 568,618,564
623: 569,619,565
624: 570,566,620
625: 571,567,621
626: 674,676,628,572,574,630
627: 675,677,629,573,575,631
628: 674,626,576,678,632,572
629: 675,627,679,633,577,573
630: 680,634,574,676,626,578
631: 681,635,677,627,575,579
632: 682,678,636,580,576,628
633: 679,683,637,577,581,629
634: 680,630,578,582,684,638
635: 681,631,579,685,639,583
636: 686,640,584,580,682,632
637: 687,641,585,683,633,581
638: 688,684,634,586,582,642
639: 689,685,635,587,583,643
640: 686,636,588,690,644,584
641: 687,637,645,691,589,585
642: 692,646,586,688,638,590
643: 693,647,689,639,587,591
644: 694,690,648,592,588,640
645: 695,649,691,593,589,641
646: 692,696,642,590,594,650
647: 697,693,643,595,591,651
648: 694,644,596,698,652,592
649: 695,645,699,653,597,593
650: 700,654,594,696,646,598
651: 701,655,697,647,595,599
652: 702,698,656,600,596,648
653: 703,699,657,601,597,649
654: 700,650,598,602,704,658
655: 701,651,599,659,705,603
656: 706,660,604,600,702,652
657: 707,661,605,703,653,601
658: 704,708,654,602,606,662
659: 709,705,655,607,603,663
660: 706,656,608,664,710,604
661: 657,707,665,711,609,605
662: 712,666,606,708,658,610
663: 713,667,709,659,607,611
664: 714,710,668,612,608,660
665: 711,669,715,613,609,661
666: 712,662,610,614,670,716
667: 663,713,615,611,717,671
668: 718,672,616,612,714,664
669: 673,719,617,715,665,613
670: 716,614,666,618
671: 667,615,717,619
672: 718,668,616,620
673: 669,719,621,617
674: 676,628,626,678,720,722
675: 677,627,629,679,721,723
676: 674,626,720,680,630,724
677: 675,627,721,725,681,631
678: 682,632,726,674,628,722
679: 683,633,727,723,675,629
680: 634,630,676,728,724,684
681: 635,631,677,729,725,685
682: 678,632,686,636,730,726
683: 679,633,731,687,637,727
684: 688,638,680,634,728,732
685: 689,639,729,681,635,733
686: 640,636,690,734,730,682
687: 637,641,691,731,735,683
688: 684,638,732,692,642,736
689: 685,639,733,737,693,643
690: 694,644,738,686,640,734
691: 695,645,739,735,687,641
692: 696,646,642,688,740,736
693: 697,647,643,689,737,741
694: 690,648,644,698,742,738
695: 649,645,691,699,743,739
696: 692,646,740,700,650,744
697: 693,647,741,745,701,651
698: 702,652,746,694,648,742
699: 703,653,747,743,695,649
700: 650,654,696,748,744,704
701: 651,655,697,749,745,705
702: 698,652,706,656,750,746
703: 699,653,751,657,707,747
704: 708,658,700,654,748,752
705: 709,659,749,701,655,753
706: 660,656,710,754,750,702
707: 657,661,711,751,755,703
708: 704,658,752,712,662,756
709: 659,705,753,757,663,713
710: 714,664,758,706,660,754
711: 665,759,715,755,707,661
712: 662,666,708,760,756,716
713: 663,667,709,761,757,717
714: 664,710,718,668,762,758
715: 759,719,763,669,665,711
716: 670,712,666,760
717: 761,713,667,671
718: 672,668,762,714
719: 763,673,669,715
720: 764,766,722,674,676,724
721: 765,767,723,675,677,725
722: 764,720,678,768,726,674
723: 765,721,769,727,679,675
724: 770,728,676,766,720,680
725: 771,729,767,721,677,681
726: 768,772,730,682,678,722
727: 769,773,731,679,683,723
728: 770,724,680,684,774,732
729: 771,725,681,775,733,685
730: 776,734,686,682,772,726
731: 777,735,687,773,727,683
732: 778,774,728,688,684,736
733: 779,775,729,689,685,737
734: 776,730,690,780,738,686
735: 777,731,739,781,691,687
736: 782,740,688,778,732,692
737: 783,741,779,733,689,693
738: 784,780,742,694,690,734
739: 785,743,781,695,691,735
740: 786,782,736,692,696,744
741: 737,783,787,697,693,745
742: 784,738,698,788,746,694
743: 785,739,747,789,699,695
744: 790,748,696,786,740,700
745: 749,787,741,697,791,701
746: 792,788,750,702,698,742
747: 793,789,751,703,699,743
748: 790,744,700,704,794,752
749: 745,791,701,795,753,705
750: 796,754,706,702,792,746
751: 755,797,707,793,747,703
752: 794,798,748,704,708,756
753: 749,799,795,709,705,757
754: 796,750,710,758,800,706
755: 751,801,759,711,797,707
756: 760,708,798,752,712
757: 761,799,753,709,713
758: 800,762,714,710,754
759: 715,763,801,711,755
760: 756,712,716
761: 757,713,717
762: 718,714,758
763: 719,759,715
764: 766,720,722,768,802,804
765: 767,721,723,769,803,805
766: 764,720,802,770,724,806
767: 765,721,803,807,771,725
768: 772,726,808,764,722,804
769: 773,727,809,805,765,723
770: 728,724,766,810,806,774
771: 729,725,767,807,811,775
772: 768,726,776,730,812,808
773: 769,727,813,777,731,809
774: 778,732,770,728,810,814
775: 779,733,811,771,729,815
776: 734,730,780,816,812,772
777: 731,735,781,817,813,773
778: 774,732,814,782,736,818
779: 775,733,815,819,737,783
780: 784,738,820,776,734,816
781: 785,739,821,817,777,735
782: 786,740,736,778,822,818
783: 737,741,779,819,823,787
784: 780,742,738,788,824,820
785: 743,739,781,789,821,825
786: 782,740,822,790,744,826
787: 823,783,741,827,791,745
788: 792,746,828,824,784,742
789: 793,747,829,825,785,743
790: 748,744,786,830,826,794
791: 827,831,787,749,745,795
792: 788,746,796,750,832,828
793: 747,789,833,797,751,829
794: 798,752,790,748,830,834
795: 835,799,831,791,749,753
796: 754,750,800,836,832,792
797: 897,833,801,751,755,793
798: 794,752,834,756
799: 835,795,753,757
800: 758,796,754,836
801: 837,759,897,797,755
802: 838,840,804,764,766,806
803: 805,839,841,765,767,807
804: 838,802,768,842,808,764
805: 803,843,809,769,839,765
806: 844,810,766,840,802,770
807: 811,841,803,767,845,771
808: 842,846,812,768,772,804
809: 813,847,843,769,773,805
810: 844,806,770,774,848,814
811: 807,845,771,849,815,775
812: 850,816,776,772,846,808
813: 817,851,777,847,809,773
814: 852,848,810,778,774,818
815: 811,853,849,779,775,819
816: 850,812,780,854,820,776
817: 813,855,821,781,851,777
818: 856,822,778,852,814,782
819: 823,853,815,779,857,783
820: 854,858,824,784,780,816
821: 825,859,855,785,781,817
822: 860,856,818,786,782,826
823: 819,787,861,857,783,827
824: 862,828,788,784,858,820
825: 821,863,829,789,859,785
826: 864,830,786,860,822,790
827: 831,791,861,823,787,865
828: 866,862,824,832,792,788
829: 833,863,793,789,825
830: 864,826,790,794,834
831: 827,791,865,835,795
832: 836,796,792,866,828
833: 897,797,829,793
834: 830,794,798
835: 799,795,831
836: 832,800,796
837: 801,897
838: 840,802,804,842,868,870
839: 871,869,841,843,803,805
840: 838,802,868,844,806,872
841: 869,839,803,873,845,807
842: 846,808,874,838,804,870
843: 875,847,809,871,839,805
844: 810,806,840,876,872,848
845: 877,873,841,807,811,849
846: 842,808,850,812,878,874
847: 875,843,879,851,813,809
848: 852,814,844,810,876,880
849: 881,853,877,845,811,815
850: 816,812,854,882,878,846
851: 883,879,855,817,813,847
852: 848,814,880,856,818,884
853: 881,849,815,885,857,819
854: 858,820,886,850,816,882
855: 887,859,821,883,851,817
856: 860,822,818,852,884
857: 885,861,853,819,823
858: 854,820,862,824,886
859: 887,855,863,821,825
860: 856,822,864,826
861: 857,823,865,827
862: 866,828,824,858
863: 829,859,825
864: 830,826,860
865: 861,827,831
866: 862,828,832
867: 833,863,829
868: 890,888,870,838,840,872
869: 871,839,841,891,889,873
870: 888,868,842,892,874,838
871: 869,839,893,875,843,889
872: 876,840,890,868,844
873: 877,845,891,869,841
874: 892,878,842,846,870
875: 847,843,879,893,871
876: 872,844,848,880
877: 873,845,881,849
878: 882,850,846,874
879: 883,851,875,847
880: 876,852,848,884
881: 853,849,877,885
882: 878,854,886,850
883: 879,851,887,855
884: 852,880,856
885: 857,881,853
886: 854,858,882
887: 859,855,883
888: 890,868,870,892
889: 891,893,871,869
890: 888,868,872
891: 889,869,873
892: 874,888,870
893: 875,889,871
895: 323,381,263,319,259
896: 590,594,536,532,540
897: 833,797,837,801