0: 1,531,458,361,3
1: 0,458,400,11,4,3,2
2: 11,4,12,3,400,583,1
3: 11,4,12,2,1,0,303
4: 11,12,3,2,1,303
5: 499,369,40,13,6
6: 326,415,369,5,40,26
7: 350,534,19
8: 388,413,453,403,437,9
9: 437,8,388,413,10
10: 550,388,9,400
11: 4,12,3,24,2,400,583,1
12: 11,4,3,24,2,583
13: 40,25,52,499,5
14: 26,337
15: 16
16: 55,70,15,54
17: 393,391,30,367
18: 30,45,31
19: 7,33
20: 21,35,33,47
21: 20,35,33
22: 23,65,66
23: 22,65,66
24: 11,12,583,567,37
25: 39,52,499,13
26: 14,40,6
27: 565,28,289,346
28: 565,512,27,456,41
29: 386,570,43,433
30: 17,45,367,18
31: 32,46,47,45,18
32: 31,46,47,45,48
33: 20,21,35,47,19
34: 49
35: 20,21,33
36: 51,65,66,50
37: 38,567,24
38: 37
39: 25,557,341
40: 13,5,6,26
41: 484,512,28,456
42: 58,57,433,485,43
43: 29,433,485,492,57,42
44: 336,330,61,60,507,491
45: 491,367,30,18,32,31,46
46: 32,31,45,491
47: 32,31,48,20,33
48: 64,32,47
49: 80,34
50: 65,66,51,36
51: 82,36,50
52: 53,25,13
53: 52,54,55
54: 53,55,16
55: 16,53,54
56: 383,320,72
57: 58,42,488,43
58: 372,57,42
59: 77,75,94,300,301,76
60: 61,397,288,507,330,44
61: 339,397,60,288,507,44
62: 436,63
63: 79,436,62
64: 48
65: 22,23,66,36,50
66: 117,22,23,65,36,50
67: 68
68: 84,67,83
69: 154,137,85,119
70: 16,87,71
71: 87,105,88,70
72: 73,474,56,320
73: 72,311,474
74: 480,90,500
75: 59,94,300,301,129,111,93,95
76: 290,300,59
77: 59,94
78: 405,93,329,95,94
79: 63,97,436
80: 49,81
81: 99,80
82: 51
83: 101,118,68,84,100
84: 68,100,101,83
85: 154,137,69,119
86: 104,506
87: 105,88,71,70
88: 87,105,71
89: 107,383,395,318,488
90: 107,488,74
91: 109,476,309,558
92: 110,463,431,569
93: 111,329,95,78,129,75,94
94: 59,77,75,93,95,78
95: 93,329,78,75,94
96: 114
97: 79
98: 135,115,131,116
99: 117,81
100: 84,118,101,83
101: 83,118,84,100
102: 103
103: 104,102
104: 103,86
105: 87,88,71
106: 124,541,348
107: 89,90,395,488
108: 126,471,401,494
109: 91,476,540,126
110: 127,92,463,520,398
111: 93,329,408,582,129,75
112: 130
113: 114,130,133
114: 113,96
115: 98,131,116
116: 134,131,98,115
117: 66,99
118: 100,101,83
119: 137,85,69
120: 121,138
121: 120,139
122: 139
123: 141,142,140
124: 106,125
125: 124,506
126: 108,471,540,401,109,476
127: 110,463,145,497,520
128: 571,455,146
129: 582,301,75,111,93,329
130: 112,113
131: 116,98,115
132: 149
133: 113,134
134: 133,116
135: 136,98,152
136: 135
137: 154,85,69,119
138: 120
139: 121,122
140: 159,141,142,123
141: 159,142,140,123
142: 159,141,140,123,158
143: 179,451,144,493,161,160,581
144: 451,143,508,493,160,414
145: 127,463,431,345,497
146: 424,162,128,163
147: 165,576,331
148: 180,166,167
149: 132,150
150: 149,151
151: 152,150
152: 151,135
153: 154
154: 137,85,69,153
155: 172
156: 173
157: 176,175,227
158: 493,159,142,581
159: 141,142,140,158
160: 161,581,179,451,143,144
161: 160,581,179,143
162: 424,146,163,164,180
163: 165,164,424,146,162
164: 165,163,162
165: 147,163,164
166: 148,167
167: 148,166
168: 183,185
169: 170
170: 169,188
171: 188
172: 173,155
173: 172,156
174: 192,193
175: 176,157,227
176: 175,157
177: 178
178: 196,177
179: 451,143,161,160,409
180: 148,424,162
181: 197,522
182: 198,183,184
183: 200,184,182,198,168
184: 200,183,182
185: 168,202
186: 203
187: 204,203
188: 171,170
189: 206,205
190: 206,205,191
191: 190
192: 174,193
193: 210,192,174
194: 543,299,211
195: 211,296,377,510,564
196: 178,212
197: 214,181,213
198: 182,183
199: 230,215,359,216,418
200: 183,184,257
201: 218,232,233,202
202: 185,201
203: 186,187
204: 187
205: 206,189,190
206: 189,190,207,205
207: 206
208: 239,225,432,402
209: 210,298
210: 193,209
211: 299,195,194,296
212: 467,304,196
213: 229,214,197,374
214: 197,213,374
215: 199,217,216,418
216: 217,199,215,418
217: 524,216,215
218: 201,232,245,535
219: 234
220: 235,272
221: 237,281,222
222: 281,237,221
223: 238
224: 240
225: 561,208,432,306
226: 306,321,561,314
227: 175,157
228: 243,362
229: 213,519,528
230: 199,495,502,244
231: 502,365,315,294
232: 258,233,245,257,218,201
233: 232,245,257,201
234: 235,219
235: 249,220,234
236: 249,263,250
237: 251,221,222
238: 223,252,308
239: 240,208
240: 239,224
241: 399,266,443
242: 243,321,548,533
243: 552,362,242,533,228
244: 578,560,230,495,359
245: 258,232,233,535,218
246: 334,535,464,258
247: 260,271,248
248: 328,511,536,247
249: 236,235,263,250
250: 281,263,249,236
251: 237,252,264
252: 264,308,251,238
253: 266,443,255,267
254: 404,255,268,267,555
255: 443,254,404,253,268,267,555
256: 545,268,466,489
257: 232,233,200
258: 232,245,246,535
259: 459,270,464,526,539
260: 247,271
261: 262,573,406
262: 261,263
263: 281,250,249,236,262
264: 252,308,251,265
265: 276,264
266: 253,241,443
267: 268,277,253,254,255
268: 277,466,267,254,255,555,256
269: 465,270,457,462,385
270: 259,459,269,457,539,575
271: 247,260
272: 279,351,220,347,273
273: 347,351,272,280
274: 310,282,338,275
275: 338,283,274,282,579,566
276: 265,371
277: 268,466,267,358,553
278: 279,351,511,380
279: 278,351,272
280: 473,382,347,273,406
281: 263,222,250,221
282: 579,274,275
283: 338,509,275,387,566
284: 525,569,514,354,422
285: 313,452,352,322,538
286: 379,345,530,417
287: 562,361,518
288: 61,339,60,330
289: 515,27,346
290: 343,426,300,423,76
291: 547,344,381
292: 428,416,447
293: 373,478,344,339,397,393
294: 411,407,502,231,365,495,560
295: 388,413,477,439,307,550
296: 410,384,195,211,377
297: 481,382,440,444
298: 364,543,209,384
299: 211,470,194,552
300: 301,423,290,76,59,75
301: 300,423,582,129,59,75
302: 484,320,318,485
303: 557,483,4,3
304: 212,327,467,390,363
305: 487,489
306: 226,321,561,225,470,432
307: 316,340,477,295,550
308: 252,264,238
309: 91,476,558
310: 444,450,274,338
311: 333,73,474,456,484
312: 375,563,333,515,565
313: 285,452,442,317
314: 545,226,368,319
315: 528,231
316: 307,340,562
317: 557,483,518,442,313,452
318: 485,488,383,302,89
319: 368,545,314,487
320: 56,383,72,474,302
321: 306,226,548,242
322: 394,538,285,352,415
323: 509,387,498
324: 325,342,389
325: 324,342,363,390
326: 6,415,513,337,546
327: 467,390,304,574,551
328: 248,511,536,575,505
329: 111,405,93,95,78,408,129
330: 336,44,60,288
331: 486,370,576,147
332: 338,509
333: 311,337,312,565,456
334: 246,535,464,536,539
335: 479,564,421,360,445
336: 330,44
337: 14,326,375,333
338: 509,283,275,310,274
339: 61,397,344,381,293,288
340: 316,307,458,562,531
341: 499,369,39,452,352
342: 324,325,363,409,389
343: 290,469,547,381
344: 291,381,293,478,339
345: 379,286,431,417,145
346: 527,289,512,27
347: 273,406,272,280
348: 414,106,493,540,541
349: 480,401,500,376
350: 7,461,534
351: 278,279,272,380,549,273
352: 285,452,369,341,322
353: 373,478,542,425
354: 422,514,284
355: 427,438
356: 534,568
357: 378,514,544,431,569
358: 396,580,277,553
359: 199,244,418,435
360: 551,421,335
361: 562,287,0,531,518,483
362: 243,552,501,228
363: 409,390,304,325,342
364: 298,543,402
365: 231,407,294
366: 549,454,472,482,382
367: 507,45,491,393,17,30
368: 319,446,314
369: 499,5,341,352,6,415
370: 497,520,475,576,331
371: 579,276,396
372: 58,492,427,438
373: 293,353,478,425,393,391
374: 441,214,213,524
375: 312,563,546,337
376: 494,438,349
377: 574,421,410,296,195,564
378: 514,357,544
379: 286,431,345,544
380: 549,454,278,351
381: 547,344,291,343,339
382: 473,280,366,549,297
383: 56,320,395,318,89
384: 410,296,298,543
385: 462,465,269,537
386: 570,29,517,492,412
387: 498,580,566,509,283,323
388: 8,295,413,9,550,10
389: 324,342
390: 327,304,363,325
391: 393,17,425,373,523
392: 516,468
393: 17,391,373,293,397,507,367
394: 322,538,513
395: 383,89,107
396: 358,579,371,580,566
397: 61,339,60,293,393,507
398: 582,110,520,486
399: 241,443,404
400: 583,458,550,10,1,11,2
401: 540,541,500,349,108,126
402: 432,208,364
403: 453,8
404: 443,254,255,399,561,555
405: 329,78
406: 347,473,280,261
407: 411,294,365
408: 111,329
409: 363,179,451,342
410: 296,384,467,574,377
411: 407,294,448,503,560
412: 386,492,427
413: 8,295,388,453,439,9
414: 348,540,144,508
415: 6,326,513,369,322
416: 428,292,448,503
417: 434,286,345
418: 216,199,215,359
419: 573
420: 454,468,505,511,516
421: 574,377,564,335,360,551
422: 354,529,525,284,426
423: 300,301,525,290,426
424: 146,162,163,532,180
425: 373,353,523,391
426: 290,469,422,525,423
427: 355,372,492,412
428: 416,521,292,459,447
429: 583,567
430: 572,556,571
431: 379,345,357,569,92,463,145
432: 470,402,208,225,306
433: 485,570,29,43,42
434: 417,572,475
435: 464,526,359,578
436: 79,63,62
437: 9,8
438: 376,372,480,355
439: 477,577,295,413
440: 473,297,444
441: 532,374
442: 518,317,313
443: 404,255,266,253,399,241
444: 450,310,440,297
445: 335,360
446: 368
447: 465,428,292
448: 411,503,416
449: 477,577
450: 444,310
451: 179,143,144,508,160,409
452: 285,313,352,557,317,341
453: 568,403,8,413
454: 420,516,366,380,472
455: 576,556,571,128
456: 565,28,333,311,41,484
457: 575,270,269,462,505
458: 550,340,400,1,0,531
459: 259,270,428,526
460: 529,547,469
461: 523,350
462: 468,385,505,269,457,537
463: 127,92,110,145,431
464: 435,526,259,246,334
465: 447,269,385
466: 268,277,553,256,489
467: 212,327,304,410,574
468: 462,505,537,420,392
469: 343,426,460,529,547
470: 432,306,548,299
471: 108,126,494,476
472: 554,482,454,516,366
473: 280,382,440,406
474: 73,72,311,320,484
475: 497,370,434,556
476: 109,91,126,471,309
477: 449,439,295,307
478: 373,293,353,542,344
479: 490,564,335
480: 74,349,500,438
481: 297
482: 554,472,366
483: 557,317,303,361,518
484: 302,41,311,474,456
485: 318,302,433,43,42
486: 331,520,398
487: 305,489,545,319
488: 318,89,90,107,57
489: 305,487,466,256,545
490: 479,510,501
491: 507,45,367,44,46
492: 372,386,43,412,427
493: 158,581,348,143,144
494: 376,108,471
495: 230,502,294,244,560
496: 498,580,553
497: 370,520,475,127,145
498: 387,580,496,323
499: 369,5,341,25,13
500: 541,401,480,74,349
501: 552,362,490,510
502: 231,294,230,495
503: 578,560,411,448,416,521
504: 522
505: 462,468,457,575,328,511,420
506: 86,125
507: 491,367,61,397,60,393,44
508: 451,144,414
509: 338,283,332,387,323
510: 490,564,195,501
511: 328,248,505,420,278
512: 28,41,527,346,570
513: 326,415,394,546
514: 378,357,354,569,284
515: 289,312,563
516: 392,420,454,472
517: 527,386,570
518: 442,361,287,317,483
519: 522,229
520: 497,370,127,110,398,486
521: 428,578,503,526
522: 519,504,181
523: 461,425,391
524: 217,374
525: 284,422,426,423
526: 435,464,521,259,459
527: 517,346,512
528: 315,229
529: 422,460,469
530: 286,417
531: 0,340,458,562,361
532: 441,424
533: 243,242
534: 356,350,7
535: 246,334,258,245,218
536: 539,575,334,328,248
537: 462,468,385
538: 394,322,285
539: 536,575,259,270,334
540: 541,401,414,348,126,109
541: 540,401,500,106,348
542: 353,478
543: 364,298,194,384
544: 378,357,379
545: 256,314,487,489,319
546: 375,563,326,513,559
547: 291,381,460,343,469
548: 321,470,552,242
549: 366,380,351,382
550: 458,10,295,388,307,400
551: 360,327,574,421
552: 243,362,501,548,299
553: 358,496,277,466
554: 472,482
555: 561,254,404,255,268
556: 576,455,430,475
557: 317,483,303,39,452
558: 91,309
559: 563,546
560: 244,578,503,411,294,495
561: 555,225,404,306,226
562: 361,287,316,340,531
563: 312,375,546,559,515
564: 479,510,335,195,377,421
565: 28,27,456,312,333
566: 387,580,579,283,275,396
567: 583,429,24,37
568: 577,453,356
569: 284,514,357,431,92
570: 386,29,512,433,517
571: 128,430,455
572: 430,434
573: 261,419
574: 377,421,410,327,467,551
575: 536,457,539,270,505,328
576: 455,556,370,331,147
577: 568,449,439
578: 244,503,560,521,435
579: 282,371,275,396,566
580: 387,498,566,496,396,358
581: 161,160,493,158,143
582: 398,129,301,111
583: 400,429,567,11,12,24,2