0: 483,531,400,1,557,303
1: 400,2,11,583,0,303,12
2: 400,1,11,583,12,24
3: 303,4,557,452,352
4: 303,12,3,39
5: 6,40,369,499,13
6: 326,40,415,5,369
7: 437,403,19
8: 437,388,550,9,429
9: 10,429,8,458,550
10: 9,458,400,583
11: 1,2,583,12,24
12: 303,4,1,2,11,24
13: 25,499,5
14: 311,40,26,337,333
15: 16
16: 55,70,15
17: 30,491,367,461,350
18: 31,30,491,45
19: 35,33,7
20: 21,35,33
21: 35,33,20
22: 23
23: 22,65
24: 2,11,37,12
25: 13,39,499
26: 40,337,14
27: 28,484,565,456,512
28: 27,484,302,41,570
29: 485,492,43,372
30: 17,491,367,45,18,31
31: 18,30,491,45,46,47,32,64
32: 48,47,64,45,46,31
33: 21,19,35,20
34: 49
35: 21,19,33,20
36: 50,65,66,51
37: 38,24
38: 37
39: 499,4,25
40: 6,326,5,26,337,14
41: 28,302,318,433,485
42: 58,57,488,43
43: 485,29,488,42,57
44: 60,330,61,336
45: 30,491,46,18,31,47,32
46: 491,45,31,32,64
47: 48,32,64,45,31
48: 47,32,64
49: 80,34
50: 36,65,66,51
51: 82,65,36,50
52: 53,54
53: 54,52,55
54: 53,52,55,70
55: 16,70,53,54
56: 383,73,72,395
57: 42,58,89,43
58: 500,42,57,89
59: 76,300,75
60: 44,330,507,61,336
61: 330,507,367,44,60
62: 63,79
63: 62,79
64: 48,47,32,46,31
65: 23,66,51,36,50
66: 65,36,50
67: 68
68: 67,84
69: 154,85,153
70: 55,16,54,87
71: 88,105,102
72: 73,383,395,56,506
73: 72,383,56
74: 90,348,541
75: 94,93,111,95,129,301,300,59
76: 288,290,300,59
77: 94,95
78: 436,94,95
79: 97,62,63
80: 49,81,99,117
81: 80,99,117
82: 51
83: 84,101,118
84: 83,101,68
85: 154,137,153,69
86: 104
87: 88,105,70
88: 105,87,71
89: 107,58,57
90: 74,107,125
91: 389,342,109
92: 525,463,423,110
93: 94,75,111,95,129
94: 75,93,95,77,78
95: 94,75,93,111,77,78,436
96: 114
97: 79
98: 115,116,131,134
99: 117,80,81
100: 118
101: 84,83,118
102: 103,71
103: 102,104
104: 86,103
105: 88,87,71
106: 124,125,581
107: 89,90
108: 558,476,309,414,126,109
109: 508,126,108,91
110: 582,398,92,463,127
111: 75,93,95,129,405,329,436
112: 113,130,405,436
113: 112,130,114,133
114: 96,113,130
115: 98,116,131
116: 115,98,134,136
117: 99,80,81
118: 100,83,101
119: 137
120: 138,121,122
121: 120,139,122
122: 120,121,139
123: 140,141,142
124: 125,106
125: 124,90,106
126: 508,414,109,108,476
127: 145,463,582,110,398
128: 146,576,331
129: 75,93,111,301,329
130: 113,112,114
131: 115,98
132: 149
133: 113,134
134: 133,98,116
135: 152,151,136
136: 116,135
137: 154,85,119
138: 120
139: 121,122
140: 123,141,142
141: 142,123,140
142: 159,141,123,140
143: 144,161,160,451,409
144: 143,581,160,451
145: 127,431,463,520,398
146: 128,147,164,165,162,163
147: 331,146,165
148: 166,167,180
149: 150,132
150: 149,152,151
151: 135,152,150,169
152: 135,151,150
153: 154,85,69
154: 137,85,153,69
155: 172,173
156: 173
157: 227,175
158: 160,159
159: 142,158
160: 161,158,143,144,409
161: 160,143,409,179
162: 180,163,146
163: 162,180,146,164,165
164: 165,146,163
165: 164,147,146,163
166: 148,167
167: 148,166,180
168: 184,183,185
169: 170,151
170: 169,188
171: 188
172: 173,155
173: 172,155,156
174: 192,209,210,193
175: 176,157
176: 175
177: 178
178: 196,177
179: 409,363,161,467,304
180: 162,163,148,167
181: 214,197,213
182: 183,198,200,184
183: 182,200,184,168
184: 200,168,183,182
185: 202,168
186: 203
187: 204,203
188: 171,170
189: 206,205
190: 206,205,191
191: 190
192: 227,174,209,210,193
193: 209,210,192,174
194: 470,211,402,364
195: 211,543,296,299,510
196: 178,467,212
197: 214,181,213,424
198: 182
199: 524,215,244,418
200: 184,183,182
201: 202,218
202: 201,185
203: 186,187
204: 187
205: 206,189,190
206: 189,190,207,205
207: 206
208: 225,432
209: 210,193,192,174
210: 209,193,192,174
211: 470,195,194,543,364
212: 467,196,410
213: 532,229,214,197,181
214: 197,181,213,532,424
215: 524,199,216
216: 217,441,215
217: 216,441,532
218: 201
219: 234,235,220
220: 236,219,235
221: 222,237
222: 221,281,237
223: 238,252
224: 240
225: 399,208,561,226,432
226: 561,225,555
227: 192,157
228: 242,368,243,548,533
229: 522,213
230: 231,502,524,244,495
231: 230,528,315,502
232: 245,258,233
233: 257,245,232
234: 219,235
235: 219,234,220
236: 250,220,249,263
237: 222,221,251
238: 252,223,264
239: 240
240: 224,239
241: 308,266,443,254,267,255
242: 228,368,314,243
243: 321,548,242,228,368
244: 524,199,230,495,418
245: 232,258,233,535
246: 258,535,464
247: 260,271,248
248: 260,247,271
249: 272,273,279,236
250: 236,262,263
251: 237,252,264
252: 238,223,251,264
253: 264,265,266
254: 277,267,255,268,241,443,256,404
255: 277,254,267,268,241,443
256: 555,404,254,268,358,466
257: 233
258: 246,245,232,535
259: 435,270,464,334
260: 247,271,248,279
261: 262
262: 263,250,261
263: 262,281,250,236
264: 253,265,251,238,252
265: 253,264,276
266: 308,241,253
267: 277,254,255,268,241
268: 277,254,267,255,256,404
269: 526,270,459,539,457
270: 259,526,269,334,539
271: 260,247,248
272: 273,280,249,279,351
273: 272,280,249,351,549
274: 310,282,275,473,440
275: 310,282,274,573,419,283
276: 573,265
277: 254,267,255,268,371,396
278: 279,351,328,511
279: 278,351,260,272,249
280: 272,273,351,380,549
281: 263,222
282: 310,274,275,406,573,283
283: 338,419,579,310,282,275
284: 525,569,354,514,422
285: 352,313,452,538
286: 417,345,379
287: 518,562,361
288: 76,343,290,381,339
289: 346,565,312,515
290: 288,76,343,300,423
291: 547,344
292: 416,428
293: 478,373,344,339,393,397
294: 502,365,407,495,560
295: 477,439,388,307,550
296: 377,543,384,195,510,564
297: 481,440,444
298: 543,364,384
299: 510,195,552,501
300: 301,423,76,290,59,75
301: 300,75,129
302: 28,484,41,474,320,318
303: 4,12,3,0,1,557
304: 467,327,179,363,390
305: 489,487
306: 561,432,402,470,321
307: 340,550,477,295,316
308: 266,241,443,399
309: 108,558,476
310: 282,274,275,440,444,450,283
311: 474,14,333,456,484
312: 333,563,515,565,456,289
313: 442,452,317,285
314: 545,242,368,319
315: 528,231,502,365
316: 562,307,340
317: 557,452,518,483,313,442
318: 395,383,320,302,41
319: 446,314,487,368
320: 383,474,302,318
321: 243,548,306,470
322: 352,513,394,415
323: 387,498
324: 325,389
325: 390,324,363,342
326: 6,40,415,513,337,375
327: 574,467,304,390,551
328: 505,511,575,278
329: 405,582,408,111,129
330: 507,397,61,336,44,60
331: 486,147,370,576,128
332: 509
333: 337,312,375,311,14,456
334: 539,536,259,270,464
335: 421,445,360,479
336: 330,44,60
337: 333,375,326,40,26,14
338: 579,283,450,509
339: 381,344,293,288,397
340: 307,458,562,316,361,531
341: 369,499,352,415
342: 389,91,325
343: 288,290,426,469,381
344: 381,339,291,547,478,293
345: 286,417,379,431,497,520
346: 565,289,527,512
347: 382,473,549,366
348: 541,540,74,493,414
349: 480,376,500,541,401
350: 534,17,461
351: 278,279,511,272,273,280,380
352: 322,285,452,3,341
353: 373,542,425
354: 514,422,284
355: 438,427,376
356: 534,568
357: 544,379,514,569,431
358: 553,466,396,580,256
359: 418,560,578
360: 421,335,551
361: 483,531,562,340,287,518
362: 501,548,552
363: 409,179,304,325,390
364: 298,543,211,194
365: 294,502,315,407
366: 549,454,482,472,382,347
367: 17,30,491,391,507,61
368: 242,228,314,243,446,319
369: 499,341,6,415,5
370: 497,520,475,576,486,331
371: 419,579,277,396,566
372: 438,427,29,492
373: 478,353,293,425,393,523
374: 441,524
375: 337,333,326,563
376: 349,480,438
377: 296,410,384,574,564,421
378: 514,544
379: 544,357,286,345,431
380: 549,454,351,511,280
381: 344,339,547,288,343
382: 347,473,366,482
383: 320,73,72,395,318,56
384: 298,543,377,296,410
385: 457,462,465
386: 570,433,517,492,412
387: 323,498,509,580,566
388: 437,413,8,295,550
389: 91,342,324
390: 325,363,327,304
391: 393,523,507,367,461
392: 468,516
393: 523,391,373,293,507,397
394: 538,322
395: 488,318,383,72,56
396: 580,566,371,277,358
397: 330,507,293,339,393
398: 582,110,145,127,520,486
399: 225,308,443
400: 1,2,583,458,10,0,531
401: 540,349,471,494
402: 306,432,470,194
403: 453,437,413,7
404: 256,555,443,254,268
405: 329,111,436,112
406: 573,282
407: 411,294,365,560
408: 582,329
409: 179,363,143,161,160
410: 377,384,574,467,212
411: 407,448,560,503
412: 386,427
413: 437,388,453,403,439
414: 508,126,348,540,108,476
415: 6,326,322,369,341,513
416: 292,448,503
417: 286,345,530,434,497
418: 359,495,199,244
419: 579,371,283,573,275
420: 505,511,468,516,454
421: 335,360,574,377,551
422: 426,529,354,284,525
423: 300,426,92,525,290
424: 214,197
425: 353,373,523
426: 469,422,525,343,423
427: 438,372,412
428: 292,521,459,447
429: 9,8
430: 556,572,571
431: 145,379,357,345,569,520
432: 561,306,208,225,402
433: 570,386,41,485,492
434: 572,417,530,475
435: 259,526,521,578
436: 78,111,95,405,112
437: 388,413,8,7,403
438: 372,427,480,376
439: 295,453,577,413
440: 473,297,310,274,444
441: 532,374,216,217,524
442: 313,518,317
443: 308,241,254,255,399,404
444: 450,440,297,310
445: 335
446: 319,368
447: 459,428,465
448: 411,503,416
449: 577,477
450: 444,310,338
451: 143,144,581
452: 557,317,313,3,352,285
453: 568,403,439,413
454: 380,366,420,511,516,472
455: 556,571
456: 565,333,312,311,27,484
457: 385,575,269,459,539
458: 340,550,10,9,531,400
459: 447,428,526,269,457
460: 547,469,529
461: 17,523,391,350
462: 385,537,505,468
463: 92,525,569,145,127,110
464: 535,246,259,334
465: 447,385
466: 553,358,256,555,545,489
467: 574,327,304,212,196,179,410
468: 392,462,537,420,505
469: 426,529,547,460,343
470: 211,194,402,306,321
471: 494,540,401,476
472: 482,554,516,454,366
473: 382,347,440,274
474: 311,320,484,302
475: 556,434,497,370
476: 108,309,414,126,471
477: 295,449,307
478: 373,293,542,344
479: 490,564,335
480: 349,376,500,438
481: 297
482: 554,472,366,382
483: 361,0,531,518,557,317
484: 28,27,302,311,474,456
485: 29,492,43,41,488,433
486: 331,520,370,398
487: 305,319
488: 395,485,43,42
489: 305,553,466,545
490: 510,564,501,479
491: 17,30,367,45,46,18,31
492: 485,29,433,386,372
493: 581,348,508
494: 471,401
495: 418,230,294,502,244,560
496: 580,498,553
497: 520,370,417,345,475
498: 323,387,580,496
499: 369,39,341,25,13,5
500: 58,349,480,541
501: 362,552,490,299,510
502: 294,365,315,230,231,495
503: 521,578,411,448,416
504: 522
505: 328,420,511,462,468
506: 72
507: 330,397,61,393,391,367,60
508: 414,126,493,109
509: 332,338,579,566,387
510: 490,299,564,195,296,501
511: 328,420,505,278,351,380,454
512: 527,346,565,27,570
513: 546,322,326,415
514: 354,378,357,284,569
515: 563,312,289
516: 392,420,454,554,472
517: 570,386,527
518: 287,361,483,442,317
519: 
520: 497,370,345,145,431,398,486
521: 503,578,428,435,526
522: 229,504
523: 393,391,425,373,461
524: 199,215,244,441,230,374
525: 284,92,463,426,422,423
526: 435,270,269,521,459
527: 512,346,570,517
528: 315,231
529: 469,422,460
530: 417,434
531: 361,0,483,458,340,400
532: 441,213,214,217
533: 228
534: 350,356
535: 464,258,246,245
536: 334,539,575
537: 462,468
538: 285,394
539: 334,536,270,269,457,575
540: 348,541,401,414,471
541: 348,540,500,74,349
542: 478,353
543: 298,364,384,195,211,296
544: 379,357,378
545: 314,555,466,489
546: 513,559,563
547: 291,460,469,381,344
548: 321,243,552,228,362
549: 380,366,273,280,347
550: 307,458,295,388,8,9
551: 574,327,421,360
552: 548,299,362,501
553: 358,466,496,489
554: 482,472,516
555: 256,404,466,226,545
556: 475,576,455,430
557: 452,317,0,483,303,3
558: 108,309
559: 546
560: 578,294,407,411,359,495
561: 226,306,432,225
562: 316,340,287,361
563: 546,312,375,515
564: 490,510,377,296,479
565: 346,456,289,312,27,512
566: 396,580,579,371,509,387
567: 583
568: 453,577,356
569: 284,463,514,357,431
570: 433,386,517,28,527,512
571: 455,430
572: 434,430
573: 406,282,275,276,419
574: 467,327,377,410,551,421
575: 457,539,536,328
576: 556,370,331,128
577: 568,449,439
578: 521,560,503,359,435
579: 338,419,371,283,509,566
580: 396,566,387,498,358,496
581: 144,106,493,451
582: 110,398,408,127,329
583: 400,1,2,11,10,567