0: 1,400,583,557
1: 0,12,583,10,11,2
2: 11,583,10,1,12
3: 4,303,341,352
4: 303,12,3
5: 13,369,6,499
6: 369,499,5,337
7: 567,19,437,429
8: 458,429,567,9,531
9: 583,8,567,10
10: 583,9,1,2
11: 2,24,1,12
12: 4,1,11,2,24
13: 5,25,499
14: 26,311
15: 16,383
16: 15,55
17: 350,30,491
18: 30,45,491,46,31,32
19: 7,33,35,47
20: 21,33,35,47,48
21: 33,20,35
22: 23,38
23: 22,65
24: 11,37,12
25: 13,39
26: 14,40
27: 318,28,302,433,41
28: 318,27,395,485,41
29: 43,488,42,480,500,372
30: 45,491,18,17,31
31: 64,32,30,45,46,18
32: 64,31,45,46,18
33: 21,20,35,47,48,19
34: 49
35: 21,33,20,19
36: 51,50,82,65,66
37: 24,38
38: 22,37
39: 40,25
40: 39,26
41: 485,28,27,488
42: 56,57,43,29,500,541
43: 488,29,56,57,42,72,500
44: 60,61,45,46
45: 30,491,46,18,44,31,32
46: 45,18,44,31,32
47: 33,20,64,48,19
48: 64,33,20,47
49: 34,97,80
50: 36,51,65,66
51: 36,50,82,65,66
52: 53
53: 52,54
54: 53,55
55: 54,16
56: 57,42,72,73,43
57: 56,42,43,541,58
58: 348,541,57
59: 75,77,336,76
60: 44,61
61: 60,44,367,507
62: 63
63: 62,79
64: 31,32,48,47
65: 66,23,36,51,50
66: 65,36,51,50
67: 68
68: 67,84
69: 85,153,101
70: 87
71: 88,506
72: 56,73,43
73: 506,56,72
74: 90
75: 59,77,93,129,111,94
76: 330,397,59,336
77: 59,75,94
78: 94,95,112
79: 97,63,131
80: 97,81,49,117,99
81: 80,117,99
82: 36,51
83: 84,101,100,118
84: 83,101,68
85: 69,153,154
86: 104
87: 70,102,105
88: 71,105
89: 107,90
90: 107,74,89
91: 342,109,363
92: 110,127,423,463,290
93: 75,129,111,94,95
94: 95,78,75,77,93
95: 94,78,93,111,112
96: 113,114
97: 80,79,49
98: 115,116,131,134
99: 117,81,80
100: 118,83,101
101: 84,83,100,118,153,69
102: 105,87,103
103: 104,102
104: 103,138,86
105: 102,87,88
106: 124,125
107: 90,89
108: 126,109,476,508
109: 91,342,126,108,451
110: 92,127,301,463
111: 129,436,75,93,95
112: 113,130,95,78
113: 112,130,96,114
114: 113,130,96
115: 98,116,131,134
116: 115,98,134,136
117: 99,81,80
118: 153,100,83,101
119: 154,137
120: 138,121,139
121: 120,138,122,139
122: 139,121
123: 142,141,140
124: 125,106
125: 124,106
126: 109,108,581,451,476,508
127: 92,110,301,463,582,329,145
128: 408,146
129: 436,111,75,93
130: 113,112,114
131: 115,98,79
132: 149,150
133: 134
134: 133,115,98,116
135: 152,136,151
136: 135,152,116
137: 154,119
138: 120,121,104
139: 122,120,121
140: 142,141,123
141: 142,140,123,159
142: 141,140,123,159
143: 409,160,144
144: 363,304,143
145: 582,463,569,431,127
146: 162,163,128
147: 405,163,165,164
148: 164,180,167,166
149: 132,151,150
150: 132,149,152,151
151: 135,152,149,150
152: 135,136,151,169,150
153: 118,154,101,69,85
154: 119,153,85,137
155: 172,173
156: 172,173
157: 175,227
158: 159
159: 158,142,141
160: 161,409,143
161: 179,409,160
162: 146,163,164,180
163: 162,146,147,165,164
164: 148,180,147,162,163,165
165: 147,163,164
166: 148,167
167: 148,180,166
168: 185,202
169: 152,170
170: 188,169,171
171: 188,170
172: 173,155,156
173: 172,155,156
174: 192,193
175: 157,227,176
176: 175
177: 196,178
178: 212,196,177
179: 161,409,410,467,384
180: 148,164,167,162
181: 576,197,331
182: 183,198,184,200
183: 182,184,200
184: 183,182,200
185: 168,202,186
186: 202,203,185,187
187: 204,203,186
188: 170,171
189: 206,190,205
190: 206,189,205,191
191: 190
192: 174,210,193
193: 210,174,192
194: 211,195,402
195: 211,364,194,402,470,299
196: 212,178,177
197: 181,213,214
198: 182
199: 441,215
200: 216,217,183,182,184
201: 202,218
202: 201,186,168,185
203: 186,204,187
204: 187,203
205: 206,190,189
206: 207,190,189,205
207: 206,252
208: 561,399,432,225
209: 210
210: 209,193,192
211: 195,364,194,402
212: 196,178,298,364
213: 229,455,197,214,424
214: 197,213,424
215: 216,217,199
216: 215,200,217
217: 215,216,200
218: 232,233,257,201
219: 234
220: 234,235
221: 281,222,237
222: 281,221,237
223: 238,264,252
224: 240
225: 226,561,208,399
226: 308,443,225,399
227: 157,175
228: 242,314,243,321,306
229: 213,455,424
230: 231,244,374
231: 522,230
232: 245,233,257,218,258
233: 245,232,257,218
234: 220,219,235
235: 234,220
236: 249,250,262,263
237: 222,221,251
238: 264,223,252
239: 240
240: 239,224
241: 254,266,255,253,267
242: 545,314,228,555,243
243: 561,306,242,314,228
244: 528,230,374,502
245: 232,233,257,258,246,535
246: 245,258,535
247: 248,260,464,271
248: 247,260,464
249: 236,250
250: 249,236,262,263
251: 237
252: 238,264,223,207
253: 266,241
254: 255,241,267,308,268,443
255: 254,266,241,267,268
256: 396,371,268,443,404,358
257: 245,232,233,218
258: 245,232,246,535
259: 418,359,435,270
260: 248,247,271,279
261: 262,273
262: 261,263,250,236
263: 262,250,236
264: 238,223,252,265
265: 264,276
266: 255,241,253
267: 277,419,371,254,255,241,268
268: 308,443,254,255,267,371,256
269: 435,270,526,464,334
270: 435,269,259,464
271: 278,247,260,279
272: 351,279,273,280
273: 272,351,261,280,380
274: 282,473,347,275
275: 283,406,282,274,473
276: 265
277: 419,267,573
278: 271,536,575,351,279,328
279: 272,351,260,271,278
280: 272,351,273,380
281: 222,221
282: 274,473,275
283: 275,406,573,440,310
284: 525,422,354,514,569,357
285: 452,313,538,352
286: 417,379,345
287: 562,518
288: 300,290,381,343,339
289: 346,515,312,565
290: 288,300,343,423,92
291: 547,344
292: 416,428
293: 339,397,478,393,373
294: 365,495,407,411,418,560
295: 388,439,477,307,550
296: 384,377,564,543
297: 481,440,444
298: 212,364,384,543
299: 510,543,195,364,470,552
300: 288,290,336
301: 110,127,329,436,405
302: 318,27,320,474,484,433
303: 4,557,452,352,3
304: 363,144,409,327,467,390
305: 487,489
306: 321,402,470,432,243,228
307: 316,340,477,295,550
308: 226,268,443,254
309: 558
310: 440,444,283,573,450,338
311: 456,337,14,474
312: 333,563,289,515,565
313: 442,285,452
314: 368,545,319,242,228,243,321
315: 528,502,365
316: 562,340,307
317: 557,452,483,518
318: 28,27,302,320,395,383
319: 368,545,314,487,446
320: 318,302,474,383
321: 306,470,368,314,228,548,533
322: 341,394,415,513
323: 387,498,332
324: 389,325
325: 390,342,363,324
326: 513,415,369,375
327: 574,467,304,390,551
328: 505,511,278,575,351
329: 582,408,127,301
330: 76,393,397,391,507
331: 486,370,576,181
332: 509,323
333: 312,563,375,456,337
334: 464,536,269,526,539
335: 479,421,360,445
336: 59,300,76
337: 311,6,333
338: 450,579,573,310,419
339: 293,397,344,381,288
340: 316,307,550,458,361,531
341: 322,352,415,3
342: 91,109,389,325
343: 426,381,469,423,288,290
344: 547,291,478,381,339
345: 520,497,379,286
346: 289,512,565,527
347: 473,382,366,549,274
348: 541,58,493,540
349: 541,480,500,376,401
350: 461,17,491
351: 272,279,273,278,328,280
352: 341,285,452,303,3
353: 542,425,373
354: 514,529,422,284
355: 438
356: 534,568,453
357: 569,431,514,379,284
358: 466,553,404,256,396,580
359: 259,418,560,578,435
360: 551,335,421
361: 483,518,562,340,531
362: 548,552,501
363: 144,304,91,325,390
364: 211,195,212,298,299,543
365: 294,315,495,502,407
366: 454,549,472,347,382,482
367: 391,461,507,491,61
368: 319,314,321,446,533
369: 6,499,415,326,5
370: 520,497,475,486,331,576
371: 419,267,579,268,256,396,566
372: 480,438,485,488,29,427
373: 523,393,353,425,293
374: 441,230,244,524
375: 333,563,326
376: 480,438,349,401
377: 384,296,574,410,421
378: 544,514
379: 544,286,357,345
380: 454,549,273,511,280
381: 343,469,547,344,339,288
382: 473,347,366,482,440
383: 395,15,318,320
384: 377,296,179,298,410,543
385: 462,465,457
386: 517,570,492,412
387: 323,498,509,566,580
388: 295,413,437,550,429
389: 324,342
390: 325,363,304,327
391: 461,367,507,523,393,330
392: 468,516
393: 523,373,293,397,391,330
394: 538,322
395: 506,383,318,28
396: 256,566,580,371,358
397: 339,293,393,330,76
398: 582,408,431,520,486
399: 561,208,225,226
400: 583,531,483,0
401: 471,540,349,494,376
402: 306,470,432,211,195,194
403: 437,413
404: 443,256,555,466,358
405: 147,301,436
406: 275,283,573
407: 411,294,365
408: 582,329,398,486,128
409: 161,179,160,143,304,410,467
410: 574,467,179,409,384,377
411: 407,448,294,560,503
412: 386,427
413: 388,439,453,403
414: 476,508,471,540,558
415: 322,341,326,513,369
416: 503,448,292
417: 286,434,530,497
418: 259,359,560,495,294
419: 277,267,371,573,338,579
420: 505,511,468,454,516
421: 335,574,377,360,551
422: 525,284,529,354,426
423: 525,463,426,343,290,92
424: 229,213,214
425: 353,523,373
426: 343,469,525,422,423
427: 492,412,372,438
428: 521,459,292,447
429: 550,458,8,388,567,7
430: 571,572,556
431: 569,357,520,145,398
432: 561,208,402,306
433: 492,27,302,570
434: 530,572,417,475
435: 270,269,526,259,359,578
436: 129,111,301,405
437: 403,388,7
438: 480,372,427,355,376
439: 453,577,295,413
440: 310,444,473,382,283,297
441: 532,374,524,199
442: 518,313
443: 226,308,268,404,254,256
444: 440,310,297,450
445: 335
446: 533,368,319
447: 465,459,428
448: 411,416
449: 577
450: 338,310,444
451: 581,126,109
452: 285,557,317,313,303,352
453: 439,356,568,413
454: 366,380,549,420,511,472
455: 576,556,571,229,213
456: 311,333,484,565,474
457: 539,575,536,385
458: 550,429,8,340,531
459: 521,428,526,447,539
460: 529,547,469
461: 391,367,350
462: 385,505,537,468
463: 525,423,569,92,110,127,145
464: 334,270,269,248,247
465: 447,385
466: 358,553,404,555,489
467: 574,327,410,179,409,304
468: 537,392,462,420,505,516
469: 426,381,343,460,529,547
470: 321,402,306,195,299,548,552
471: 401,540,494,414
472: 516,554,366,454,482
473: 347,382,282,274,275,440
474: 302,320,456,311,484
475: 556,434,497,370
476: 414,508,126,108,558
477: 295,307
478: 542,344,293
479: 335,564,490
480: 500,372,438,29,349,376
481: 297
482: 366,554,472,382
483: 361,518,400,531,557,317
484: 512,565,456,302,474
485: 492,41,28,488,372
486: 331,520,370,398,408
487: 305,489,319
488: 43,29,485,41,372
489: 305,487,466,545
490: 510,564,501,479
491: 30,45,18,350,367,17
492: 485,433,386,427
493: 581,348,540,508
494: 471,401
495: 524,502,294,365,418
496: 580,498,553
497: 520,345,370,417,475
498: 387,323,496
499: 369,6,5,13
500: 480,43,29,42,541,349
501: 510,362,552,490
502: 495,244,315,365
503: 416,411,560,578
504: 522
505: 328,420,511,575,462,468
506: 395,71,73
507: 391,367,330,61
508: 414,476,581,493,126,108
509: 579,332,387
510: 299,564,501,543,552,490
511: 328,420,505,380,454
512: 484,346,527,570
513: 326,546,322,415
514: 354,378,544,284,357
515: 289,312
516: 554,472,420,392,468
517: 386,527
518: 483,361,442,287,317
519: 528
520: 345,497,370,431,398,486
521: 459,428,578,526
522: 231,504
523: 393,373,425,391
524: 495,441,374
525: 422,423,463,284,426,569
526: 435,269,521,459,334,539
527: 517,570,346,512
528: 519,244,315
529: 460,354,469,422
530: 434,417
531: 400,340,458,8,483,361
532: 441
533: 446,321,368,548
534: 356
535: 246,245,258
536: 334,278,457,539,575
537: 468,462
538: 394,285
539: 457,526,459,334,536
540: 471,401,348,493,414
541: 348,58,349,57,42,500
542: 353,478
543: 510,299,298,364,384,296
544: 378,379,514
545: 319,242,314,555,489
546: 513,559
547: 344,291,460,381,469
548: 362,552,321,470,533
549: 366,380,454,347
550: 458,429,388,295,340,307
551: 360,574,327,421
552: 362,548,470,510,299,501
553: 466,358,580,496
554: 516,472,482
555: 404,466,545,242
556: 475,430,576,455
557: 452,317,483,303,0
558: 309,414,476
559: 546
560: 418,359,578,294,411,503
561: 208,399,432,225,243
562: 316,287,361
563: 312,333,375
564: 510,296,479,490
565: 484,312,456,289,346
566: 396,580,371,579,387
567: 7,429,8,9
568: 577,356,453
569: 357,431,525,463,284,145
570: 386,527,512,433
571: 430,455
572: 434,430
573: 283,406,310,277,419,338
574: 327,410,467,377,551,421
575: 457,278,536,328,505
576: 181,455,370,556,331
577: 449,568,439
578: 359,560,503,435,521
579: 338,509,419,371,566
580: 396,566,387,358,553,496
581: 493,451,508,126
582: 329,145,398,408,127
583: 400,9,10,1,0,2