0: 1,400,583,557,483
1: 12,2,0,583,11,4
2: 12,1,583,10,11
3: 4,303,341,352
4: 3,303,12,1
5: 369,6,499,13,40
6: 369,5,337,326
7: 19,437,429
8: 9,458,550,429,567
9: 583,10,8,567
10: 583,9,567,2
11: 24,12,1,2
12: 1,2,11,24,4
13: 39,25,499,5
14: 26,40,311,337
15: 16,383
16: 15,55
17: 30,350,491
18: 30,45,491,46,31,32
19: 7,35,33,47
20: 21,48,47,35,33
21: 20,35,33
22: 23
23: 22,65
24: 11,37,12
25: 39,13,499
26: 14,40
27: 28,433,41,484,302,570,512
28: 27,433,41,302,318
29: 480,372,43,488,485,500,42
30: 17,45,491,18,31
31: 32,30,45,46,18
32: 31,64,44,45,46,18
33: 19,35,47,21,20
34: 49
35: 19,33,21,20,567
36: 51,50,82,65,66
37: 24,38
38: 37
39: 13,25
40: 26,14,5
41: 28,27,433,485,492
42: 500,58,57,43,56,29
43: 488,485,56,29,500,57,42
44: 45,46,60,32
45: 44,491,46,30,18,31,32
46: 44,45,18,31,32
47: 48,64,19,33,20
48: 64,47,20
49: 34,80
50: 36,51,65,66
51: 36,50,82
52: 53,54
53: 52,54,55
54: 53,52,55,70
55: 16,53,54,70
56: 72,43,488,57,42
57: 500,58,42,43,56
58: 500,541,57,42
59: 75,93,76,300,336,77,94
60: 61,44
61: 367,507,330,60
62: 79,63,97
63: 79,62,97
64: 48,32,47
65: 66,23,36,50
66: 65,36,50
67: 68
68: 67,84
69: 85,154
70: 105,87,54,55
71: 506,88
72: 56,506,73
73: 506,395,72
74: 493,348,90,89
75: 59,93,300,77,111,94,95
76: 339,397,288,300,336,59
77: 336,59,75,94
78: 94,95
79: 63,62,97
80: 81,49,117,99
81: 80,117,99
82: 36,51
83: 84,101,100,118
84: 83,101,100,68
85: 69,154,137
86: 102,103,104
87: 105,70
88: 105,71
89: 107,90,74
90: 107,89,125,74
91: 109,126,342
92: 110,127,525,463,423
93: 59,75,129,111,94,95
94: 95,78,77,59,75,93
95: 94,78,75,93,111,112
96: 114,113
97: 79,63,62
98: 115,116,131,134
99: 117,80,81
100: 118,84,83,101
101: 84,83,100,118
102: 103,104,86
103: 102,104,86
104: 102,103,86
105: 88,87,70
106: 159,142,124,158
107: 90,89
108: 109,126,508,476,558
109: 108,126,451,91
110: 92,127,301,463,582
111: 129,436,75,93,95
112: 113,130,436,95
113: 112,130,114,96
114: 96,113,130
115: 98,116,131
116: 115,98,134,136
117: 99,80,81
118: 100,83,101
119: 137
120: 138,121
121: 120,139
122: 139
123: 140,142,141
124: 125,106
125: 124,90
126: 108,109,508,91
127: 92,110,463,145,398,582
128: 331,408,486,146
129: 436,111,405,301,93
130: 113,112,436,114
131: 115,98
132: 149
133: 134
134: 133,98,116
135: 152,151,136
136: 116,135,152
137: 119,154,85
138: 120
139: 122,121
140: 123,142,141
141: 142,123,140
142: 159,106,141,123,140
143: 158,144,409,160
144: 143,160
145: 569,463,398,431,127,582
146: 162,163,128,147
147: 165,146,163,164
148: 166,180,167,164
149: 132,150,151
150: 149,152,151
151: 135,152,150,149,169
152: 135,151,136,150,169
153: 154
154: 153,69,85,137
155: 172
156: 173
157: 175,227,176
158: 143,159,106,160
159: 106,142,158
160: 161,409,143,158,144
161: 179,409,160
162: 146,163,180
163: 162,146,164,147,165,180
164: 163,147,165,148,180
165: 147,163,164
166: 148,167
167: 148,166,180
168: 184,185
169: 171,152,151,188,170
170: 188,169,171
171: 169,188,170
172: 173,155
173: 172,156
174: 192,193
175: 157,227,176
176: 157,175
177: 196,178
178: 196,177
179: 161,409,467,410
180: 148,167,162,163,164
181: 576,331,197
182: 183,198,184
183: 182,198,184
184: 200,183,182,168
185: 202,168
186: 203,187,204
187: 204,203,186
188: 170,169,171
189: 206,205
190: 206,205,191
191: 190
192: 174,210,193
193: 209,210,174,192
194: 211,364,402
195: 211,364,470,543,299
196: 212,178,177,298
197: 214,213,181
198: 183,182
199: 441,524,215
200: 215,184,216
201: 202,218
202: 201,185
203: 186,187,204
204: 187,203,186
205: 206,189,190
206: 189,190,205,207
207: 206
208: 432,225
209: 210,193
210: 209,193,192
211: 195,364,194,470,402
212: 196,298,384,410
213: 214,197,229,424
214: 213,197,424
215: 200,216,441,199
216: 217,215,200
217: 424,532,216
218: 232,233,201
219: 234,220
220: 235,219,234
221: 251,281,222,237
222: 281,221,251,237
223: 238,264,252
224: 240
225: 399,432,208,561
226: 399,443,404,561
227: 157,175
228: 368,243,314,321,242
229: 213
230: 231,528,502,374,244
231: 230,519,528
232: 245,233,218,257,258
233: 245,232,218,257
234: 219,220,235
235: 220,234
236: 249,250,262,263
237: 222,221,251
238: 264,223,252
239: 240
240: 239,224
241: 266,255,308
242: 243,314,228,545
243: 314,228,321,242,306
244: 495,230,502,374,524
245: 232,233,535,258
246: 535,258
247: 260,248,271
248: 260,247,464
249: 236,260,272
250: 236,262,263
251: 221,222,237,264,252
252: 238,264,223,251
253: 266
254: 255,308,267,443,268
255: 254,266,241,308,267,268
256: 396,358,404,268,443
257: 232,233
258: 535,246,245,232
259: 578,359,435,270
260: 247,248,271,249
261: 262
262: 263,261,236,250
263: 262,236,250
264: 238,223,252,251,265
265: 276,264
266: 255,241,253
267: 277,371,254,255,268
268: 256,396,404,254,255,267,443
269: 464,270,526,334,435,539
270: 464,269,259,435
271: 278,260,247,279
272: 351,279,273,280,249
273: 272,351,280
274: 282,347,473
275: 573,282,406,310,283
276: 265,406
277: 419,267,371
278: 536,271,328,575,351,279
279: 272,351,278,271
280: 272,351,273,380,549
281: 222,221
282: 274,406,473,275
283: 338,310,275,573
284: 525,569,357,354,514,422
285: 352,452,313,538
286: 379,417,345
287: 562,518
288: 339,76,381,343,290,300
289: 312,515,565,346
290: 300,423,343,288
291: 547,344
292: 416,428
293: 393,373,478,339,397
294: 560,407,365,495,418
295: 307,477,439,413,550,388
296: 510,564,543,384,377
297: 481,440,444
298: 364,212,196,384,543
299: 552,195,510,543
300: 290,288,76,336,59,75
301: 110,329,129,405
302: 320,474,484,318,28,27
303: 3,4,557,352,452
304: 467,327,409,363,390
305: 489,487
306: 432,561,470,402,243,321
307: 316,340,295,477,550
308: 254,255,241,443
309: 558
310: 338,450,283,440,275,444
311: 337,14,456,474
312: 289,515,563,333,565
313: 442,317,285,452
314: 368,243,228,242,545,319
315: 528,502,365
316: 307,340,562
317: 557,483,518,313,442,452
318: 395,383,302,320,28
319: 487,368,314
320: 302,474,383,318
321: 368,243,228,306,470,548,533
322: 513,415,341,394
323: 332,509,387,498
324: 325,342,389
325: 324,342,363,390
326: 513,415,369,6,375
327: 467,304,574,551,390
328: 575,505,278,351,511
329: 301,582,408,405
330: 336,397,61,507
331: 576,128,181,370,486
332: 323,509
333: 337,375,312,456
334: 464,269,526,539,536
335: 421,360,479
336: 330,77,76,300,59
337: 333,311,6,14
338: 310,450,283,419,579
339: 397,288,76,344,381,293
340: 307,316,550,531,361,458
341: 352,3,322,415
342: 325,324,91,389
343: 426,381,469,288,290,423
344: 547,381,478,291,339
345: 520,431,379,286,417,497
346: 527,512,289,565
347: 366,549,382,274,473
348: 74,493,541,540
349: 401,480,500,541,376
350: 17,461,534
351: 272,279,273,280,278,328,380,511
352: 285,341,452,3,303
353: 425,542,373
354: 514,422,284
355: 376,438
356: 534,568
357: 569,284,514,379,431
358: 256,396,404,580,466,553
359: 259,578,435,418,560
360: 335,421,551
361: 531,340,562,483,518
362: 548,552,501
363: 304,325,390
364: 211,195,194,298,543
365: 315,502,294,407
366: 347,549,382,454,472,482
367: 391,61,507,461,491
368: 314,228,321,319,533,446
369: 6,499,5,415,326
370: 475,497,520,486,576,331
371: 277,419,267,579,566,396
372: 480,29,485,427,492,438
373: 293,393,478,425,353,523
374: 441,524,230,244
375: 563,333,326
376: 355,438,480,349
377: 384,410,574,296,421
378: 514,544
379: 544,286,357,345
380: 454,511,351,280,549
381: 547,344,469,343,339,288
382: 366,347,482,473
383: 395,318,15,320
384: 377,410,212,298,296,543
385: 465,457,462
386: 412,492,570,433,517
387: 509,566,323,498,580
388: 550,429,413,437,295
389: 324,342
390: 363,327,304,325
391: 367,507,393,461,523
392: 468,516
393: 293,373,397,523,391,507
394: 538,322
395: 383,318,73,488
396: 256,358,268,371,566,580
397: 339,76,293,393,330
398: 520,431,145,127,582,486
399: 226,225,561
400: 583,531,483,0
401: 349,541,540,471,494
402: 470,432,306,211,194
403: 413,437
404: 256,358,268,226,443,466,555
405: 129,436,329,301
406: 282,276,275,573
407: 294,411,365
408: 582,329,128
409: 161,179,160,143,467,304
410: 384,377,574,179,212,467
411: 560,407,448,503
412: 427,386,492
413: 437,403,453,439,295,388
414: 476,540,471,508
415: 513,322,341,369,326
416: 448,503,292
417: 530,434,286,345,497
418: 495,294,359
419: 277,371,573,338,579
420: 454,511,505,468,516
421: 335,360,377,574,551
422: 426,529,354,525,284
423: 290,426,343,525,92
424: 217,532,214,213
425: 353,373,523
426: 422,343,529,469,525,423
427: 412,492,372,438
428: 521,292,459,447
429: 550,388,7,8
430: 556,572,571
431: 398,520,345,569,357,145
432: 208,306,225,561,402
433: 28,27,41,570,386,492
434: 417,530,572,475
435: 259,578,359,521,270,269,526
436: 129,111,405,112,130
437: 413,403,388,7
438: 376,355,427,480,372
439: 577,453,413,295
440: 473,297,310,444
441: 199,374,532,215
442: 313,317,518
443: 226,254,308,256,404,268
444: 440,297,310,450
445: 335
446: 368,319
447: 459,428,465
448: 416,411
449: 477,577
450: 338,310,444
451: 581,109
452: 285,352,313,317,557,303
453: 568,439,413
454: 380,420,511,516,366,472
455: 556,571,576
456: 484,565,333,311,474
457: 539,385,575
458: 8,340,550,531
459: 539,447,521,428,526
460: 529,547,469
461: 391,367,350
462: 537,385,505,468
463: 525,569,145,92,110,127
464: 270,269,334,248
465: 385,447
466: 489,555,358,404,553
467: 327,304,179,409,410,574
468: 392,505,462,537,420
469: 547,381,460,529,426,343
470: 402,306,211,195,321,548
471: 414,540,401,494
472: 554,482,454,516,366
473: 440,347,382,282,274
474: 302,320,311,456,484
475: 370,497,434,556
476: 414,108,508,558
477: 449,307,295
478: 542,344,293,373
479: 490,564,335
480: 29,372,500,376,438,349
481: 297
482: 472,554,366,382
483: 317,557,518,531,361,400,0
484: 456,565,302,474,512,27
485: 43,488,41,492,29,372
486: 398,520,370,331,128
487: 319,305
488: 43,485,395,56,29
489: 466,545,305
490: 479,510,564,501
491: 45,367,17,30,18
492: 427,412,386,433,41,485,372
493: 74,348,581,508
494: 401,471
495: 244,418,502,524,294
496: 498,580,553
497: 475,370,417,520,345
498: 496,387,323
499: 369,5,13,25
500: 541,58,57,42,43,480,29,349
501: 362,552,510,490
502: 315,230,365,244,495
503: 521,560,411,416,578
504: 
505: 328,575,462,420,511,468
506: 71,73,72
507: 391,61,367,393,330
508: 108,126,493,581,414,476
509: 579,387,332,323
510: 296,564,543,501,299,490
511: 380,420,454,328,505,351
512: 346,570,527,484,565,27
513: 322,415,546,326
514: 378,354,544,284,357
515: 289,312,563
516: 392,420,454,472,554
517: 570,527,386
518: 317,483,287,361,442
519: 231,528
520: 398,431,345,370,497,486
521: 503,428,578,435,526,459
522: 
523: 425,393,373,391
524: 199,374,244,495
525: 284,463,426,422,423,92
526: 269,334,435,521,539,459
527: 346,570,512,517
528: 315,519,230,231
529: 460,469,426,422
530: 417,434
531: 361,340,400,458,483
532: 424,217,441
533: 368,321,548
534: 356,350
535: 258,246,245
536: 278,334,539,575
537: 462,468
538: 285,394
539: 459,457,269,526,334,536
540: 414,471,541,348,401
541: 500,58,348,349,401,540
542: 478,353
543: 510,296,195,364,298,384,299
544: 379,378,514
545: 489,555,314,242
546: 513,559
547: 344,381,469,460,291
548: 362,552,470,321,533
549: 366,347,280,380
550: 388,429,307,340,295,458,8
551: 327,574,421,360
552: 362,548,501,299
553: 358,496,580,466
554: 472,482,516
555: 466,545,404
556: 430,475,576,455
557: 317,483,0,452,303
558: 309,476,108
559: 546
560: 294,411,578,359,503
561: 225,226,399,432,306
562: 287,316,361
563: 375,312,515
564: 510,296,490,479
565: 456,484,289,312,346,512
566: 579,387,371,396,580
567: 35,9,10,8
568: 453,356,577
569: 284,463,357,145,431
570: 527,512,27,433,517,386
571: 430,455
572: 434,430
573: 275,406,283,419
574: 377,410,467,327,551,421
575: 328,505,457,278,536
576: 331,181,370,556,455
577: 439,568
578: 259,359,435,560,521,503
579: 509,566,338,419,371
580: 496,566,387,396,358,553
581: 451,493,508
582: 408,145,398,110,127,329
583: 400,9,10,1,2,0