0: 1,583,400,557,483
1: 12,2,0,583,400,11,4
2: 12,1,583,10,11
3: 4,303,341,352
4: 3,303,12,1
5: 369,6,499,13,40
6: 369,5,326,337
7: 19,437,429
8: 9,10,458,550,429,567
9: 8,10,567
10: 8,9,567,2,583
11: 24,12,1,2
12: 1,2,11,24,4
13: 39,25,499,5
14: 26,40,311,337
15: 16,383
16: 15,55,70
17: 30,350,461,491
18: 30,45,31,32
19: 7,35,33,47
20: 21,48,47,35,33
21: 20,35,33
22: 23
23: 22,65
24: 11,37,12
25: 39,13,499
26: 14,40
27: 28,433,41,484,302,570,512
28: 27,433,41,302,318
29: 480,372,43,485,488,500,42
30: 17,45,491,18,31
31: 32,30,45,46,18
32: 31,64,44,45,46,18
33: 19,35,48,47,21,20
34: 49
35: 19,33,21,20,567
36: 51,50,65,66,82
37: 24,38
38: 37
39: 13,25
40: 26,14,5
41: 28,27,433,492,485
42: 500,58,57,56,29,43
43: 29,485,488,56,500,57,42
44: 45,46,60,32
45: 44,491,46,30,18,31,32
46: 44,45,31,32
47: 48,64,19,33,20
48: 64,47,33,20
49: 34,80
50: 36,51,65,66
51: 36,50,82
52: 53,54
53: 52,54
54: 53,52,55,70
55: 16,54,70
56: 72,488,43,57,42
57: 500,58,42,56,43
58: 500,541,57,42
59: 75,93,76,300,336,77
60: 61,44
61: 367,507,330,60
62: 79,63,97
63: 79,62,97
64: 48,32,47
65: 66,23,36,50
66: 65,36,50
67: 68
68: 67,84
69: 85,154
70: 105,87,54,16,55
71: 506,88
72: 56,395,506,73
73: 506,395,72
74: 493,348,90
75: 59,93,111,300,77,94
76: 339,288,300,336,59
77: 336,59,75,94,78
78: 94,95,77
79: 63,62,97
80: 81,49,117,99
81: 80,117,99
82: 36,51
83: 84,101,100,118
84: 83,101,100,68
85: 69,154,137
86: 103,104,102
87: 105,70
88: 105,71
89: 107,90
90: 107,89,125,74
91: 109,126,342
92: 110,127,525,463,423
93: 59,75,111,129,94,95
94: 95,78,77,75,93
95: 94,78,93,111
96: 114,113
97: 79,63,62
98: 115,116,131,134
99: 117,80,81
100: 118,84,83,101
101: 84,83,100,118
102: 103,104,86
103: 104,102,86
104: 103,102,86
105: 88,87,70
106: 159,142,124,158
107: 90,89
108: 109,126,508,476,558
109: 108,126,451,91
110: 92,127,301,145,463,582
111: 75,93,129,436,95
112: 113,130,436
113: 112,130,114,96
114: 96,113,130,133
115: 98,116,131
116: 115,98,134,136
117: 99,80,81
118: 100,83,101
119: 137
120: 138,121
121: 120,122,139
122: 139,121
123: 140,142,141
124: 125,106
125: 124,90
126: 108,109,508,91
127: 92,110,145,463,398,582
128: 331,408,486,146
129: 436,405,301,93,111
130: 113,112,436,114
131: 115,98
132: 149
133: 134,114
134: 133,98,116
135: 152,151,136
136: 116,135
137: 119,154,85
138: 120
139: 122,121
140: 123,142,141
141: 142,123,140
142: 159,106,141,123,140
143: 158,144,161,409,160
144: 143,158,451,160
145: 569,463,398,431,110,127
146: 162,163,128,147
147: 165,408,146,163,164
148: 166,167,164,180
149: 132,150,151
150: 149,152,151
151: 135,152,150,149,169
152: 135,151,150,169
153: 154
154: 153,69,85,137
155: 172
156: 173
157: 175,227
158: 143,144,159,106,160
159: 106,142,158
160: 161,179,409,143,158,144
161: 179,409,160,143
162: 146,163,180
163: 162,146,164,180,147,165
164: 163,180,147,165,148
165: 147,163,164
166: 148,167
167: 148,166
168: 183,184,185
169: 171,152,151,188,170
170: 188,169,171
171: 169,188,170
172: 173,155
173: 172,156
174: 192,193
175: 157,227,176
176: 175
177: 196,178
178: 196,177
179: 161,409,160,467,410
180: 162,163,164,148
181: 576,331,197
182: 183,198,184
183: 182,198,184,168
184: 200,183,182,168
185: 202,168
186: 203,187,204
187: 203,186,204
188: 170,169,171
189: 206,205
190: 206,205,191
191: 190
192: 174,210,193
193: 210,174,192
194: 364,402,211
195: 364,470,211,543,299
196: 212,178,177
197: 214,213,181
198: 183,182
199: 441,524,215
200: 184,216,215
201: 202,218
202: 201,185
203: 186,187,204
204: 203,186,187
205: 206,189,190
206: 189,190,207,205
207: 206
208: 432,225,399,561
209: 210
210: 209,193,192
211: 470,402,194,195,364
212: 196,298,384,410
213: 214,197,229,424
214: 213,197,424
215: 216,441,199,200
216: 217,215,200
217: 424,532,216
218: 232,233,201
219: 234,220
220: 235,219,234
221: 251,237,281,222
222: 281,221,251,237
223: 238,264,252,253
224: 240
225: 399,432,208,561
226: 399,443,404,561,555
227: 157,175
228: 368,243,242,321,314
229: 522,213
230: 231,528,502,374,244
231: 230,519,528
232: 245,233,218,258
233: 245,232,218,257
234: 219,220,235
235: 220,234
236: 249,250,262,263
237: 221,251,281,222
238: 264,223,252
239: 240
240: 239,224
241: 266,255,308,253
242: 243,228,545,314
243: 242,228,321,306,314
244: 495,230,502,374,524
245: 232,233,258,535
246: 258,535
247: 260,248,271
248: 260,247,464
249: 236,260,272
250: 236,262,263
251: 221,237,222,252
252: 238,264,223,251
253: 223,266,241
254: 255,308,267,443,268
255: 254,266,241,308,267,268
256: 396,358,404,268,443
257: 233
258: 245,232,246,535
259: 578,359,435,270,269
260: 247,248,271,249
261: 262
262: 263,261,236,250
263: 262,236,250
264: 238,223,252,265
265: 276,264
266: 255,241,253
267: 277,371,254,255,268
268: 256,396,404,254,255,267,443
269: 464,270,526,334,259,435,539
270: 464,269,334,259,435
271: 278,260,247,279
272: 351,279,273,280,249
273: 272,351,280
274: 282,347,473
275: 282,406,573,310,283
276: 265,406
277: 371,267,419
278: 536,271,328,575,351,279
279: 272,351,278,271
280: 272,273,380,549
281: 222,221,237
282: 274,406,275,473
283: 338,310,275,573
284: 569,354,514,357,422,525
285: 352,452,313,538
286: 379,417,345
287: 562,518
288: 339,76,381,343,290,300
289: 312,515,565,346
290: 300,423,343,288
291: 344,547
292: 416,428
293: 373,397,478,339,393
294: 560,407,365,495,418
295: 307,477,439,413,550,388
296: 510,564,543,384,377
297: 481,440,444
298: 364,212,384,543
299: 552,195,510,543
300: 290,76,288,336,59,75
301: 110,329,129,405
302: 320,474,484,318,28,27
303: 3,4,557,352,452
304: 467,327,409,363,390
305: 489,487
306: 432,561,470,402,243,321
307: 316,477,295,550,340
308: 254,255,241,443
309: 558
310: 338,450,283,275,440,444
311: 14,337,456,474
312: 289,515,563,333,565
313: 442,317,285,452
314: 319,545,368,243,242,228
315: 528,502,365
316: 307,562,340
317: 557,483,518,313,442,452
318: 395,383,302,320,28
319: 487,314,368
320: 302,474,383,318
321: 243,228,306,470,533,548
322: 513,415,341,394
323: 332,509,387,498
324: 325,342,389
325: 324,342,363,390
326: 513,415,369,6,375
327: 467,304,574,390,551
328: 575,505,278,351,511
329: 301,582,408,405
330: 336,397,61,507
331: 576,128,181,370,486
332: 323,509
333: 337,375,312,456
334: 464,270,269,539,536
335: 421,360,479
336: 330,77,76,300,59
337: 333,6,14,311
338: 310,450,283,419,579
339: 76,288,344,381,293,397
340: 531,361,307,316,550,458
341: 352,3,322,415
342: 325,324,91,389
343: 426,469,381,288,290,423
344: 478,291,547,381,339
345: 520,431,379,286,417,497
346: 527,512,289,565
347: 366,549,382,274,473
348: 74,493,541,540
349: 401,480,500,541,376
350: 17,461,534
351: 272,279,273,278,328,380,511
352: 285,341,452,3,303
353: 425,542,373
354: 514,422,284
355: 376,438
356: 534,568
357: 514,379,569,284,431
358: 256,396,404,580,466,553
359: 259,578,435,418,560
360: 335,421,551
361: 531,340,562,483,518
362: 552,501,548
363: 304,325,390
364: 298,195,194,211,543
365: 315,502,294,407
366: 347,549,382,454,472
367: 391,61,507,461,491
368: 228,319,314,533,446
369: 6,499,5,415,326
370: 475,497,520,486,576,331
371: 277,267,419,579,566,396
372: 480,29,485,427,492,438
373: 293,478,425,353,523,393
374: 441,524,230,244
375: 563,333,326
376: 355,438,480,349
377: 384,410,574,296,421
378: 514,544
379: 544,286,357,345
380: 454,511,351,280,549
381: 547,469,344,343,339,288
382: 366,347,482,473
383: 395,318,15,320
384: 377,410,212,298,296,543
385: 465,457,462
386: 412,492,570,433,517
387: 509,566,323,580,498
388: 550,429,413,437,295
389: 324,342
390: 363,327,304,325
391: 367,507,393,461,523
392: 516,468
393: 391,507,293,373,397,523
394: 538,322
395: 383,318,73,488,72
396: 256,358,268,371,566,580
397: 293,339,393,330
398: 520,431,145,127,582,486
399: 226,225,208,561
400: 531,483,1,0,583
401: 349,541,540,471,494
402: 470,211,194,432,306
403: 413,437
404: 256,358,268,226,443,466,555
405: 129,436,329,301
406: 282,275,276,573
407: 294,411,365
408: 582,329,128,147
409: 161,179,160,143,467,304
410: 384,377,574,179,212,467
411: 560,407,448,503
412: 427,386
413: 437,403,453,439,295,388
414: 476,540,471,508
415: 513,322,341,369,326
416: 448,503,292
417: 530,434,286,345,497
418: 495,294,359
419: 573,338,277,371,579
420: 454,511,505,468,516
421: 335,360,551,377,574
422: 426,525,529,354,284
423: 290,426,343,525,92
424: 217,532,214,213
425: 353,373,523
426: 422,343,525,529,469,423
427: 412,492,372,438
428: 521,292,459,447
429: 550,388,7,8
430: 556,571,572
431: 398,520,345,357,145,569
432: 208,306,225,561,402
433: 28,27,41,570,386,492
434: 417,530,572,475
435: 259,578,359,521,270,269,526
436: 129,405,111,112,130
437: 413,403,388,7
438: 376,355,427,480,372
439: 577,453,413,295
440: 473,297,310,444
441: 199,374,532,215
442: 313,317,518
443: 226,254,308,256,404,268
444: 440,297,310,450
445: 335
446: 368,319
447: 459,428,465
448: 416,411
449: 577,477
450: 338,310,444
451: 581,144,109
452: 285,352,313,317,557,303
453: 568,439,413
454: 380,420,511,516,366,472
455: 556,571,576
456: 484,565,333,311,474
457: 539,385,575
458: 8,550,531,340
459: 539,447,521,428,526
460: 529,547,469
461: 391,367,17,350
462: 537,468,385,505
463: 145,569,525,92,110,127
464: 270,269,334,248
465: 385,447
466: 489,555,358,404,553
467: 327,304,179,409,410,574
468: 462,537,505,420,392
469: 547,381,460,529,426,343
470: 402,211,306,195,321,548
471: 414,540,401,494
472: 554,482,454,516,366
473: 440,347,382,282,274
474: 302,320,311,456,484
475: 370,497,434,556
476: 414,108,558
477: 307,295,449
478: 542,344,293,373
479: 564,335,490
480: 29,372,500,376,438,349
481: 297
482: 472,554,382
483: 317,557,518,531,361,400,0
484: 456,565,302,474,512,27
485: 29,372,43,41,488,492
486: 398,520,370,331,128
487: 319,305
488: 395,56,29,43,485
489: 466,545,305
490: 510,564,501,479
491: 45,367,17,30
492: 427,386,433,41,372,485
493: 74,348,581,508
494: 401,471
495: 244,418,502,524,294
496: 580,498,553
497: 475,370,417,520,345
498: 387,323,496
499: 369,5,13,25
500: 541,58,57,42,480,29,43,349
501: 362,552,510,490
502: 315,230,365,244,495
503: 416,560,411,578,521
504: 
505: 328,575,462,468,420,511
506: 71,73,72
507: 391,61,367,393,330
508: 108,126,493,581,414
509: 579,387,332,323
510: 296,564,543,299,501,490
511: 380,420,454,328,505,351
512: 346,570,527,484,565,27
513: 322,415,546,326
514: 378,357,354,544,284
515: 289,312,563
516: 392,420,454,472,554
517: 570,527,386
518: 317,483,287,361,442
519: 231
520: 398,431,345,370,497,486
521: 428,503,578,435,526,459
522: 229
523: 425,373,391,393
524: 199,374,244,495
525: 426,422,284,463,423,92
526: 269,435,521,539,459
527: 346,570,512,517
528: 315,230,231
529: 460,469,426,422
530: 417,434
531: 361,340,400,458,483
532: 424,217,441
533: 548,368,321
534: 356,350
535: 246,245,258
536: 278,334,539,575
537: 462,468
538: 285,394
539: 459,457,269,526,334,536
540: 414,471,541,348,401
541: 500,58,348,349,401,540
542: 478,353
543: 510,296,298,195,364,384,299
544: 379,378,514
545: 489,555,242,314
546: 513,559
547: 469,381,460,291,344
548: 533,470,321,362,552
549: 366,347,280,380
550: 388,429,307,295,340,8,458
551: 421,360,327,574
552: 362,299,501,548
553: 358,496,580,466
554: 472,482,516
555: 466,545,226,404
556: 430,455,475,576
557: 317,483,0,452,303
558: 476,108,309
559: 546
560: 294,411,503,578,359
561: 225,226,399,432,208,306
562: 287,316,361
563: 375,312,515
564: 510,296,479,490
565: 456,484,289,312,346,512
566: 579,387,371,396,580
567: 35,8,9,10
568: 453,356,577
569: 145,284,463,357,431
570: 527,512,27,433,517,386
571: 430,455
572: 434,430
573: 419,406,275,283
574: 377,410,467,327,421,551
575: 328,505,457,278,536
576: 331,181,370,556,455
577: 439,568
578: 259,359,435,560,503,521
579: 509,566,419,338,371
580: 496,566,387,396,358,553
581: 451,493,508
582: 408,398,110,127,329
583: 1,2,0,400,10