0: 1,303,583,557
1: 0,583,10,11,2,12
2: 11,12,583,10,1
3: 415,341,4
4: 303,12,3
5: 39,499,13,25,6,369
6: 337,369,499,5
7: 567,19,437,429
8: 458,531,567,400,10,9
9: 8,567,10
10: 400,583,8,9,1,2
11: 2,12,24,1
12: 11,2,24,4,1
13: 25,499,5,39
14: 383,320,26
15: 40,26,16,383
16: 15,40,55
17: 350,30,491
18: 31,30,45
19: 7,33,47
20: 21,33,48,35,47
21: 33,20,35
22: 23
23: 65,22
24: 11,12,37
25: 13,5,39
26: 15,40,14
27: 318,433,28,41,485
28: 318,27,41,395,485
29: 43,488,73,42,500
30: 45,491,17,18,31
31: 18,46,32,30,45,64
32: 31,46,45,64
33: 21,20,48,35,47,19
34: 49
35: 21,33,20
36: 51,82,50,65,66
37: 38,24
38: 37
39: 5,13,25
40: 15,26,16,55
41: 73,395,27,28,488
42: 56,57,72,43,29,500,541,58
43: 488,29,73,56,57,42,72,500
44: 60,46
45: 30,491,18,31,46,32
46: 31,32,45,44
47: 33,20,48,64,19
48: 33,20,47,64
49: 117,34,97,80
50: 36,51,65,66
51: 36,82,50,65
52: 53
53: 52,54
54: 55,53
55: 54,40,16
56: 57,42,72,73,43
57: 56,42,43,541,58
58: 348,541,57,42
59: 75,77,336,76
60: 44,61
61: 507,367,60
62: 63,79
63: 62,79
64: 31,32,48,47
65: 66,23,36,51,50
66: 65,36,50
67: 68
68: 84,67
69: 101,85
70: 87
71: 88
72: 56,42,73,43
73: 41,506,43,29,56,72
74: 581,90
75: 59,77,93,129,111,94
76: 330,397,59,336
77: 59,75,93,94
78: 94,95
79: 97,62,63,131
80: 97,81,117,49,99
81: 97,80,117,99
82: 36,51
83: 84,100,118,101
84: 83,68,101
85: 101,69,118,153
86: 104,123
87: 70,102,105
88: 102,105,71
89: 107
90: 107,74
91: 342,109,363
92: 110,127,423,290
93: 75,77,129,111,94,95,112
94: 95,78,75,77,93
95: 94,78,93,112
96: 113,114
97: 81,80,79,49
98: 115,116,134
99: 81,80,117
100: 118,83,101
101: 85,69,100,118,84,83
102: 105,88,87,103
103: 104,102
104: 103,86
105: 102,88,87
106: 124
107: 90,89
108: 342,126,109,476
109: 91,342,126,108,451
110: 92,127,423,301,145
111: 129,436,75,93,112
112: 130,93,111,95
113: 130,114,96
114: 113,130,96
115: 98,131,116,133,134
116: 115,98,134,136
117: 49,81,80,99
118: 153,100,83,101,85
119: 154,137
120: 138,121,139
121: 120,138,122,139
122: 139,121
123: 142,141,140,86
124: 125,106
125: 159,142,141,124
126: 109,108,451,476,508
127: 92,110,423,463,301,145
128: 146,329,408
129: 436,111,75,93
130: 113,112,114
131: 115,79
132: 149,150
133: 134,115
134: 133,115,98,116
135: 136,152,151
136: 135,116
137: 154,119
138: 120,121
139: 122,120,121
140: 142,141,123
141: 142,140,123,125
142: 141,140,123,159,125
143: 144,409,160
144: 143,363,304
145: 301,329,582,463,110,127
146: 128,163,162
147: 165,163,164
148: 164,180,167,166
149: 132,150,151
150: 132,149,152,151
151: 149,150,152,135
152: 135,150,151
153: 118,154,85
154: 119,153,137
155: 172,173
156: 173
157: 175,227
158: 159
159: 158,125,142
160: 161,409,143
161: 179,409,160,177
162: 146,163,164,180
163: 146,162,165,147,164
164: 148,180,163,162,165,147
165: 147,163,164
166: 167,148
167: 166,148
168: 185,202
169: 188,170
170: 188,171,169
171: 188,170
172: 173,155
173: 172,156,155
174: 192,210,193
175: 157,227,176
176: 175
177: 161,179,196,178
178: 196,177
179: 161,409,177,410,384
180: 148,164,162
181: 576,331,213,197
182: 183,198
183: 182,200,184
184: 183,200
185: 186,168,202
186: 185,202,203
187: 204,203
188: 170,171,169
189: 206,190,205
190: 206,189,205,191
191: 190
192: 174,210,193
193: 210,174,192
194: 211,195,402,432
195: 211,402,194,470,364,299
196: 212,178,298,177
197: 214,181,213
198: 182
199: 532,441,215
200: 183,184
201: 202,218
202: 201,168,186,185
203: 204,187,186
204: 203,187
205: 206,190,189
206: 207,190,189,205
207: 206,252
208: 561,399,209,225
209: 210,225,208
210: 209,193,174,192
211: 195,194,364,212
212: 196,298,211,364
213: 229,181,197,214,424
214: 197,229,213,424
215: 216,217,199
216: 215,217
217: 424,215,216
218: 232,233,201
219: 234
220: 235,234
221: 237,281,222
222: 281,237,221
223: 238,264,252
224: 240
225: 226,209,399,208
226: 225,308,443,399
227: 157,175
228: 306,243,242,314
229: 455,213,214,424
230: 532,231,244
231: 230
232: 245,233,257,218
233: 245,232,257,218
234: 219,220,235
235: 220,234
236: 249,250,263,262
237: 221,281,222,251
238: 264,223,252
239: 240
240: 239,224
241: 254,267,255,253,266,277
242: 545,314,243,555,228
243: 561,228,306,242,314
244: 374,528,230
245: 232,233,257,258
246: 258,535
247: 248,260,464,271
248: 247,260,464,271
249: 236
250: 236,281,263,262
251: 237
252: 238,264,223,207,265
253: 266,241
254: 267,255,241,308,268
255: 254,267,241,266,268
256: 268,443,371,396
257: 245,232,233,258
258: 246,535,245,257
259: 418,359,270
260: 248,247,464,271,279
261: 262
262: 261,250,236,263
263: 281,250,236,262
264: 238,223,252,265
265: 276,264,252
266: 253,255,241
267: 254,255,241,277,419,268
268: 256,308,443,254,267,255,371
269: 435,270,526,464,334
270: 435,269,259,359,535
271: 464,278,248,247,260,279
272: 351,280,279,273
273: 380,272,280
274: 282,549,473,347,275
275: 283,406,282,274,473
276: 265
277: 573,419,267,241
278: 271,536,351,279,575
279: 272,351,260,271,278
280: 272,351,328,273,380,511
281: 263,222,250,237,221
282: 274,473,275
283: 275,406,473,440,310
284: 569,357,354,514,525,422
285: 352,452,313,538
286: 379,417,345
287: 562,518
288: 300,290,381,343,339
289: 346,565,515,312
290: 288,300,343,92,423
291: 344,547
292: 416,428
293: 393,397,339,478,373
294: 418,560,365,495,407,411
295: 388,439,477,307,550
296: 384,543,377,564
297: 440,444,481
298: 212,196,364,384,543
299: 510,552,195,470,364,543
300: 288,290,336
301: 329,145,110,127,405
302: 318,433,474,320,484
303: 4,0,557,352,452
304: 363,327,144,467
305: 487,489
306: 321,228,243,432,402,470,314
307: 477,295,316,340,550
308: 268,443,254,226
309: 558
310: 440,444,283,573
311: 456,474,337
312: 333,563,515,289,565
313: 442,285
314: 368,545,242,243,321,228,306
315: 365,528,502
316: 562,361,307,340
317: 483,518,557,452
318: 27,302,28,383,320,395
319: 368,545,487,446
320: 383,14,474,318,302
321: 306,470,368,314,533,548
322: 394,341,513
323: 332,387,498
324: 325,389
325: 324,342,363,390
326: 375,513,415,369
327: 304,390,574,467,551
328: 575,505,351,280,511
329: 301,145,582,408,128
330: 507,76,393,397,391
331: 576,181,370,486
332: 509,323
333: 312,563,375,337,456
334: 464,536,269,526,539
335: 479,421,360
336: 59,397,300,76
337: 6,369,375,333,311
338: 450,573,579,419,509
339: 293,397,344,381,288
340: 458,531,550,307,361,316
341: 3,415,352,322
342: 91,109,108,325,389
343: 381,469,426,288,290,423
344: 478,291,547,381,339
345: 520,497,379,286,417
346: 289,565,512,527
347: 473,382,549,366,274
348: 541,58,493,540
349: 500,376,480,541,401
350: 461,367,17,491
351: 272,280,279,278,328,575
352: 285,452,303,341
353: 542,425,373
354: 529,514,422,284
355: 438
356: 534,453,568
357: 569,284,431,514,379
358: 580,553,466,396,404
359: 259,418,560,435,270,578
360: 551,335
361: 562,316,340,531,483,518
362: 548,552,501
363: 304,390,144,91,325
364: 211,195,212,298,543,299
365: 315,495,502,294
366: 454,549,472,347,382,482
367: 350,461,391,507,61,491
368: 319,314,321,533,446
369: 337,6,499,415,326,5
370: 475,497,486,576,331
371: 396,566,579,419,256,268
372: 485,488,438,427,480
373: 523,425,353,393,293
374: 244,502,524,441
375: 326,513,337,333,563
376: 349,480,438,401
377: 574,410,384,296,421
378: 514,544
379: 286,544,357,345
380: 273,280,511,454,549
381: 547,343,469,344,339,288
382: 473,347,366,482,440
383: 14,320,15,318,395
384: 543,296,179,298,377,410
385: 465,457,462
386: 517,570,492,412
387: 509,323,566,580,498
388: 295,413,437,429,550
389: 324,342
390: 363,327,325
391: 461,367,523,393,507,330
392: 516,468
393: 293,397,523,373,391,330
394: 538,322
395: 41,506,383,318,28
396: 371,566,256,580,358
397: 393,293,339,330,76,336
398: 486,408,431,520,582
399: 561,208,226,225
400: 583,10,531,8,483
401: 494,349,376,471,540
402: 195,194,470,432,306
403: 413
404: 555,443,358,466
405: 301,436
406: 275,283,573
407: 294,411
408: 486,398,329,582,128
409: 161,179,160,143,410,467
410: 574,377,467,179,409,384
411: 448,503,407,294,560
412: 386,427
413: 439,453,403,388
414: 471,540,493,558,508
415: 3,341,326,369
416: 448,503,292
417: 530,434,286,345,497
418: 259,294,560,359,495
419: 277,579,267,338,371
420: 511,454,505,468,516
421: 574,377,335
422: 525,426,529,354,284
423: 92,110,127,343,525,426,463,290
424: 217,229,213,214
425: 523,373,353
426: 525,422,343,469,423
427: 438,372,412
428: 521,459,292,447
429: 458,550,388,437,567,7
430: 571,572,556
431: 569,357,520,582,398
432: 561,402,194,306
433: 27,302,570,492
434: 417,530,572,475
435: 270,269,359,578,526
436: 129,111,405
437: 388,429,7
438: 427,372,376,480,355
439: 453,413,577,295
440: 297,444,310,473,382,283
441: 199,532,374,524
442: 518,313
443: 256,308,268,226,404
444: 440,297,310,450
445: 479,335
446: 368,319,533
447: 428,459,465
448: 411,416
449: 577
450: 338,444
451: 581,126,109
452: 285,352,317,557,303
453: 439,413,568,356
454: 511,420,549,366,380
455: 229,556,571,576
456: 311,474,333,565,484
457: 539,536,385,575,462
458: 340,531,8,429,550,567
459: 521,526,428,447,539
460: 529,547,469
461: 350,367,391
462: 537,468,457,385,505
463: 569,525,127,423,145,582
464: 334,271,269,248,247,260
465: 385,447
466: 358,553,555,404,489
467: 574,410,409,327,304
468: 537,462,505,420,516,392
469: 547,381,343,460,529,426
470: 195,402,321,306,299,552,548
471: 414,540,494,401
472: 516,554,366,482
473: 347,382,282,274,275,283,440
474: 456,311,320,484,302
475: 556,370,434,497
476: 558,508,126,108
477: 307,295
478: 344,542,293
479: 564,335,490
480: 349,500,376,372,438
481: 297
482: 366,472,554,382
483: 317,518,361,531,400,557
484: 512,456,474,565,302
485: 492,372,27,28,488
486: 398,408,520,370,331
487: 305,489,319
488: 43,29,41,485,372
489: 305,487,555,466,545
490: 501,564,479
491: 30,45,350,367,17
492: 485,433,386
493: 581,348,414,540,508
494: 401,471
495: 365,502,524,418,294
496: 498,580,553
497: 520,345,417,370,475
498: 496,323,387
499: 13,6,369,5
500: 349,480,43,29,42,541
501: 510,552,362,490
502: 374,524,315,365,495
503: 411,416,560,521,578
504: 522
505: 328,575,462,468,511,420
506: 73,395
507: 61,330,367,391
508: 476,581,493,414,126
509: 332,387,579,338
510: 299,552,501,543,564
511: 420,454,280,328,505,380
512: 484,346,527,570
513: 326,375,546,322
514: 378,544,354,357,284
515: 312,289
516: 392,472,554,468,420
517: 386,527
518: 483,317,287,361,442
519: 528
520: 345,497,431,486,398
521: 578,526,428,459,503
522: 504
523: 425,373,393,391
524: 374,502,441,495
525: 422,426,569,463,284,423
526: 521,578,459,435,269,334,539
527: 517,570,346,512
528: 519,244,315
529: 354,460,469,422
530: 417,434
531: 340,458,8,361,483,400
532: 230,199,441
533: 548,321,368,446
534: 356
535: 246,258,270
536: 334,278,457,539,575
537: 462,468
538: 394,285
539: 457,526,459,334,536
540: 471,414,348,493,401
541: 348,58,57,42,349,500
542: 353,478
543: 384,296,298,364,510,299
544: 378,514,379
545: 319,242,314,555,489
546: 513,559,563
547: 381,469,291,460,344
548: 533,362,470,321,552
549: 454,366,380,274,347
550: 340,458,429,307,388,295
551: 360,327,574
552: 510,299,501,470,548,362
553: 580,358,466,496
554: 516,472,482
555: 404,466,545,242,489
556: 475,430,576,455
557: 583,483,317,452,303,0
558: 476,414,309
559: 546
560: 418,294,359,411,503,578
561: 243,399,432,208
562: 361,316,287
563: 312,333,375,546
564: 479,296,510,490
565: 289,346,312,456,484
566: 371,396,579,387,580
567: 7,458,8,429,9
568: 453,356,577
569: 357,463,284,431,525
570: 386,527,512,433
571: 430,455
572: 434,430
573: 277,406,310,338
574: 377,410,467,327,421,551
575: 328,505,278,536,457,351
576: 331,181,556,370,455
577: 449,439,568
578: 521,526,560,359,503,435
579: 419,338,371,566,509
580: 358,553,396,566,387,496
581: 493,74,451,508
582: 329,145,463,431,398,408
583: 400,557,10,1,0,2