0: 1,483,400,583,557
1: 12,0,583,11,2
2: 11,583,10,12,1
3: 4,303,341,352
4: 3,12,303
5: 13,369,6,499
6: 369,326,5,337
7: 19,437,429
8: 458,429,567,9
9: 583,8,567,10
10: 583,9,2
11: 2,24,12,1
12: 1,11,2,24,4
13: 5,25,39,499
14: 26,40,311
15: 16,383
16: 15,55
17: 30,350,491,18
18: 45,491,17,30,31
19: 7,47,33
20: 21,33,35,48,47
21: 33,20,35
22: 23
23: 22,65
24: 11,37,12
25: 13,39
26: 14,40
27: 28,433,41,302
28: 27,433,41,318,302
29: 480,372,43,488,485,42,500
30: 17,45,491,18,31
31: 32,30,45,46,18
32: 31,64,45,46
33: 21,20,35,47,19
34: 49
35: 21,33,20
36: 51,50,82,65,66
37: 24,38
38: 37
39: 13,25,52
40: 26,14
41: 28,27,433,485,492
42: 56,57,43,29,500
43: 488,56,57,42,29,500
44: 45,46,61,60
45: 44,491,46,18,30,31,32
46: 44,45,31,32
47: 48,64,19,33,20
48: 47,64,20
49: 34,80
50: 36,51,65,66
51: 36,50,82,65,66
52: 53,54,39
53: 54,52
54: 53,55,52
55: 54,16
56: 57,42,72,73,43
57: 56,42,43,541,58,500
58: 348,541,57
59: 75,76,77,336,94
60: 61,44
61: 367,507,44,60
62: 63
63: 62,79,97
64: 48,32,47
65: 66,23,36,51,50
66: 65,36,51,50
67: 68,82
68: 67,84,83
69: 85,101
70: 105,87
71: 506,88
72: 56,73,506
73: 56,72,395,506
74: 90,581
75: 59,93,77,336,111,94
76: 330,336,397,59
77: 59,75,94
78: 94,95
79: 97,63
80: 81,49,117,99
81: 80,117,99
82: 36,51,67
83: 84,101,100,118,68
84: 83,101,68
85: 69,153,154,137
86: 104
87: 105,70
88: 105,71
89: 107,90
90: 107,89,74
91: 363,342,109
92: 110,127,423,525,463
93: 75,129,111,94,95
94: 95,78,77,59,75,93
95: 94,78,93,111
96: 165,114,113,130
97: 79,63
98: 115,116,131,134
99: 117,81,80
100: 118,83,101
101: 84,83,100,118,69
102: 103,105
103: 102,104
104: 103,86
105: 88,87,70,102
106: 124,125,158
107: 90,89
108: 126,109,476,508
109: 108,342,126,451,91
110: 92,127,301,463
111: 129,436,75,93,95
112: 113,130,436
113: 112,130,96,114
114: 96,113,130
115: 98,116,131,134
116: 115,98,134
117: 99,81,80
118: 100,83,101
119: 137
120: 138,121,139
121: 120,139
122: 139
123: 141,140,142
124: 125,106
125: 124,106
126: 108,109,451,581,476,508
127: 92,110,463,145,582,329
128: 408,146
129: 436,111,301,93
130: 113,112,96,114
131: 115,98,134
132: 149,150
133: 134
134: 133,115,98,116,131
135: 152,136,151
136: 135,152,151,149,150
137: 119,154,85
138: 120
139: 122,120,121
140: 123,141,142
141: 123,140,142
142: 159,123,141,140
143: 409,160,144
144: 363,143,304
145: 431,463,569,127,582,398
146: 162,163,128,147
147: 405,146,163,165,164
148: 164,180,167,166
149: 132,136,151,150
150: 149,132,152,136,151
151: 135,152,136,169,149,150
152: 135,136,151,169,150
153: 154,85
154: 153,85,137
155: 172,173
156: 173
157: 175,227
158: 159,106
159: 158,142
160: 161,409,143
161: 179,409,160
162: 146,163,180
163: 162,146,147,165,164,180
164: 148,180,147,163,165
165: 96,147,163,164
166: 148,180,167
167: 148,180,166,182,198
168: 185,202
169: 152,151,170
170: 188,169
171: 188
172: 173,155
173: 172,155,156
174: 192,175
175: 157,174,176
176: 175,177
177: 176,196,178
178: 212,196,177
179: 161,409,467,410
180: 148,164,167,166,162,163
181: 576,197,331
182: 183,198,167,184
183: 182,200,184
184: 200,183,182
185: 168,202
186: 202,203,187
187: 204,203,186
188: 170,171
189: 206,205
190: 206,205,191
191: 190
192: 174,209,210,193
193: 209,210,192
194: 211,364,402
195: 211,364,402,470,299,543
196: 212,178,177
197: 181,213,214
198: 182,167
199: 441,532,215
200: 216,184,183
201: 202,218
202: 201,186,168,185
203: 186,204,187
204: 187,203
205: 206,189,190
206: 189,190,207,205
207: 206
208: 561,432,225
209: 210,193,192
210: 209,193,192
211: 195,364,194,402
212: 196,178,298,384
213: 197,229,214,424
214: 197,213,229,424
215: 216,199
216: 215,200,217
217: 424,216
218: 232,233,201
219: 234
220: 234,235
221: 281,222,237
222: 281,221,237
223: 238,264,252,253
224: 240
225: 226,561,208,399
226: 308,443,225,399
227: 157
228: 368,243,314,242,321,306
229: 455,213,214,424
230: 231,244,374
231: 519,230,244
232: 245,233,258,218
233: 245,232,257,218
234: 235,220,219
235: 234,220
236: 249,250,263
237: 251,222,221
238: 264,223,252
239: 240
240: 239,224
241: 254,266,255,253,308
242: 243,314,228,545
243: 314,228,561,242,306
244: 315,528,231,230,374,502
245: 232,233,258,535
246: 258,535
247: 248,260,271,464
248: 247,260,271,464
249: 236,260
250: 236,262,263
251: 265,237,276
252: 238,264,223,265
253: 223,266,241
254: 255,241,267,308,268,443
255: 254,266,241,277,267,308,268
256: 396,358,404,268,443
257: 233
258: 245,232,246,535
259: 359,435,270
260: 248,247,271,249,279
261: 262,263
262: 263,261,250
263: 262,261,236,250
264: 238,223,252,265
265: 251,276,264,252
266: 255,241,253
267: 277,371,254,255,268
268: 443,254,255,267,371,256
269: 435,270,526,334,464
270: 435,269,464,259
271: 248,247,260,279
272: 351,279,273,280
273: 272,351,380,280
274: 282,275,347,473
275: 282,274,473,406,283
276: 265,251
277: 419,267,371,573,255
278: 536,575,351,279,328
279: 272,351,260,271,278
280: 272,273,380,549
281: 222,221
282: 274,275,473,406
283: 310,275,440,406,573
284: 525,422,569,354,514,357
285: 352,313,452,538
286: 417,379,345
287: 562,518
288: 339,381,343,290,300
289: 312,515,565,346
290: 300,343,423,288
291: 547,344
292: 416,428
293: 393,373,478,339,397
294: 365,407,495,418,560
295: 388,413,439,477,307,550
296: 384,377,510,564,543
297: 440,481,444
298: 212,364,384,543
299: 510,543,195,364,552
300: 290,288,336
301: 110,329,129,436,405
302: 318,320,474,484,28,27
303: 557,452,352,3,4
304: 327,467,409,363,144,390
305: 487,489
306: 321,402,470,432,243,228
307: 316,340,477,295,550
308: 226,443,254,255,241
309: 558
310: 444,450,283,440,338
311: 337,14,456,474
312: 289,515,563,333,565
313: 442,452,285
314: 368,243,228,242,319,545
315: 528,244,502,365
316: 307,340,562
317: 557,452,483,518
318: 320,302,395,383,28
319: 487,545,368,314,446
320: 318,474,302,383
321: 306,470,368,228,548,533
322: 341,394,513,415
323: 332,387,498
324: 325,389
325: 390,324,342,363
326: 369,6,415,513,375
327: 574,304,467,390,551
328: 505,511,278,575,351
329: 582,408,127,301,405
330: 76,393,397,507
331: 486,370,576,181
332: 509
333: 337,375,312,456
334: 269,526,464,539,536
335: 421,360,479,445
336: 76,300,59,75
337: 333,311,6
338: 579,573,310,450,419
339: 397,288,344,381,293
340: 307,316,550,458,361,531
341: 322,352,3,415
342: 109,91,389,325
343: 426,469,423,381,288,290
344: 547,291,381,478,339
345: 379,417,286,520,497
346: 527,512,289,565
347: 366,549,274,473,382
348: 541,58,493,540
349: 541,500,480,376,401
350: 17,461,491
351: 272,279,273,278,328
352: 341,285,452,303,3
353: 542,425,373
354: 514,529,422,284
355: 438
356: 534,568,453
357: 431,514,379,284,569
358: 256,396,404,580,466,553
359: 259,418,560,578,435
360: 335,421,551
361: 483,518,562,340,531
362: 548,552,501
363: 144,91,304,325,390
364: 211,195,194,298,299,543
365: 294,407,315,495,502
366: 347,454,549,472,482,382
367: 391,61,507,461,491
368: 314,228,321,319,446,533
369: 6,499,415,326,5
370: 520,497,475,486,331,576
371: 277,419,267,579,268,396,566
372: 480,29,438,485,427
373: 523,393,293,478,425
374: 441,230,244,524
375: 563,326,333
376: 480,438,349
377: 384,296,410,574,421
378: 514,544
379: 544,286,357,345
380: 511,273,280,454,549
381: 547,344,469,343,339,288
382: 473,440,366,347,482
383: 395,15,318,320
384: 377,296,410,212,298,543
385: 462,465,457
386: 412,492,570,433,517
387: 498,580,566,509
388: 295,413,437,550,429
389: 342,324
390: 325,363,327,304
391: 367,507,523,393,461
392: 468,516
393: 523,373,293,397,391,330
394: 538,322
395: 383,318,506,73
396: 256,358,371,580,566
397: 339,393,293,330,76
398: 582,408,145,431,520,486
399: 561,225,226
400: 583,531,483,0
401: 471,540,494,349
402: 306,470,432,211,195,194
403: 437,413
404: 256,358,443,555,466
405: 147,301,329,436
406: 573,282,275,283
407: 294,365,411
408: 582,329,398,128
409: 161,179,160,143,304,467
410: 384,377,179,574,467
411: 448,407,560,503
412: 427,386,492
413: 388,295,439,453,437,403
414: 476,471,540
415: 369,326,322,341,513
416: 503,448,292
417: 286,530,434,345,497
418: 359,560,495,294
419: 277,371,573,338,579
420: 505,511,468,516,454
421: 335,360,574,377,551
422: 525,284,529,354,426
423: 426,343,525,463,290,92
424: 217,213,229,214
425: 523,373
426: 469,343,423,529,525,422
427: 412,492,372,438
428: 521,292,459,447
429: 550,458,8,388,567,7
430: 556,572,571
431: 145,357,569,520,398
432: 561,208,402,306
433: 28,27,41,570,386,492
434: 572,417,530,475
435: 270,269,526,259,359,578
436: 129,111,301,405,112
437: 403,388,413,7
438: 480,372,427,355,376
439: 295,413,577,453
440: 473,382,444,310,283,297
441: 532,374,199,524
442: 313,518
443: 226,308,268,254,256,404
444: 310,450,440,297
445: 335
446: 368,319
447: 465,428,459
448: 411,416
449: 577
450: 444,310,338
451: 581,126,109
452: 317,557,313,303,352,285
453: 356,568,413,439
454: 366,420,511,380,472
455: 576,556,571,229
456: 484,565,333,311,474
457: 575,539,536,385
458: 550,429,8,340,531
459: 539,428,521,526,447
460: 529,547,469
461: 391,367,350
462: 385,537,505,468
463: 525,569,423,145,92,110,127
464: 270,269,334,248,247
465: 447,385
466: 553,489,358,404,555
467: 574,327,304,179,409,410
468: 392,516,462,537,420,505
469: 426,343,460,529,547,381
470: 321,402,306,195,548
471: 401,540,494,414
472: 554,482,516,366,454
473: 440,382,347,282,274,275
474: 320,302,311,456,484
475: 556,434,370,497
476: 414,508,108,126,558
477: 295,307
478: 542,344,373,293
479: 490,564,335
480: 29,372,438,349,500,376
481: 297
482: 472,554,366,382
483: 361,518,400,531,317,557,0
484: 456,565,474,302,512
485: 488,41,492,29,372
486: 331,520,370,398
487: 305,319
488: 43,485,29
489: 466,305,545
490: 479,510,564,501
491: 45,18,367,17,30,350
492: 427,412,386,433,41,485
493: 348,581,508
494: 471,401
495: 524,502,294,365,418
496: 498,580,553
497: 520,370,417,345,475
498: 387,323,496
499: 369,5,13
500: 541,349,43,57,42,480,29
501: 362,552,510,490
502: 495,315,244,365
503: 416,521,411,560,578
504: 522
505: 328,420,511,575,462,468
506: 71,395,72,73
507: 391,61,367,330
508: 476,493,581,108,126
509: 579,332,387
510: 299,564,543,296,552,501,490
511: 328,420,505,380,454
512: 346,570,527,484
513: 546,322,415,326
514: 354,378,544,284,357
515: 289,312,563
516: 468,392,420,472,554
517: 570,527,386
518: 483,361,287,442,317
519: 231,528
520: 370,497,431,345,398,486
521: 503,428,578,526,459
522: 504
523: 393,373,425,391
524: 495,441,374
525: 422,284,463,569,426,423,92
526: 435,269,334,521,539,459
527: 346,570,512,517
528: 315,244,519
529: 460,354,426,469,422
530: 417,434
531: 400,340,458,483,361
532: 441,199
533: 321,368,548
534: 356
535: 246,245,258
536: 278,334,539,457,575
537: 462,468
538: 285,394
539: 459,526,334,536,457
540: 471,401,348,414
541: 348,58,349,500,57
542: 478,353
543: 510,299,298,195,364,384,296
544: 379,514,378
545: 319,555,242,489,314
546: 513,559
547: 344,291,381,460,469
548: 362,552,321,470,533
549: 366,347,380,280
550: 458,429,388,295,307,340
551: 574,327,421,360
552: 362,548,501,510,299
553: 466,358,580,496
554: 472,482,516
555: 404,466,545
556: 475,430,576,455
557: 317,452,483,303,0
558: 309,476
559: 546
560: 418,359,578,294,411,503
561: 208,432,399,225,243
562: 316,287,361
563: 375,312,515
564: 510,296,490,479
565: 456,484,289,312,346
566: 387,580,371,579,396
567: 429,8,9
568: 577,356,453
569: 525,284,463,145,357,431
570: 527,512,433,517,386
571: 430,455
572: 434,430
573: 406,283,277,419,338
574: 327,467,377,410,551,421
575: 457,278,536,328,505
576: 181,455,370,556,331
577: 568,449,439
578: 359,560,503,521,435
579: 509,338,419,371,566
580: 387,566,396,358,553,496
581: 451,74,493,508,126
582: 329,408,398,145,127
583: 400,9,10,1,0,2