0: 1,9,10,8
1: 0,9,10,2
2: 11,1,10
3: 4
4: 12,11,3
5: 13,6,14
6: 14,15,13,5
7: 18,19
8: 0,9
9: 0,1,10,35,8,20,21
10: 0,1,9,35,2
11: 2,12,4
12: 11,4
13: 5,24,25,6,14
14: 6,15,13,5,25,26,39
15: 6,14,16,26,39
16: 15,26,27,28
17: 30,31,32,18
18: 17,31,32,7,19
19: 33,18,7,20
20: 21,19,33,9,35
21: 20,33,9,35,22
22: 23,35,21
23: 22
24: 25,38,37,13
25: 24,38,13,14,26,39
26: 40,39,25,14,15,16
27: 28,16,41
28: 27,16,41,29
29: 43,28,42,41
30: 17,46,31,32,44,45
31: 17,46,30,32,18,45
32: 17,46,30,31,18,45
33: 19,47,20,21
34: 48,65,49
35: 9,10,20,21,22
36: 65,50,51,66
37: 24,38,52
38: 24,25,37,52
39: 26,40,25,14,15
40: 26,39,55,53,54
41: 42,27,28,43,29
42: 41,56,43,29,57
43: 58,29,57,42,41,56
44: 76,30,45,60
45: 61,60,44,46,30,31,32
46: 30,31,32,45,62
47: 33,48,62,64
48: 64,47,34,49
49: 65,48,34
50: 51,66,65,36
51: 50,66,36,67
52: 38,37,53
53: 69,52,40,54
54: 70,53,40,55
55: 40,54,70
56: 72,42,43,57,73
57: 58,43,42,56,72,73
58: 43,57
59: 76,75,93,77
60: 45,61,77,76,44,78
61: 45,60,77,78
62: 63,64,46,47
63: 62,64,79
64: 48,62,63,47
65: 49,34,36,50,66
66: 50,51,65,36,82
67: 68,85,51,82,83,84
68: 67,85,69,83,84
69: 53,68,85,84
70: 54,87,55,71
71: 72,70,87,105,88
72: 56,71,57,73
73: 74,56,72,57,90
74: 73,90,91
75: 93,76,59,77
76: 59,44,75,60,77
77: 61,60,76,59,75,78,94,95
78: 94,95,61,60,77
79: 97,63
80: 81,98,99
81: 80,98,99,117
82: 83,100,101,118,66,67
83: 82,100,101,118,67,68,84
84: 83,101,67,68,85,69
85: 67,68,69,102,84
86: 104,87,105
87: 70,86,71,105,88
88: 106,105,87,71,89
89: 90,107,124,106,88
90: 89,107,73,74,91
91: 109,409,108,74,90
92: 110,127
93: 75,111,59,129
94: 78,95,111,77
95: 114,78,94,77
96: 131,114,113,97
97: 79,114,96
98: 80,81,99,116,115
99: 80,81,98,116,100,117
100: 82,83,101,118,117,99
101: 82,83,100,118,84
102: 85,104,103
103: 104,102,120
104: 86,103,102
105: 88,87,86,71
106: 88,123,89,107,124,125
107: 89,90,106
108: 91,109,126,125
109: 91,126,108
110: 145,92,127
111: 93,129,94,112
112: 130,113,111,129
113: 130,112,114,131,96
114: 95,130,113,97,131,96
115: 134,133,116,98
116: 134,133,115,98,99
117: 100,118,81,99
118: 82,83,100,101,117
119: 154,137
120: 121,138,139,155,103
121: 122,138,139,120
122: 121,139,157,140
123: 140,141,106,124
124: 89,106,123,140,141,125,142
125: 142,106,141,124,126,108
126: 109,108,125,144
127: 128,92,110,145
128: 127,146,129,145
129: 128,111,93,112
130: 113,112,114
131: 132,96,114,113
132: 149,131,166,133,150
133: 134,151,116,150,115,149,132
134: 151,133,116,150,115,152
135: 153,136,152
136: 153,135,154
137: 119,154,153
138: 121,139,120,155
139: 121,122,138,120,157
140: 123,141,158,159,122,124,142
141: 123,140,158,159,124,125,142
142: 125,160,140,141,158,159,124
143: 160,144,161
144: 143,160,126,161
145: 110,127,128
146: 128,162,163,164,147
147: 163,164,146,165
148: 183,166
149: 132,166,133,150
150: 134,151,133,149,132
151: 134,133,150,152,169
152: 134,151,169,135
153: 136,135,154,137
154: 119,137,153,136
155: 172,138,120,173
156: 173,190,172,191
157: 122,139,158,174,175
158: 140,141,159,157,175,176,142
159: 140,141,158,142
160: 143,142,177,144,161
161: 179,143,160,178,177,144
162: 180,163,164,146
163: 162,180,164,147,146,165
164: 162,180,163,147,146,182,165
165: 182,163,164,147
166: 167,148,149,132
167: 166,200,168,185
168: 167,202,185
169: 151,152,170
170: 188,171,169
171: 188,170,204,189,205
172: 189,190,155,156,173
173: 156,155,189,190,172,191
174: 175,176,192,157
175: 174,176,192,157,158
176: 174,175,192,158,193
177: 178,194,160,195,196,179,161
178: 177,194,212,195,196,179,161
179: 196,161,178,177
180: 162,163,164,181
181: 197,214,180,198
182: 183,165,164,198,184
183: 148,182,198,184
184: 199,183,182,200,217
185: 202,167,168
186: 202,203,219,201
187: 204,203,188
188: 171,170,204,187
189: 190,172,171,205,173
190: 189,172,206,205,156,173,191
191: 190,156,173
192: 174,175,176,209,210,193
193: 209,210,227,176,192
194: 178,177,211,212,195
195: 211,212,178,177,194,196
196: 179,178,177,212,195
197: 181,214,198
198: 199,215,197,181,183,182
199: 198,215,216,184,217
200: 201,217,184,167,202
201: 200,217,218,202,186
202: 186,185,200,201,168
203: 186,219,204,187
204: 187,203,188,171
205: 206,207,222,171,189,190
206: 205,207,222,190
207: 206,205,238,224,223
208: 224,240,241,209,225
209: 210,225,193,208,192,226
210: 209,227,225,193,192,226
211: 212,195,194
212: 211,195,178,194,196
213: 229,214
214: 197,181,213
215: 198,199,216,217
216: 199,215,217,232
217: 200,201,199,215,216,184,218
218: 233,201,217,234
219: 203,186,234,235,220
220: 236,219,234,235,248
221: 237,222
222: 206,205,237,221
223: 239,240,207,238,224
224: 208,207,239,240,223,241,225
225: 209,210,208,224,241,226
226: 241,209,210,227,225,242
227: 210,193,226,243
228: 243,242
229: 213,408
230: 231,244
231: 230,244,257,232,245
232: 233,245,216,231,257,258
233: 232,245,218,258
234: 235,247,248,218,219,220
235: 234,247,248,219,220
236: 237,220,250,262,263,249,251
237: 236,250,221,222,251
238: 252,207,239,253,223
239: 240,253,223,241,266,238,252,224
240: 239,253,223,241,266,208,224
241: 239,240,208,224,225,226
242: 243,228,226
243: 228,242,227
244: 230,231
245: 232,233,231,257,258,246
246: 258,259,270,245
247: 234,235,248,260
248: 234,235,247,260,261,220,249
249: 262,263,248,261,236,250
250: 236,237,262,263,249,251
251: 236,237,250,263
252: 238,264,239,253
253: 239,240,266,238,252,264,265
254: 267,268,255
255: 267,268,254
256: 268,255,242
257: 231,232,245,258
258: 246,257,232,233,245
259: 246,270,269
260: 261,271,247,248
261: 260,271,248,262,272,249
262: 263,272,249,261,236,250
263: 262,249,236,250,251
264: 252,253,265
265: 276,264,253
266: 239,240,253
267: 268,277,254,255
268: 267,254,255,256
269: 259,270
270: 259,246,269,271
271: 260,261,270,279
272: 262,261,279,280,273
273: 280,281,279,272
274: 282,275,281
275: 282,274,276,283
276: 265,275,283
277: 267
278: 279
279: 278,271,272,280,273
280: 281,273,279,272
281: 280,273,282,274
282: 275,274,281,283
283: 282,275,276
284: 514,357,422,525,463,569
285: 452,352,313,538
286: 379,345,417
287: 518,442
288: 343,300,290,339,397
289: 346,515,565
290: 343,300,288,423
291: 547,344
292: 416,428
293: 393,344,339
294: 502,365,407,495,411
295: 388,550,439,307
296: 564,543,377,574,421
297: 440,444
298: 384,364,543
299: 402,552,364,543
300: 288,290,336,397
301: 463,436,405
302: 318,383,320,474,484
303: 583,557,341
304: 410,467
305: 466,489,487
306: 321,561
307: 316,340,477,550,295
308: 419,371
309: 558
310: 450,444,406,338,573
311: 320,474,499,337
312: 456,333,563,515,565
313: 538,442,285
314: 399,404,545,555
315: 528,365
316: 340,307,562,361
317: 518,483,452,557
318: 302,383,395,433
319: 368,545,489,446,487
320: 311,474,499,302,383
321: 306,470,368,533,548
322: 394,513
323: 498
324: 389,325
325: 324,389,342,390
326: 369,337,513
327: 551,574,467,390
328: 511,575,380,351
329: 408,398,582
330: 336,507,397,393,391
331: 486,576,408,424
332: 387,450,509
333: 456,312,337,375,563
334: 536,464,539
335: 479,445,421,564,360
336: 330,507,397,300
337: 375,326,333,311
338: 419,450,310,579,509
339: 381,293,397,288
340: 316,307,550,531,458
341: 415,352,303
342: 363,325
343: 288,290,426,423
344: 293,291,547,381
345: 520,497,417,286,379,431
346: 289,512,527
347: 549,473,382
348: 581,493,541
349: 401,480,500,540,541
350: 491,461
351: 536,328,575
352: 285,452,341
353: 542,425
354: 378,529,422,514
355: 376,438
356: 534,453
357: 284,514,544,379,569,431
358: 396,443,404,466,555
359: 495,560,578,418,435
360: 551,421,335
361: 483,531,562,316
362: 501
363: 342
364: 298,299,402
365: 294,502,315,407
366: 454,472,482,382
367: 391,461,491,507
368: 545,319,321,533,446
369: 326
370: 486,576,497,475
371: 396,443,308,419,579
372: 480,492,485,427
373: 523,425,478,393
374: 441,502
375: 337,513,563,546,333
376: 401,438,355
377: 384,410,467,574,296
378: 354,514,544
379: 286,357,544,431,345
380: 511,328,549,454
381: 339,469,344
382: 482,347,366,473,440
383: 302,318,320,506
384: 298,377,409,410
385: 465
386: 492,412
387: 332,566,509,580,498
388: 429,550,295,413,437
389: 324,325
390: 325,327
391: 367,461,523,393,330,507
392: 468,516
393: 293,523,373,391,330
394: 322
395: 485,488,318
396: 371,358,566
397: 330,336,339,300,288
398: 329,408,582,520,486
399: 404,314,561
400: 483,531,583,557
401: 376,349,540,471
402: 299,364,432,470
403: 
404: 399,314,443,358,555
405: 436,301,329
406: 473,440,310
407: 294,365,448,411
408: 329,398,486,331,229
409: 91,410,384
410: 304,467,409,384,377
411: 416,448,294,407,560
412: 427,386
413: 388
414: 471,493,508
415: 341
416: 448,411,503,292
417: 345,497,286,530,434
418: 524,359,495
419: 338,573,308,371,579
420: 516,472,511,505,468,454
421: 551,574,564,296,360,335
422: 426,529,354,284,514,525
423: 525,463,343,290
424: 331,576,455
425: 523,373,353
426: 529,422,469,343,525
427: 412,372
428: 447,521,503,292
429: 388,550,437,567,458
430: 571,556,572,475
431: 582,569,357,379,345,520
432: 561,402
433: 485,318,492,570
434: 572,475,497,417
435: 526,359,578,535,464
436: 405,301
437: 429,388
438: 376,427,480,355
439: 453,568,577,295
440: 473,406,382,444,297
441: 532,374
442: 287,518,313,285,452
443: 371,358,404
444: 450,310,440,297
445: 479,335
446: 368,319,533
447: 428,459,465
448: 416,411,407
449: 477,577
450: 310,444,338,509,332
451: 476,508,581
452: 285,352,518,317
453: 439,568,356
454: 549,366,511,380,420,472
455: 571,556,576,424
456: 333,312,474,484,565
457: 462,505,575
458: 567,340,429,550,531
459: 447,521,526,539
460: 547,469,529
461: 391,367,523,350
462: 457,505,468,537
463: 423,525,301,284,569
464: 535,435,526,334
465: 385,447
466: 305,489,358
467: 304,410,377,574,327
468: 462,505,537,516,420,392
469: 381,426,529
470: 321,402,552,548
471: 414,401,494
472: 516,420,454,366
473: 440,406,347,382
474: 311,320,456,484,302
475: 434,572,370,430,556
476: 508,451
477: 449,307
478: 542,373
479: 335,445,564,490,510
480: 372,500,349,438
481: 
482: 382,366
483: 400,531,361,317,557
484: 512,565,456,474,302
485: 488,395,433,492,372
486: 370,331,576,408,398
487: 319,305,446
488: 485,395
489: 305,466,555,545,319
490: 501,510,479
491: 350,367
492: 386,570,485,433,372
493: 540,581,348,414
494: 471
495: 359,560,524,294,502,418
496: 553,580,498
497: 345,520,417,434,370
498: 323,387,496
499: 311,320
500: 480,349,541
501: 490,510,552,362
502: 294,365,374,524,495
503: 416,560,578,428,521
504: 
505: 457,462,468,511,575,420
506: 318,383,395
507: 330,336,391,367
508: 476,451,414,558
509: 579,566,338,450,332,387
510: 490,501,564,552,479
511: 328,575,380,505,454,420
512: 484,565,346,570,527
513: 375,546,322,326
514: 284,357,544,354,378,422
515: 312,289
516: 420,472,468,392,554
517: 386,527
518: 287,317,452
519: 528
520: 345,497,582,431,398
521: 428,459,578,503,526
522: 
523: 425,373,393,391,461
524: 502,418,495
525: 423,463,426,422,284
526: 435,578,464,521,459,539
527: 570,346,512,517
528: 315,519
529: 426,422,460,354,469
530: 286,417
531: 483,400,361,340,458
532: 441
533: 548,321,368,446
534: 356
535: 464,435
536: 334,351,575
537: 462,468
538: 313,285
539: 526,459,334
540: 493,541
541: 540,500,348
542: 353,478
543: 564,296,298,299
544: 514,357,378,379
545: 368,319,314,489,555
546: 375,513,563
547: 460,291,344,469,381
548: 533,321,470
549: 347,454,380
550: 429,388,295,340,307,458
551: 574,421,327,360
552: 299,470,501,510
553: 496,580
554: 516
555: 489,404,314,358,545
556: 430,571,455,475,576
557: 303,583,317,483,400
558: 309,508
559: 563
560: 359,495,578,411,503
561: 432,399,306
562: 316,361
563: 375,546,559,333,312
564: 543,296,421,479,335,510
565: 484,512,456,312,289
566: 579,509,396,580
567: 458,429
568: 577,439,453
569: 582,431,284,357,463
570: 492,527,512,433
571: 430,556,455
572: 434,475,430
573: 419,310
574: 551,421,327,467,377,296
575: 511,328,536,351,457,505
576: 486,370,331,556,455,424
577: 449,568,439
578: 359,560,503,435,526,521
579: 566,509,338,419,371
580: 496,553,566
581: 348,493,451
582: 569,431,520,329,398
583: 303,557,400