0: 188,165,342,85,428,50,479
1015: 
2: 680,286,600,804
3: 279,330,117,653,60,485,128,140
4: 587,194,245,834,553,145,577
5: 210,307,366,417,40,134,354,316
6: 361,963,647,454,708
7: 431,369,256,31,93,54,205,503
8: 104,266,553,83,162,464,337,452,499,287
9: 53,214,155,451,124,239,493,358
10: 59,440,392,227,251,66,473,411,41,303
11: 424,12,17,175,64,193,33,300
12: 424,131,11,477,17,175,300,111
13: 459,68,18,289,360,319
14: 342,242,415,270,334,492,165
15: 437,45,212,237,161,427,252,395,75
16: 102,457,679,445,151,57,385,284,349
17: 352,477,175,64,193,12,11
18: 438,419,414,289,390,68,13
19: 296,103,441,301,79,121,472
20: 310,228,309,301,79,447,338,201,156
21: 404,144,475,373,100,484
22: 436,429,297,360,338,319,309,38
23: 686,936,74,520,51,621,236,261
24: 348,430,356,383,120,645,772
25: 168,346,366,305,474,69,81
26: 365,305,304,316,198,40,366,375
27: 458,468,476,191,36,467,136
28: 362,132,510,693
29: 809,240,458,846,476,318,989,54,467
30: 51,220,401,621,607,196,374,73,32
31: 336,258,93,36,205,136,241,7
32: 498,191,321,310,47,196,30,401,468
33: 308,300,340,219,64,11,419
1040: 593
35: 63,285,280,497,203,409,70,410,199,94
36: 498,191,27,468,258,31,205,136
37: 878,833,253,841,581,567
38: 332,221,459,77,319,22,297
39: 63,409,410
40: 417,134,357,491,5,26,304,316
41: 166,411,224,433,251,10,59,363,490,469
42: 386,96
43: 471,370,793,996,95,172,535
44: 117,206,202
45: 437,212,15,142,924,186,252,395,75
46: 118,898,87,712,353,281,323,368
47: 196,201,374,310,228,321,32
48: 431,369,241,85,242,232,264
49: 424,131,455,432,290,55,111
50: 82,428,407,188,0,207,479
51: 220,30,401,621,236,686,23,936,74,261
52: 72,290,339,268,276,432,408,406
53: 9,160,214,155,166,239,182,58,358
54: 467,205,136,476,29,240,7,84,503
55: 294,111,432,49,190,72,290,135,317
56: 320,295,176,545,950
57: 269,292,385,445,16,380,387,349,235
58: 183,170,53,160,292,182,493,127,358
59: 10,440,392,92,184,251,469,411,41,303
60: 202,485,322,3,128,140,184
61: 472,997,103,79,1026,201,374,73
62: 560,938,442,326,83,377,464,298,113,439
63: 35,285,280,391,39,273,409,410
64: 78,219,193,352,17,11,33,340
65: 235,354,333,174,183,170,134,210
66: 478,402,473,155,10,214,303
67: 264,257,948,267,431,232,226,1023
68: 459,13,77,18,419,289,108,390,319
69: 474,341,71,307,366,168,25
70: 410,199,35,203,94,288,667
71: 69,341,354,333,307,150,216
72: 190,227,290,98,52,432,408,406,55,440,478
73: 196,201,374,997,61,607,1026,30,621
74: 686,23,936,697,837,520,51,236
75: 195,45,15,237,216,427,252
76: 490,469,152,122,324,92,140,251,248
77: 459,68,108,390,91,217,38,221
78: 219,64,487,1007,193,315,314
79: 19,103,301,121,61,447,228,20,201
80: 234,384,272,274,350,328,450,617
81: 158,497,203,474,341,168,25,285,280
82: 428,50,407,246,255,396,403
83: 326,162,377,464,62,8,104,298,439
84: 503,54,240,680
85: 342,242,0,48,204,479,232
86: 139,171,314,875,787,352,477
87: 118,898,46,712,353,281
88: 359,133,367,414,121,230,296
89: 157,110,244,173
1022: 676
91: 107,108,123,263,77,189,446,217,461
92: 140,184,251,128,122,324,59,490,469,76
93: 336,258,31,205,369,241,7,256
94: 115,149,288,35,398,203,274,70
95: 379,312,996,948,267,1023,370,43
96: 609,42
97: 116,142,355,102,262,457,284,437
98: 190,72,227,478
99: 451,239,153,200,421,493,167,491
100: 373,270,21,144,484,213,165
101: 298,113,787,477,175,254,455,131
102: 262,457,16,679,387,284,349,97,437
103: 19,441,301,79,472,997,61,201
104: 8,266,878,841,560,83,377,464
105: 494,247,394,323,129,359,368,133
106: 448,185,507,584,423,823,918
107: 108,123,91,300,294,111,177,263
108: 107,123,390,91,68,77,217
109: 139,171,425,302,277,753,313
110: 278,157,89,244,173,304,198,246,375
111: 294,55,177,424,12,49,131,107
112: 959,735,470,767,568,381
113: 298,101,787,439,62,875,442
994: 904,899
115: 94,149,288,767,667,381,519,470
116: 142,355,97,376,262,347,496,186,393
117: 337,44,452,206,653,3,202,485,322
118: 898,46,87,208,856,323,129,359,368
119: 864,211
120: 450,146,331,412,348,430,24,443
121: 230,364,88,296,19,441,301,79
122: 128,423,823,324,92,140,76
123: 107,108,390,91,308,300,419,177
124: 451,239,402,155,344,282,9
125: 426,209,156,498,321,163,345,492,336,258
126: 313,243,179,277,805,238,495
127: 417,493,134,358,58,183
128: 122,823,918,3,279,60,485,92,140
129: 359,368,118,898,208,105,329,367
130: 463,1016,689,770,612,1037,740,1039
131: 424,12,49,101,175,455,432,111
132: 252,395,510,924,418,362,28
133: 359,88,247,105,414,230
134: 417,493,40,127,183,65,210,5
135: 478,402,190,55,317,344
136: 54,467,205,191,36,27,476,31
137: 405,549,667,635,519,862,785
138: 330,577,465,537,462,279
139: 109,86,171,302,875
140: 92,184,251,3,60,322,128,122,823,76
991: 701,524,526
142: 116,355,97,262,284,437,45,186
1037: 953,1016,130,740,1039
144: 21,404,229,456,100,399,244,484
145: 577,4,587,553,452,653,499
146: 120,450,331,768,234,348,430,443,488
147: 979,601,728,154,855,662,884
1010: 558,854
149: 115,94,288,398,274,767,617,470
150: 237,216,161,354,333,174,341,71
151: 192,445,265,363,434,152,269,420,385,16,679
152: 363,490,434,76,855,1036,248,979,192,151
153: 200,421,282,446,215,451,99
154: 979,147,601,944,855,625,1036,662,884
155: 66,478,402,344,9,53,214,303,124,239
156: 311,426,209,125,310,228,20,309,223,436,321
157: 278,89,110,244,484,173,213,246
158: 328,497,81,168,346,271,384
159: 486,218,408,406,206,339,268,202,322,440
160: 53,214,166,433,453,182,58
161: 237,150,216,427,387,333,174,212,15
162: 326,83,464,8,266,439,337,206,499,339,164,287,254
163: 345,492,223,426,209,125,373,415
164: 339,268,287,326,162,298,254,276
165: 213,188,0,270,100,342,14
166: 411,224,433,41,453,53,160,214,303,182
167: 173,399,357,491,99,200,456,304
168: 346,25,305,474,69,271,158,497,81
1031: 1011,233,231,552
170: 58,183,292,182,380,65,235
171: 139,109,86,314,302,277,875,313,487
172: 388,1023,858,471,370,43,609
173: 167,399,357,491,157,89,110,244,304,198
174: 65,235,333,380,387,349,212,150,161
175: 352,477,17,101,787,455,12,131,11
176: 545,351,778,56,320
177: 294,111,263,424,308,300,107,123
995: 637
179: 805,655,343,126,238
180: 671,347,708,839,628,393
181: 425,259,302,197,533
182: 269,292,166,453,53,160,58,170
183: 58,170,134,127,65,235,210
184: 92,140,251,60,485,322,218,59,392
185: 448,507,106,1008,423,770,612
186: 924,116,142,355,437,45,395
187: 383,449,207,260,412,388,226,356
188: 213,165,0,278,342,246,428,50
189: 317,344,282,263,91,461,215
190: 72,227,290,98,55,478,135
191: 498,321,32,36,401,27,468,258,136
192: 445,151,265,855,434,152,979,601,679
193: 78,64,487,1007,314,352,17,11
194: 4,587,245,610,916,834,1013
195: 273,75,237,216,391
196: 47,201,374,73,30,401,621,321,32
197: 935,335,533,259,181
198: 365,26,304,173,110,246,375
199: 70,410,275,35,988,288,405,667
200: 153,421,456,99,167,399,491
201: 47,196,374,73,103,79,61,228,20
202: 60,485,322,44,452,117,206,268,218,159
203: 328,497,398,81,35,280,70,94
204: 207,479,232,260,85,264,257
205: 54,467,136,36,31,93,7,503
206: 337,44,452,117,499,162,268,287,202,485,159
207: 204,479,260,50,407,257,378,449,187
208: 118,898,856,769,129,368,329
209: 311,426,156,125,310,223,436,415,163,345
210: 5,307,183,134,65,354,333
211: 483,687,119
212: 437,45,15,387,284,174,237,161,427
213: 188,165,270,100,278,157,484
214: 9,53,160,303,66,155,166,411
215: 446,217,461,189,282,451,153,421
216: 237,150,161,341,71,195,75,391
217: 446,461,215,108,91,77,229,221
218: 408,159,202,322,184,440,392
219: 78,64,1007,315,494,33,308,340,438
220: 51,30,401,621,936,458,468,261
221: 332,229,38,459,77,446,217,297
222: 327,329,769,291,249
223: 436,429,311,209,156,373,415,163
224: 166,411,433,41
225: 403,378,482,412,325,450,331
226: 388,1023,260,264,257,67,187
227: 190,72,98,408,10,440,478,473
228: 310,20,309,79,47,201,374,156,321
229: 332,221,446,217,421,456,404,144
230: 289,121,364,133,88,414,301
231: 462,552,233,517,537,1031
232: 204,479,85,242,48,431,264,257,67
233: 502,517,537,1031,1011,231
234: 272,80,274,450,146,768,568,617
235: 65,333,174,292,57,183,170,380,387
236: 51,621,607,697,23,74
237: 150,216,161,427,212,15,195,75
238: 353,281,495,179,712,655,243,126
239: 451,124,99,155,9,53,493,358
240: 29,809,476,989,54,467,84,503
241: 48,369,334,336,31,93,242
242: 342,85,14,334,48,241,232
243: 313,126,314,238,495,487,1007
244: 157,89,110,484,456,144,173,399
245: 4,194,834,1013,465,577
246: 481,375,255,278,157,110,188,198,82,428
247: 494,394,105,359,133,340,438,414
248: 855,625,1036,324,490,76,152
249: 222,327,329,441,472
1038: 
251: 92,140,184,10,59,392,469,76,41
252: 395,132,510,45,15,75
253: 37,878,921,560,744
254: 455,276,432,326,162,298,101,439,339,164
255: 481,246,375,82,428,396
256: 431,369,7,93,503,413,948
257: 264,67,207,204,232,260,226,1023
258: 336,31,93,426,125,498,191,36,345
259: 425,181,197,935,533,277,753
260: 207,204,257,449,187,388,226
261: 458,846,468,476,51,220,23,936,318,306
262: 102,457,376,496,116,142,97
263: 294,177,107,91,189,317,461
264: 257,67,948,267,48,431,204,232,226
265: 192,445,151,979,601,728,679
266: 8,104,553,833,841,587,162,464,337,499
267: 264,67,948,312,95,1023,370
268: 339,164,287,337,206,202,486,408,406,159,52
269: 292,57,420,385,182,433,453,151
270: 373,415,100,492,213,165,342,14
271: 372,350,466,168,346,158,328,384
272: 234,384,80,350,325,482,450,768
273: 195,63,285,391,409
274: 234,384,80,328,497,398,94,149,767,617
275: 410,199,409,988,405
276: 254,455,432,326,339,164,52
277: 805,753,425,259,109,171,313,126
278: 157,110,484,213,188,246,428
279: 3,330,138,462,584,128,918
280: 35,63,285,474,497,203,81,410
281: 353,238,495,712,655,46,87,323
282: 189,344,461,215,451,124,153
1019: 504,1014,546,516
284: 387,349,102,16,142,97,437,212
285: 35,63,280,391,474,341,273,81
286: 680,2,566,803
287: 339,164,268,8,162,337,206
288: 115,94,149,70,199,667,519
289: 230,364,18,414,68,13,360
290: 190,72,52,432,49,55
291: 812,545,222
292: 269,57,385,182,58,170,380,235
293: 712,655,840
294: 55,111,177,263,107,317
295: 56,320,950,697
296: 19,441,88,327,329,367,121
297: 22,436,429,475,319,332,38,221,404,373
298: 113,101,787,439,62,326,83,477,164,254,455
299: 353,323,389
300: 33,308,424,12,11,177,107,123
301: 19,103,79,121,230,364,447,20
302: 425,181,139,109,171
303: 214,10,59,66,473,155,166,411
304: 26,316,198,40,167,173,357,110
305: 365,26,316,366,168,346,25,422,372
306: 318,929,989,686,936,861,261
307: 210,5,366,354,316,69,71
308: 33,300,340,219,419,177,123,390
309: 310,228,20,447,338,22,436,156
310: 228,20,309,47,426,209,156,321,32
311: 209,156,223,436
312: 379,996,95,413,948,267,566
313: 243,126,277,109,171,314,487
314: 86,171,313,243,352,477,78,487,193
315: 78,219,1007,495,494,394,389,340
316: 305,26,304,40,357,5,307,366
317: 189,344,294,55,263,402,135
318: 929,306,989,936,458,846,476,261,29
319: 360,338,459,68,13,38,22,297
320: 56,295,176,351
321: 498,191,32,310,228,47,196,426,156,125
322: 60,202,485,117,218,159,140,184,392
323: 394,389,105,353,299,281,118,46,368
324: 122,423,823,92,625,1036,248,76
325: 350,466,396,481,225,403,482,272
326: 83,162,464,62,298,439,164,254,276
327: 222,329,367,249,296,441,472
328: 158,497,398,203,271,384,80,274
329: 222,327,367,208,769,129,249,296
330: 577,138,653,462,3,279
331: 120,450,146,225,482,412,430
332: 229,38,221,297,475,404
333: 65,235,354,174,210,150,161,71
334: 345,492,336,342,14,242,241
335: 958,531,197,935,533
336: 258,31,93,125,334,345,492,369,241
337: 452,117,206,499,8,266,162,268,287
338: 360,447,319,20,309,22,436
339: 164,268,287,162,254,276,432,406,159,52
340: 33,308,219,64,315,494,247,438,419
341: 474,69,71,150,216,285,391,81
342: 85,14,242,270,334,188,165,0,479
343: 655,722,179,805
344: 189,317,282,402,135,155,124
345: 334,163,492,209,125,415,336,258
346: 168,25,422,365,305,372,271,158
347: 671,496,180,116,355,839,393
348: 430,24,120,146,645,443,687,772
349: 380,387,284,57,385,102,457,16,174
350: 372,466,271,325,482,384,272,80
351: 778,176,320,756
352: 477,17,175,86,314,787,64,487,193
353: 299,238,281,495,46,87,323,389
354: 65,333,210,5,307,150,71
355: 116,142,97,347,839,924,186,393
356: 430,24,383,187,388,858,645
357: 167,173,491,417,493,40,304,316
358: 493,127,9,53,239,58
359: 129,368,133,88,118,247,105,367
360: 447,338,319,289,364,13,22
361: 6,454,708,671
362: 28,747,924,132,510,418
363: 490,434,469,152,433,41,151,420
364: 289,121,230,414,301,360,447
365: 305,26,198,481,375,346,422,372,466
366: 5,307,305,26,316,69,25
367: 327,329,129,359,88,296,441
368: 129,359,118,898,46,208,394,323,105
369: 48,431,241,7,256,336,93
370: 471,43,267,996,95,1023,172
1020: 663,670,691
372: 350,466,271,365,305,481,375,346,422
373: 415,270,100,223,429,297,475,21,404,163,492
374: 47,196,201,73,61,1026,228,30
375: 481,246,255,110,365,26,198,428,372
376: 555,262,457,679,496,116
377: 83,464,878,841,560,62,938,104,439
378: 225,403,412,407,207,449
379: 312,996,95,413,566,803
380: 387,349,292,57,170,235,174
381: 519,115,112,735,470
1016: 968,463,130,887,1037
383: 449,187,412,388,430,24,356
384: 272,80,274,350,271,158,328
385: 269,292,57,420,434,445,151,16,349
386: 42
387: 380,284,349,57,102,235,174,437,212,161
388: 226,1023,172,858,260,383,187,356
389: 494,394,323,353,299,495,1007,315
390: 108,123,308,18,419,459,68,77
391: 63,285,216,341,273,195
392: 10,59,440,322,218,184,251,473
393: 819,347,180,116,355,839
394: 494,247,323,389,105,315,368
395: 252,132,510,45,15,924,186
396: 466,325,481,255,82,403
1014: 1019
398: 328,497,203,274,94,149,617
399: 167,173,200,456,144,244
400: 911,850,988,693
401: 51,220,30,621,196,191,32,458,468
402: 66,478,135,155,317,344,124
403: 225,378,82,407,396,325
404: 21,144,332,229,297,475,456,373
405: 137,549,667,988,199,275,850
406: 486,408,159,339,268,72,52
407: 82,50,207,479,403,378,449
408: 486,218,406,159,268,72,227,52,440
409: 273,35,63,39,410,275
410: 70,199,275,35,63,280,39,409
411: 166,224,433,41,10,59,473,214,303
412: 225,378,383,449,187,120,331,430
413: 503,256,680,948,379,312,566
414: 438,18,247,133,88,289,230,364
415: 373,270,223,429,209,163,345,492,14
416: 590,418,869,839,819,924,596
417: 493,40,134,127,357,491,5
418: 590,416,869,819,924,132,362,747
419: 438,18,33,308,340,123,390,68
420: 269,385,363,434,433,453,151
421: 153,200,456,446,215,229,99
422: 346,365,305,372
423: 122,823,324,918,448,185,106,625
424: 12,49,131,11,300,111,177
425: 259,181,302,277,753,109
426: 209,156,125,310,498,321,163,258
427: 237,161,212,15,75
428: 82,50,278,188,0,246,375,255
429: 223,22,436,297,475,373,415
430: 348,24,356,412,383,449,120,146,331
431: 48,369,7,256,232,264,67,948
432: 254,455,276,339,49,131,72,290,52,55
433: 166,411,224,41,453,363,434,160,269,420
434: 363,490,152,433,192,151,420,385
997: 472,61,950,103,1026,73
436: 223,22,429,297,338,309,311,209,156
437: 45,212,15,102,387,284,142,97,186
438: 18,419,414,219,494,247,340
439: 298,113,787,62,938,442,326,83,162,377,254
440: 10,59,392,218,408,159,72,227,473
441: 296,19,103,327,367,249,121,472
442: 875,845,62,744,938,113,787,439
443: 488,120,146,768,348,687
1039: 740,130,1037,953
445: 192,151,265,57,385,457,16,679
446: 217,461,215,91,229,221,153,421
447: 360,338,364,301,79,20,309
448: 185,106,423,770,612,944,625
449: 383,187,407,207,260,378,412,430
450: 120,146,331,768,225,482,234,272,80
451: 124,239,99,282,215,9,153,493
452: 337,117,206,653,499,8,553,145,577,202
453: 166,433,160,269,420,182
454: 708,6,361,963
455: 254,276,432,298,101,175,49,131
456: 200,421,229,404,144,167,399,244
457: 102,262,16,679,445,376,349,97
458: 27,846,468,476,261,220,401,318,29
459: 68,13,77,390,319,38,221
1034: 750,1030,646
461: 446,217,215,263,91,189,282
462: 231,584,552,537,330,138,279,918
463: 968,1016,130,1008,689,770,612
464: 326,83,162,377,841,62,8,104,266
465: 517,537,1013,245,577,138
466: 372,350,396,271,325,365,481
467: 54,205,136,27,476,29,240
468: 27,458,476,261,220,401,191,32,36
469: 363,490,76,92,251,59,41
470: 112,959,735,115,149,767,617,381,519
471: 370,43,793,172,535
472: 997,61,327,249,950,19,103,441
473: 66,478,227,10,440,392,411,303
474: 69,341,168,25,285,280,81
475: 429,297,332,21,404,373
476: 27,458,846,468,261,318,54,467,136,29,240
477: 352,17,175,875,86,314,298,101,787,12
478: 66,402,473,135,155,190,72,227,98
479: 207,204,232,0,342,85,50,407
480: 695,891
481: 246,375,255,365,372,466,396,325
482: 225,350,325,272,450,331
483: 687,772,211
484: 278,157,244,21,144,100,213
485: 60,202,322,117,206,653,3,128,184
486: 408,406,159,268
487: 78,1007,193,171,314,313,243,495,352
488: 443,146,768,568,687
992: 816,546,791,806
490: 363,434,469,76,152,92,248,41
491: 167,173,357,99,200,417,493,40
492: 334,163,345,125,373,415,270,336,14
493: 417,134,127,358,9,451,239,99,58,357,491
494: 247,394,389,105,219,315,340,438
495: 353,238,281,243,126,487,1007,315,389
496: 671,347,376,262,116
497: 158,328,398,203,81,168,35,280,274
498: 191,321,32,36,426,125,258
499: 337,452,206,587,8,266,553,162,145,577
500: 707
501: 734,773
502: 233,848,681
503: 84,413,54,205,240,7,256,680
504: 1019,516,872,802
505: 
506: 852
507: 185,106,552,1008
508: 902,705
509: 818,990,871
510: 252,395,132,362,28
511: 
512: 605,915,864
513: 775
514: 629,928,907,595,917
515: 
516: 546,1019,504,1018,945
517: 465,537,1013,233,231
518: 583,681,1011
519: 381,115,288,137,667,635,470
520: 837,814,686,23,74
521: 910,569
522: 565,973
523: 627
524: 796,701,991
525: 877,684
526: 710,947,991
527: 
528: 657,831
529: 730
530: 826,591,684
531: 335,547
532: 730
533: 958,335,197,259,181
534: 
535: 471,43,793,724
536: 925
537: 517,465,1013,233,138,462,231,552
538: 542,962
539: 910
540: 
541: 
542: 538,794,962
543: 854,558
544: 
545: 176,291,56
546: 992,816,1019,516
547: 531
548: 
549: 405,137,667,635,850,862
550: 761,867
551: 905,636,743
552: 462,231,584,537,1031,507
553: 8,266,833,841,4,587,145,577,452,499
554: 
555: 376,601,728,679
556: 851
557: 919,567
558: 1010,543,854
559: 738
560: 62,744,938,921,878,253,104,377
561: 847
1033: 774
563: 573,721
564: 
565: 522
566: 803,413,680,286,379,312
567: 557,581,37
568: 767,617,234,768,488,112
569: 521,910,711
570: 
571: 908,675
572: 932,593
573: 563,721
574: 643
575: 
576: 
577: 145,330,138,4,245,553,465,452,653,499
578: 616
579: 755
580: 784,982
581: 567,914,37
582: 
583: 518,830
584: 462,552,279,106,823,918
585: 608
586: 715
587: 4,194,833,266,553,145,499
588: 602
999: 658,605,1032,1024
590: 418,416,869,596
591: 826,684,530
1026: 607,950,997,61,374,73,621
593: 1040,572
594: 1025,732,610
595: 917,514,907
596: 954,839,819,590,416
597: 815
598: 808
599: 894
600: 804,2,905,984
601: 979,147,728,154,192,265,555,679
602: 926,588
1030: 750,1034,646
604: 923,751
605: 915,512,999,658
606: 879,868
607: 697,1026,73,30,621,236
608: 585
609: 645,172,858,96
610: 594,916,834,194
611: 626
612: 689,770,1008,448,185,968,463,130
613: 743
614: 
615: 619
616: 713,578
617: 767,568,398,234,80,274,149,470
618: 835
619: 615
620: 
621: 51,220,30,401,236,607,697,1026,196,73,23
622: 752
623: 980
624: 
625: 855,1036,248,448,423,324,770,944,154
626: 611
627: 523
628: 839,180,879,954,652
629: 514,920,647,963,928
630: 964
631: 
1025: 594,732,852
633: 970
1013: 834,194,245,517,465,537
635: 137,549,667,519,862,785
636: 905,551
637: 995,758
638: 803,996,672
639: 779
640: 795
641: 
642: 
643: 574,826,913
644: 
645: 609,348,24,356,772
646: 750,1034,1030
647: 953,6,963,629
648: 746
649: 929,989,706,809
650: 840,736
651: 
652: 891,954,628
653: 452,117,145,330,577,3,485
654: 754
655: 712,343,293,179,238,281
656: 900
657: 528
658: 999,605,915
659: 760
1036: 855,625,248,324,944,152,884,979,154
661: 
662: 740,884,147,728,154
663: 1020,820,670
664: 
1028: 
666: 
667: 405,137,549,635,70,199,115,288,519
668: 703,890
669: 
670: 663,1020
671: 347,496,180,361,708
672: 638,836,724
673: 
674: 685
675: 940,571
676: 1022,700
677: 737,873
678: 756
679: 102,457,16,601,192,445,151,265,555,376
680: 2,286,84,503,413,566
681: 848,502,518
682: 
683: 
684: 826,591,530,877,525
685: 674
686: 23,936,74,520,51,861,306
687: 483,772,348,443,488,211
688: 
689: 770,612,944,463,130,740,884
690: 811
691: 1020
692: 
693: 853,28,747,400
694: 
695: 956,480,976
696: 
697: 607,295,837,621,236,74
698: 923
1017: 861,815,842,849
700: 676
701: 796,524,991
1035: 827
703: 668
704: 810
705: 508
706: 842,849,649
707: 957,500,876
708: 454,6,361,671,180
709: 749,923
710: 947,526
711: 569
712: 655,293,238,281,898,46,87
713: 616
1024: 745,999
715: 586,886
716: 
717: 
718: 
719: 777
720: 
721: 563,573,843
722: 813,805,343
723: 
724: 883,793,672,535
725: 
726: 
727: 1027
728: 979,147,601,662,265,555
729: 799
730: 529,532,945
996: 379,312,95,803,638,370,43,793
732: 1025,594,852
733: 961
734: 501,773,844
735: 112,959,470,1029,381
736: 650
737: 677,755
738: 872,559
739: 931
740: 662,1039,884,130,689,1037
741: 869,747,853
742: 
743: 551,613
744: 560,938,921,966,253,442,845
745: 1024,817,986
746: 973,648
747: 362,418,869,741,853,693
748: 952
749: 709
750: 1034,1030,646
751: 955,604
752: 622
753: 277,805,425,259,109
754: 654
755: 737,579
756: 351,678
757: 
758: 637
1029: 959,735
760: 659
761: 550
762: 982
763: 946,824
1023: 388,226,172,257,67,267,95,370
1011: 1031,233,518,978
766: 
767: 568,617,274,115,149,112,470
768: 450,146,234,272,568,443,488
769: 934,208,812,222,329
770: 689,612,944,1008,448,185,968,463,130,625,884
771: 892
772: 483,687,348,24,645
773: 734,501,844,972
774: 1033
775: 513,791
776: 
777: 719
778: 351,176
779: 639,967
780: 863
1009: 
782: 
783: 859
784: 580,982
785: 137,635,862
786: 
787: 298,113,101,439,875,442,86,352,477,175
788: 893,827
789: 977,800
1008: 1021,185,507,968,463,770,612
791: 775,992
792: 
793: 471,43,996,535,724
794: 542,962
795: 640
796: 701,524
797: 
798: 
799: 729
800: 977,789
801: 901
802: 504
803: 566,638,286,379,996
804: 600,2
805: 179,277,753,722,343,126
806: 922,992,816
1021: 978,1008,901,968
808: 598
809: 29,240,929,989,649
810: 704
811: 690
812: 291,769,934
813: 722
814: 837,520
815: 1017,597,849
816: 992,546,806,1018
817: 986,745
818: 509,990
819: 924,393,839,596,418,416
820: 663
821: 
822: 835
823: 128,122,423,324,918,584,106,140
824: 998,763
825: 
826: 591,684,530,643
827: 1035,788,893
828: 
829: 
830: 951,583
831: 972,528
832: 
833: 37,841,916,587,266,553
834: 1013,610,4,194,245
835: 974,618,822
836: 672
837: 520,697,814,74
838: 887
839: 628,347,180,355,819,924,393,954,596,416
840: 650,293
841: 37,878,833,104,266,553,377,464
842: 706,861,1017,849
843: 721
844: 972,734,773
845: 442,966,744,938
846: 458,476,261,318,29
847: 561,971
848: 681,502
849: 1017,815,706,842
850: 911,400,988,405,549
851: 864,556
852: 506,1025,732
853: 693,869,747,741
854: 543,1010,558
855: 625,1036,248,152,979,147,154,192
856: 118,898,208,934
1012: 867
858: 388,172,356,609
859: 783
860: 
861: 1017,686,306,842
862: 137,549,635,785
863: 902,780
864: 851,119,512
865: 984
1032: 957,999,876
867: 550,1012
868: 606
869: 590,418,416,747,741,853
870: 
871: 509
872: 504,738
873: 677
874: 957
875: 442,139,86,171,113,787,477
876: 707,1032
877: 525,986,684
878: 37,253,841,560,938,104,377
879: 606,917,628
880: 
881: 
882: 983
883: 724
884: 740,662,689,770,944,1036,979,147,154
885: 932
886: 715
887: 838,1016
888: 977
889: 
890: 668
891: 954,652,480,949
892: 771,937
893: 788,827
894: 599
895: 
896: 
897: 
898: 118,46,87,208,856,712,129,368
899: 976,994
900: 656
901: 1021,801,968
902: 508,863
903: 934
904: 994
905: 551,636,600
906: 
907: 928,514,595
908: 571
909: 
910: 521,569,539
911: 400,850
998: 824
913: 643
914: 916,581
915: 605,512,658
916: 914,610,833,194
917: 595,514,879
918: 128,423,823,462,584,279,106
919: 557
920: 629
921: 253,560,744
922: 806,983
923: 709,698,604
924: 819,186,355,45,839,395,132,418,416,362
925: 536
926: 602,941
927: 
928: 629,514,907
929: 318,306,989,809,649
930: 
931: 739
932: 572,885
933: 
934: 769,903,856,812
935: 197,335,259
936: 686,23,74,51,220,261,318,306
937: 892
938: 560,62,744,878,442,845,377,439
939: 
940: 675
941: 926
1027: 727
1007: 78,219,487,193,315,243,495,389
944: 689,770,448,625,1036,884,154
945: 516,730
946: 763
947: 710,526
948: 264,67,267,431,256,413,312,95
949: 891
950: 56,295,472,997,1026
951: 830
952: 748
953: 1037,1039,647
954: 891,596,652,839,628
955: 751
956: 695,976
957: 707,874,1032
958: 335,966,533
959: 112,735,470,1029
960: 
961: 733
962: 542,538,794
963: 6,647,629,454
964: 630
965: 
966: 958,744,845
967: 779
968: 463,1016,901,1021,1008,770,612
1018: 816,516
970: 633
971: 847
972: 831,844,773
973: 746,522
974: 835
975: 
976: 899,956,695
977: 789,800,888
978: 1021,1011
979: 147,601,728,154,855,1036,152,884,192,265
980: 623
981: 
982: 762,580,784
983: 922,882
984: 600,865
985: 
986: 817,877,745
987: 
988: 199,275,400,850,405
989: 318,929,306,29,809,240,649
990: 818,509