0: 85,165,204,14,428,270,188,255,342,242,50,207,479
1: 396,482,82,466,375,50,403,331,325,450
2: 84,93,379,7,413,312,95
3: 202,159,485,330,138,128,279,140,60
4: 104,464,377,194,452,499,266
5: 210,307,354,474,65,134,40,357,304,422,316,26,366
6: 361,376,262,130,147
7: 379,369,413,318,460,2,84,93,256,312,95
8: 162,266,287,164,276,464,337,452,499,254,326,206
9: 53,358,214,166,66,155,282,344,124,127,239,493,417
10: 59,440,218,227,184,251,473,98,303,41,160,224,411,166
11: 12,17,175,64,477,352,487,193,314,101,444,219,300,49
12: 11,17,175,64,477,308,219,300,49,290,131,111,123,424
13: 38,297,319,459,68,289,438,108,360,436,22,338
14: 0,85,165,204,428,345,415,270,334,492,336,213,342,242
15: 45,116,148,252,97,437,212,161,427,237
16: 192,420,151,265,363,434,224,469,433,453,269,102,385,349
17: 11,12,175,64,477,352,487,193,243,315,78,219,300
18: 68,289,438,108,247,414,494,230,20,364
19: 61,90,103,441,296,121,156,201,301,79
20: 156,447,228,360,364,230,121,18,68,289,301,436
21: 89,100,429,144,332,373,475,38,22,404,157,415,270,484,213
22: 223,311,436,338,489,13,475,38,297,319,21,429,415,163
23: 29,220,401,468,27,458
24: 120,483,348,443,119,96
25: 305,316,26,366,307,474,81,346,141
26: 25,305,316,372,366,40,304,198,422,210,307,5
27: 468,458,321,220,23,136,54,31,191,476
28: 391,400,362,273,148,75,195,395,132,341
29: 220,23,306,261
30: 401,374,236,51,73,74,196
31: 467,54,205,318,191,321,27,48,125,136,476,241
32: 498,209,426,321,310,47,374,468,196,125,136,191
33: 308,419,219,300,315,78,299,64,494,394,340,390,424
34: 475,38,297,319,459,77,263,108,91,461,221,229,404,456,332
35: 328,203,199,410,70,288,381
36: 258,48,125,136,336,223,311,489,498,209,426,321,163,492
37: 253,464,377,197,442,104
38: 13,475,34,297,319,459,91,229,22,338,404,21,429,144,332
39: 199,280,341,410,63,391,400,273,70,409
40: 134,357,491,167,99,399,183,304,198,422,210,5,26
41: 160,224,469,411,433,92,251,10,59,440,184,303,490
42: 388,471,187,386
43: 370,264,95,388
44: 337,245,452,117,499,283,202,159,485,206
45: 15,116,148,186,252,437,142,355,395,416
46: 353,323,238,368,281,129,329,367,394,105
47: 73,201,310,374,498,32,426,468,196
48: 36,258,125,136,336,492,205,31,191,241,435
49: 55,294,290,131,72,111,455,11,12,175,64,300,123,424
50: 481,82,278,188,255,0,428,403,407,479,1
51: 56,472,61,30,374,236,74
52: 101,298,254,455,326,276,477,432,478,406,408,131,72
53: 9,358,214,166,155,160,224,411,453,182,380,58,292
54: 467,205,318,31,191,27,220,136,240,261,476
55: 49,294,290,131,72,111,478,190,402,215,317,344,189,217
56: 51,351,472,320,74
57: 269,143,385,349,182,380,235,170,284,387,212,174,150
58: 380,235,170,183,292,65,53,358,214,127,417,134,357,491
59: 10,440,218,227,184,392,92,251,41,224,469,411
60: 92,279,140,3,202,159,268,322,440,218,184,392
61: 19,295,441,51,472,73,201,79,236
62: 302,86,113,439,442,83,253,464,326
63: 81,69,285,497,71,195,273,39,280,341
64: 11,12,17,175,477,352,193,78,33,308,219,300,49,424
65: 235,170,183,58,134,357,174,150,161,333,210,354,5
66: 473,135,402,98,303,155,190,227,282,317,344,124,9,166
67: 232,449,383,260,378,370,267,412,226
68: 18,289,438,108,247,414,77,20,360,364,13,319,459
69: 63,81,285,333,216,307,354,474,237,71,195
70: 137,405,409,39,199,35,288
71: 237,75,195,161,427,216,354,63,81,69,285,273
72: 49,55,294,290,131,52,455,432,478,408,190,135,402
73: 201,310,301,79,47,61,30,374,236,196
74: 51,56,30,236
75: 237,71,195,395,427,216,148,252,28,273
76: 92,128,279,140,251,122,397,184,490,434,248,469
77: 107,123,177,390,263,68,438,108,247,91,34,319,459
78: 243,1007,315,495,487,193,313,299,17,64,33,219
79: 73,201,301,19,61,103,295,441,156,236
80: 384,328,203,168,158,272,149,274,398,94,381
81: 63,69,285,497,307,354,474,25,366,71,346,141
82: 481,466,375,50,278,255,428,372,403,479,1
83: 253,464,62,113,439,162,266,164,298,326
84: 2,93,467,240,286,7,413
85: 0,165,204,14,428,345,270,342,435,242,479,260
86: 62,302,113,439,139,181,109,171,193,314,444,352
87: 343,281,371,293
88: 296,230,105,121,368,329,367,359,327,103
89: 21,100,144,373,404,157,399,244,365,173,246,278,484,110,213
90: 19,103,295,441,329,359,222,327,249
91: 461,217,221,229,446,77,177,263,108,34,38,319,459,456
92: 76,128,279,140,60,251,59,440,184,392,490,41,469
93: 2,84,467,318,240,286,7,413
94: 470,149,80,203,381,211,382,112
95: 7,2,256,264,312,43
96: 386,172,430,187,24,483,348
97: 284,437,387,143,347,457,496,393,355,15,116
98: 66,473,135,303,486,268,478,408,10,440,218,227,392
99: 127,239,451,493,417,399,200,244,421,40,357,491,167,198,173
100: 21,89,429,144,332,373,404,157,415,270,173,188,484,110,213
101: 298,52,254,444,455,326,439,11,175,477,352,432,131
102: 269,143,385,349,433,453,420,445,151,16,265,457,284
103: 19,90,295,441,329,327,88,296,121,79
104: 4,37,377,194,266
105: 88,296,230,121,46,368,329,367,414,133,394
106: 152,324,185,130,448
107: 77,123,177,390,263,424,308,111,438,108,247,217,459
108: 18,68,289,438,77,107,263,360,91,13,34,297,319,459
109: 259,335,139,181,425,86,171,313
110: 278,188,484,157,399,89,100,365,198,422,173,246,481
111: 49,55,294,290,131,12,308,300,107,123,177,424,217
112: 211,382,203,470,149,94,115,381
113: 62,302,86,439,181,83,171,314,298,444,326,352
114: 465,178,194,245,452,117
115: 288,381,137,382,112
116: 45,15,186,252,347,97,284,437,142,393,355
117: 337,44,245,465,114,178,283,330,159,485
118: 129,329,367,293,208,359,327,291
119: 24,120,443,470,149,274,211,488
120: 24,348,443,119,482,430,225,450,274,146
121: 88,296,230,105,414,19,103,289,156,20,364,301
122: 463,138,423,462,397,330,76,128,279,140,324
123: 77,107,177,390,263,424,12,308,419,300,49,294,111
124: 153,215,282,317,344,66,402,155,9,358,214,166,127,239
125: 36,258,48,136,336,489,498,32,209,426,321,492,31,191
126: 179,277,371,259,335,495
127: 99,239,451,493,417,155,282,124,9,358,214,58,491
128: 92,76,279,140,3,463,138,122,397,490,248
129: 118,329,367,281,293,208,46,353
130: 262,147,448,106,6
131: 49,55,290,72,111,101,52,455,12,175,477,432,478,190
132: 418,416,148,252,395,28,362
133: 414,494,394,340,323,368,230,105,247,364
134: 40,357,491,167,183,58,65,304,210,307,5
135: 66,473,402,98,303,486,432,478,408,190,72,218,227,317,344
136: 36,258,48,125,498,32,321,468,27,54,205,31,191
137: 70,405,288,115
138: 463,462,122,145,283,233,330,3,128,279
139: 181,425,442,109,302,86
140: 92,76,128,279,60,251,3,202,122,184,392
141: 168,350,346,158,474,25,305,366,81,285,497
142: 250,480,393,355,347,45,116,186
143: 269,102,385,349,57,445,151,265,457,496,97,284,387
144: 21,89,100,332,373,229,475,38,404,157,456,244,173,484
145: 231,283,233,330,178,138,462,279
146: 274,398,234,482,430,225,325,450,120,443
147: 262,130,154,192,445,151,361,6,376,496
148: 45,15,186,252,75,395,132,416,28
149: 470,274,398,94,234,80,384,328,203,119,211,112
150: 174,161,333,427,216,57,235,170,183,65,387,212,210,354
151: 192,420,445,16,265,154,363,434,147,102,143,385,496
152: 169,106,324,154,434,248,262,448
153: 215,282,317,344,189,124,461,221,446,239,451,493,200,456,421
154: 169,152,363,434,248,262,147,448,192,420,151
155: 66,473,402,303,344,124,411,9,53,358,214,166,127
156: 447,20,228,360,364,296,121,19,289,201,310,301,79,309
157: 404,399,200,456,244,229,21,89,100,144,332,173,484,110
158: 168,141,497,280,410,80,384,328
159: 3,202,485,337,44,117,287,206,322,339,60
160: 41,224,469,411,433,453,10,303,53,214,166,269,182,292
161: 174,150,333,427,216,235,65,437,212,354,15,237,71
162: 8,266,287,164,276,83,253,464,439,499,254,326
163: 415,270,334,492,475,223,311,22,338,489,429,373,36
164: 8,162,266,287,276,83,499,298,254,326,339,406
165: 0,85,14,428,373,345,415,270,334,188,484,213
166: 9,53,358,214,10,66,473,303,155,124,160,224,411,182,292
167: 134,40,357,491,99,451,493,399,200,244,304,365,198,173
168: 350,346,141,158,271,497,272,80,384,328,398
169: 152,324,154,397,490,434,248
170: 380,235,183,58,292,65,358,417,57,182,357,174,150
171: 487,193,313,314,181,335,109,86,113,352
172: 96,386,430,412,187,356,483,348
173: 365,198,422,246,99,404,157,399,200,244,89,100,144,167,484,110
174: 150,161,333,427,349,57,380,235,170,65,284,437,387,212
175: 11,12,17,64,477,352,101,455,49,290,131,424
176: 222,291,249
177: 77,107,123,390,263,424,294,290,111,189,91,461,217
178: 465,114,117,145,231,283
179: 126,277,371,343,243,495,389
180: 347,457,496,445,361,454,376,393,355
181: 139,425,442,335,109,302,86,113,171,314
182: 269,385,349,57,160,224,433,453,53,358,214,166,380,170,292
183: 235,170,58,292,65,417,134,40,357,491,150,210
184: 10,59,440,218,392,92,76,140,60,251,41
185: 463,423,152,106,324
186: 45,116,148,250,142,355,416
187: 226,356,42,471,96,386,172
188: 278,484,255,110,213,100,373,270,0,165,428,481,50
189: 153,215,282,317,344,190,55,294,290,177,263,402,461,217,446
190: 432,478,408,55,294,290,131,72,66,135,402,317,344,189
191: 54,205,31,498,32,321,468,27,458,48,125,136,476
192: 420,445,151,16,265,154,434,262,147,376
193: 487,171,313,314,86,78,444,11,17,64,477,352
194: 245,452,104,4,114
195: 237,71,75,395,63,69,285,28,391,273,341
196: 468,458,73,47,30,401,374,32,426,321
197: 442,37,253
198: 304,365,422,173,246,99,399,244,40,491,167,110,26
199: 39,280,410,35,203,70,405,409,288
200: 404,157,399,456,244,421,153,221,99,239,451,493,167,173
201: 73,310,301,79,47,19,61,156,228,374,236,426
202: 3,159,485,337,44,330,206,268,322,140,60,392
203: 35,80,384,328,199,410,149,94,288,381,112
204: 0,85,14,428,257,342,242,207,407,479,449,260
205: 467,54,318,31,191,48,136,336,241,431,435,369,413
206: 268,322,339,337,44,499,8,287,276,202,159
207: 378,407,479,331,0,204,242,232,449,383,260
208: 293,118,129,291
209: 498,32,426,321,310,223,311,436,309,489,36,125
210: 307,354,474,5,183,65,134,40,357,150,333,26
211: 382,488,112,470,149,94,119
212: 284,437,387,57,174,150,161,427,216,15,237
213: 278,188,484,21,89,100,429,373,415,270,165,14,428
214: 9,53,358,166,303,155,124,160,411,127,417,182,58,292
215: 153,282,317,344,189,124,55,294,402,461,217,221,446,239,421
216: 150,161,333,427,212,354,474,237,71,75,69,285
217: 91,461,221,446,55,294,111,107,177,263,215,317,189
218: 10,59,440,227,184,392,486,268,322,339,408,60,473,135,98
219: 33,308,300,487,315,78,11,12,17,64,340,424
220: 29,23,468,27,458,54,261,476
221: 91,461,217,229,446,263,153,215,34,404,200,456,421,332
222: 359,327,291,249,176,90
223: 311,436,309,22,338,489,360,475,297,209,429,415,163,36
224: 41,160,469,411,433,453,251,10,59,363,53,166,16,385,182
225: 430,325,450,412,378,331,383,482,356,146,120
226: 187,356,378,67,449,383,370,267,412,471
227: 10,59,440,218,392,486,268,408,66,473,135,98,303,411
228: 156,447,20,360,201,310,301,311,436,309,426
229: 91,461,221,446,34,38,319,459,404,157,456,244,421,144,332
230: 88,296,105,121,368,414,133,494,18,20,364
231: 145,283,233,178
232: 67,449,383,260,257,460,431,242,207,256,267
233: 145,231,138,462
234: 272,396,482,350,450,149,274,398,146,443
235: 380,170,183,58,292,65,57,387,174,150,161,333
236: 30,374,61,51,472,73,201,79,74
237: 71,75,195,395,212,161,333,427,216,15,252,69
238: 46,353,323,299,343,281,495,389
239: 99,127,451,493,417,153,215,282,344,124,9,200,421
240: 306,261,476,286,467,54,318,84,93
241: 257,342,431,435,258,48,336,205,318,31,369
242: 257,342,431,435,0,85,204,14,207,232,260
243: 1007,315,495,78,389,335,179,277,487,313,299,17
244: 404,157,399,200,456,421,229,99,451,89,144,332,167,198,173
245: 337,194,44,452,117,499,114,485
246: 365,198,422,173,89,278,484,255,110,316,372,481,375
247: 18,68,438,308,419,414,133,494,340,77,107,390
248: 363,490,434,397,76,128,251,169,152,324,154,420
249: 222,176,90,295,441,351,472
250: 480,142,393,186,416
251: 92,76,140,10,59,440,184,363,490,248,41,224,469,433
252: 45,15,116,148,427,237,75,395,132
253: 37,83,464,377,197,442,62,302,162
254: 101,298,52,455,326,439,8,162,287,164,276,339,432,406
255: 278,188,484,246,0,428,481,82,375,50,403,479
256: 370,264,312,267,460,379,7,232,95
257: 241,342,460,431,435,242,204,379,369,232,449,260
258: 36,48,125,136,336,489,498,345,334,492,241
259: 335,109,126,277,313
260: 67,232,449,383,85,204,257,460,242,207,378,479
261: 240,306,476,286,29,220,467,54
262: 130,147,448,152,154,192,420,445,6
263: 77,107,123,177,294,108,189,91,461,217,221,446,34,459
264: 370,256,312,267,379,95,388,43
265: 192,420,445,151,16,102,143,385,349,347,457,496,284
266: 8,162,287,164,104,4,83,464,377,337,452,499
267: 370,256,264,460,67,232,449,226
268: 486,206,322,339,276,202,406,408,60,440,218,227,392,98
269: 102,143,385,349,57,182,160,433,453,16,380,292,387
270: 345,415,163,334,21,100,429,373,188,213,0,85,165,14
271: 305,316,372,466,375,168,350,346,272,396
272: 234,396,482,271,466,168,350,80,384,274,398
273: 28,391,362,71,75,195,395,63,39,341
274: 470,149,398,146,234,272,80,120,443,119
275: 400,405,409
276: 8,162,287,164,52,254,326,486,206,268,339,406
277: 126,179,259,335,487,313,243,495
278: 188,484,255,110,213,89,365,246,428,372,481,82,50
279: 92,76,128,140,60,145,330,3,463,138,122,397
280: 39,199,341,410,63,285,497,158,328
281: 87,343,293,46,353,238,129
282: 153,215,317,344,189,124,66,402,446,9,127,239,451,493,421
283: 145,231,330,178,44,117,485,138
284: 97,437,387,212,265,102,143,349,57,347,457,174,116
285: 63,81,69,497,216,474,71,195,141,280,341
286: 240,306,261,467,84,93
287: 8,162,266,164,276,337,499,254,159,206,322,339
288: 115,381,199,35,203,70,137
289: 18,68,438,108,414,121,156,447,20,360,364,13
290: 49,55,294,131,72,111,455,12,175,190,177,424,317,189
291: 359,222,208,118,176
292: 380,235,170,183,58,160,453,53,358,214,166,417,269,182
293: 208,87,281,353,118,129
294: 49,55,290,72,111,190,123,177,263,424,215,317,189,461,217
295: 61,90,103,441,249,351,472,79
296: 88,230,105,121,329,327,19,103,156,364
297: 13,475,34,38,319,459,108,360,223,22,338,429,332
298: 101,52,254,444,455,326,83,113,439,164,477
299: 323,238,243,1007,315,495,78,389,33,394,340
300: 33,308,419,219,315,11,12,17,64,49,111,123,390,424
301: 73,201,310,79,121,19,441,156,447,20,228
302: 62,86,113,439,139,181,442,253,314
303: 66,473,135,98,155,10,440,227,41,160,411,214,166
304: 365,198,422,134,40,491,167,307,5,316,26,366
305: 25,316,26,271,372,366,422,375,350,346,141
306: 240,261,286,29
307: 210,354,474,5,134,304,333,25,26,366,81,69
308: 33,419,219,300,12,64,340,111,107,123,390,424,247
309: 223,311,436,489,156,447,228,360,310,498,209,426
310: 73,201,301,47,156,447,228,309,32,209,426
311: 223,436,309,22,338,489,447,228,498,209,426,163,36
312: 256,264,460,379,7,413,2,95
313: 487,171,193,259,335,109,277,243,495,78
314: 487,171,193,181,302,86,113,439,444,11,477,352
315: 243,1007,78,299,17,33,419,219,300,394,340
316: 25,305,26,271,372,366,304,422,246,5,481,375,346
317: 153,215,282,344,189,124,190,55,294,290,66,135,402,217,446
318: 467,54,205,31,240,476,241,7,369,413,93
319: 13,475,34,38,297,459,77,68,108,91,229,22,338,332
320: 56,351
321: 498,32,209,426,468,27,196,36,125,136,31,191
322: 486,206,268,339,287,202,159,60,218,392
323: 46,353,238,299,368,389,367,133,394,340
324: 169,152,106,463,423,122,397,248
325: 225,450,412,466,378,403,407,331,396,482,1,146
326: 101,298,52,254,444,83,464,62,113,439,8,162,164,276
327: 359,222,118,329,367,88,296,90,103,441
328: 35,80,384,203,168,158,280,410,149,398
329: 118,129,367,46,359,327,88,296,105,90,103
330: 145,283,117,3,202,485,138,122,279
331: 207,378,403,407,479,383,482,1,225,325,450,412
332: 21,100,429,144,373,221,229,475,34,38,297,319,404,157,456,244
333: 174,150,161,216,235,65,210,307,354,474,237,69
334: 345,415,163,270,492,489,429,373,258,336,165,14,342
335: 259,109,181,126,277,487,171,313,243
336: 36,258,48,125,345,334,492,205,14,241,342,431,435
337: 44,245,452,117,499,8,266,287,202,159,485,206
338: 223,311,436,22,447,360,13,475,38,297,319,429,163
339: 486,206,268,322,287,164,276,254,159,406,408,218,392
340: 133,494,394,315,323,299,33,308,419,219,247
341: 39,280,195,63,285,497,28,391,273,409
342: 257,241,431,435,242,345,334,492,336,0,85,204,14
343: 87,281,179,371,389,353,238
344: 153,215,282,317,189,124,190,55,66,473,135,402,155,9,239
345: 415,270,334,492,258,336,85,165,14,342,435
346: 168,350,141,25,305,316,271,366,81
347: 180,457,496,265,454,376,97,284,142,393,355,116
348: 24,120,483,443,430,356,96,386,172
349: 269,102,143,385,57,182,453,16,265,380,284,387,174
350: 168,346,141,305,271,466,234,272,396,384,398
351: 56,472,249,320,295
352: 11,17,175,64,477,86,113,487,171,193,314,101,444
353: 46,323,238,343,281,293,129
354: 210,307,474,5,65,150,161,333,216,71,81,69
355: 480,142,393,347,180,457,97,437,45,116,186
356: 187,226,383,430,225,412,471,348,386,172
357: 134,40,491,167,358,99,493,417,170,183,58,65,210,5
358: 9,53,214,166,155,124,127,493,417,182,170,58,292,357
359: 222,327,291,118,329,367,88,90
360: 156,447,20,228,364,68,289,108,13,297,223,436,309,338
361: 6,454,376,147,180,496
362: 28,391,400,273,395,418,132
363: 490,434,248,251,154,224,469,433,420,151,16,385
364: 156,20,360,414,133,296,230,121,18,68,289
365: 304,198,422,173,246,399,89,167,278,110,372
366: 25,305,316,26,304,422,307,474,5,81,346,141
367: 118,129,329,46,323,368,359,327,88,105
368: 46,323,367,133,494,394,88,230,105
369: 379,7,413,205,318,257,241,460,431,435
370: 256,264,267,67,226,388,471,43
371: 126,179,87,343
372: 305,316,26,271,365,422,246,278,481,82,375
373: 21,89,100,429,144,332,475,415,163,270,334,188,484,213,165
374: 30,401,236,51,73,201,47,32,196
375: 481,82,466,246,255,305,316,271,372,396,1
376: 361,6,454,147,192,445,347,180,496
377: 37,253,464,104,4,266
378: 207,407,331,67,449,383,260,225,325,412,226
379: 7,369,413,257,460,431,2,256,264,312
380: 235,170,58,292,453,53,269,385,349,57,182,174
381: 288,115,35,80,203,94,382,112
382: 211,112,94,115,381
383: 67,232,449,260,207,378,331,225,412,226,356
384: 80,328,203,168,350,158,272,149,398
385: 269,102,143,349,57,182,363,224,433,453,151,16,265,380
386: 96,172,187,356,42,471,348
387: 97,284,437,212,269,143,349,57,235,457,174,150
388: 42,471,370,264,43
389: 243,1007,495,179,343,323,238,299
390: 77,107,123,177,424,33,308,419,300,494,438,247
391: 28,400,362,273,195,395,39,341,409
392: 59,440,218,227,184,202,486,268,322,339,92,140,60,98
393: 250,480,142,355,454,347,180,97,116
394: 414,133,494,340,315,46,323,299,368,33,419,105
395: 237,75,195,45,148,252,132,28,391,362,273
396: 234,272,482,1,271,466,375,350,325
397: 463,122,76,128,279,169,324,490,434,248
398: 470,149,274,146,168,350,234,272,80,384,328
399: 404,157,200,456,244,99,451,493,89,40,491,167,365,198,173,110
400: 28,391,362,39,275,405,409
401: 30,374,468,196,458,23
402: 66,473,135,155,478,190,55,72,215,282,317,344,189,124
403: 407,479,331,255,82,466,50,1,325
404: 157,399,200,456,244,421,221,229,34,38,21,89,100,144,332,173
405: 70,137,409,400,199,275
406: 432,478,408,164,276,52,254,455,486,268,339
407: 207,378,403,479,331,204,50,449,325,412
408: 432,478,406,190,52,486,268,339,72,218,227,473,135,98
409: 70,405,391,400,39,199,341,275
410: 39,199,280,497,158,35,328,203
411: 41,160,224,10,59,227,473,303,155,53,214,166
412: 430,225,325,450,378,407,331,67,449,383,226,356,172
413: 379,7,369,467,205,318,2,84,93,312
414: 133,494,394,419,230,105,121,18,68,289,438,247,364
415: 345,163,270,334,492,475,223,22,489,21,100,429,373,213,165,14
416: 418,132,250,45,148,186
417: 99,127,239,493,9,358,214,170,183,58,292,357,491
418: 132,416,362
419: 33,308,300,315,414,494,394,340,123,390,438,247
420: 192,445,151,16,265,154,363,490,434,248,433,262,102
421: 404,200,456,244,153,215,282,461,221,229,446,99,239,451,493
422: 304,365,198,173,246,40,110,5,305,316,26,372,366,481
423: 463,462,122,185,324
424: 107,123,177,390,12,175,64,33,308,219,300,49,294,290,111
425: 139,181,109
426: 498,32,209,321,228,201,310,47,311,309,196,36,125
427: 174,150,161,216,437,212,15,252,237,71,75
428: 0,85,165,204,14,278,188,484,255,213,82,50,479
429: 21,100,332,373,475,38,297,223,22,338,415,163,270,334,213
430: 225,450,412,356,146,120,348,96,172
431: 257,241,342,460,435,242,336,205,379,369,232
432: 478,406,408,190,101,52,254,455,486,131,72,135
433: 41,160,224,469,453,251,363,490,420,16,269,102,385,182
434: 363,490,248,397,76,169,152,154,469,192,420,151,16
435: 257,241,342,460,431,242,345,48,336,205,85,369
436: 223,311,309,22,338,489,447,20,228,360,13,209
437: 97,284,387,212,457,174,161,427,355,45,15,116
438: 18,68,289,108,247,419,414,77,107,390,13,459
439: 62,302,86,113,83,314,162,101,298,254,444,326
440: 10,59,218,227,184,392,268,92,60,251,473,98,303,41
441: 19,61,90,103,295,327,249,472,301,79
442: 139,181,197,37,253,62,302
443: 24,120,348,119,234,450,470,274,146
444: 101,298,326,86,113,439,193,314,11,477,352
445: 192,420,151,265,262,147,102,143,376,180,457,496
446: 91,461,217,221,229,263,153,215,282,317,189,451,456,421
447: 156,20,228,360,289,310,301,311,436,309,338
448: 262,130,152,106,154
449: 67,232,383,260,204,257,207,378,407,267,412,226
450: 430,225,325,412,331,234,482,1,146,120,443
451: 99,127,239,493,153,282,446,399,200,456,244,421,491,167
452: 337,194,44,245,499,4,114,8,266
453: 160,224,469,433,53,16,269,102,385,349,182,380,292
454: 361,376,347,180,480,393
455: 101,298,52,254,175,477,432,478,406,49,290,131,72
456: 404,157,399,200,244,421,153,91,461,221,229,446,34,451,144,332
457: 347,180,496,445,265,102,143,97,284,437,387,355
458: 468,27,196,401,220,23,191
459: 13,34,38,297,319,77,107,263,68,438,108,91,461,229
460: 257,431,435,379,7,369,232,260,256,312,267
461: 91,217,221,229,446,294,177,263,153,215,189,34,459,456,421
462: 463,138,423,122,145,233
463: 138,423,462,122,397,128,279,324
464: 37,83,253,377,4,62,8,162,266,326
465: 114,178,577,117
466: 481,82,375,271,403,350,272,396,482,1,325
467: 54,205,318,31,240,261,476,286,413,84,93
468: 27,196,458,47,401,498,32,321,220,23,136,191
469: 41,160,224,433,453,92,76,251,59,363,490,434,16
470: 149,274,398,94,443,119,211,488,112
471: 42,388,370,187,226,356,386
472: 51,56,351,249,61,295,441,236
473: 66,135,402,98,303,155,478,408,10,440,218,227,344,411,166
474: 210,307,354,5,333,216,25,366,81,69,285,141
475: 34,38,297,319,223,22,338,21,429,144,332,373,415,163
476: 240,261,27,220,467,54,318,31,191
477: 11,12,17,175,64,352,193,314,101,298,52,444,455,131
478: 432,406,408,190,52,455,486,55,131,72,473,135,402,98
479: 207,403,407,331,255,0,85,204,428,82,50,260
480: 250,142,393,355,454
481: 82,466,375,50,422,246,278,188,255,110,316,372
482: 234,272,396,1,466,331,225,325,450,146,120
483: 24,348,96,172
484: 278,188,255,110,213,157,21,89,100,144,373,173,246,165,428
485: 3,202,159,337,44,245,117,283,330
486: 268,322,339,276,432,478,406,408,218,227,392,135,98
487: 171,193,313,314,335,277,243,78,11,17,352,219
488: 211,470,119
489: 223,311,436,309,22,498,209,415,163,334,492,36,258,125
490: 363,434,248,397,92,76,128,251,169,41,469,433,420
491: 134,40,357,167,99,127,451,493,417,399,183,58,304,198
492: 345,415,163,334,489,36,258,48,125,336,14,342
493: 99,127,239,451,417,153,282,9,358,399,200,421,357,491,167
494: 414,133,394,340,368,33,419,230,390,18,247
495: 243,1007,78,389,126,179,277,313,238,299
496: 347,180,457,147,445,151,265,143,361,376,97
497: 63,81,285,168,141,158,280,341,410
498: 32,209,426,321,47,311,309,489,468,36,258,125,136,191
499: 337,44,245,452,4,8,162,266,287,164,206
500: 696,937,704
501: 
502: 916,511,921,875,648
503: 566,724,996
504: 546,532,516,802,748
505: 889,611,597
506: 732,848
507: 584,823,944
508: 976,619,866
509: 829,795,786
510: 
511: 502,916,522,921,875,581
512: 817,556,957,735,558
513: 
514: 671,679,979
515: 553,577
516: 765,942,504,546,532
517: 681
518: 766
519: 862,851,874
520: 729,677,611
521: 828
522: 921,610,958,511,581
523: 627,574
524: 603,903,808
525: 877
526: 673,762,675
527: 852,960
528: 688
529: 610,958
530: 609,877
531: 938,567,560,897
532: 504,546,882,872,516,802
533: 897,753,661,567
534: 891,904
535: 672
536: 765,942,565
537: 884,589,689
538: 971,665
539: 907,752,754
540: 623,757
541: 967,707,900
542: 716,605,986,734,993
543: 
544: 927
545: 812
546: 504,532,764,882,942,516
547: 807,567,557
548: 955
549: 704,876
550: 
551: 871,672
552: 968,749,740
553: 515,577
554: 576,733
555: 708,819
556: 617,858,512,817
557: 567,744,547
558: 781,735,512
559: 
560: 845,531,938,919
561: 820
562: 858,568,772
563: 739,964
564: 943
565: 738,925,536
566: 503,724,793
567: 557,897,533,547,531
568: 562
569: 838,583,662,901
570: 641,771,994,774
571: 908,592,940
572: 670
573: 
574: 734,627,523,605
575: 893,580,930
576: 811,554
577: 515,553,465
578: 727
579: 873,701,737
580: 977,784,575,893
581: 875,522,744,511
582: 730,726
583: 953,569,838
584: 608,507,625,823
585: 923,647
586: 609
587: 748,746,610
588: 667,794,909
589: 709,537
590: 693
591: 684
592: 940,571
593: 
594: 807,969
595: 659,868,928,907
596: 747,695
597: 637,889,505
598: 903,646
599: 684
600: 649,990
601: 555
602: 
603: 736,524
604: 923
605: 986,627,574,734,542
606: 869,797
607: 950,686,814
608: 584,653
609: 530,586,877
610: 522,587,529,958
611: 520,621,505
612: 709,702,968,740
613: 
614: 615,742,902
615: 614,902
616: 693,954,810
617: 556
618: 626,835
619: 924,508,713,866
620: 771,717,994
621: 611
622: 
623: 540
624: 881
625: 584,823,944
626: 618
627: 523,605,574
628: 
629: 910,708,839
630: 
631: 766
632: 931
633: 713,866,760,863
634: 788,930,796,762
635: 988,790
636: 
637: 597,795
638: 
639: 790
640: 729
641: 570,774
642: 972,886
643: 962
644: 930,796,982
645: 948
646: 650,598
647: 923,585,887,720
648: 502,916,914
649: 600
650: 646,940
651: 
652: 662
653: 608
654: 956,869,924,976
655: 813
656: 941,967
657: 939,971,844
658: 767
659: 899,868,595
660: 850,767
661: 753,690,897,533
662: 569,838,652
663: 847
664: 871,883
665: 962,538
666: 774,771,970
667: 588,794
668: 912,758,832
669: 718,870,730
670: 572,836,715
671: 951,514
672: 551,535,831
673: 526,796,762,982
674: 828,751
675: 526,800
676: 973,857
677: 995,520,729
678: 
679: 514,979
680: 724,996
681: 725,517
682: 825,799
683: 694
684: 687,599,591
685: 700,830
686: 778,950,607,814
687: 684
688: 715,528
689: 537
690: 726,661
691: 831,883,985
692: 
693: 616,590
694: 683,859
695: 911,596,747
696: 500,785
697: 997
698: 828,720,953
699: 789,991,783
700: 685
701: 737,755,579
702: 612,968
703: 
704: 549,876,937,500
705: 891,780
706: 815,822,929
707: 967,541,900,915,999
708: 819,555,629
709: 612,770,589
710: 946
711: 752,896
712: 
713: 633,866,619,924,760
714: 819
715: 836,670,688
716: 542,986
717: 797,620
718: 669
719: 
720: 887,647,749,698,953
721: 852,960
722: 
723: 811
724: 566,503,680,996
725: 681
726: 582,730,690
727: 578
728: 918
729: 520,640,677
730: 582,726,870,987,669
731: 864
732: 506
733: 554
734: 574,605,542,993
735: 957,512,558
736: 603
737: 701,579,873
738: 565
739: 563
740: 612,968,552,884
741: 
742: 614
743: 809,849,890
744: 958,557,581
745: 768,874,957
746: 587,816
747: 596,695,911
748: 587,504,802
749: 968,552,887,720
750: 859
751: 674
752: 711,539
753: 661,897,533
754: 896,539
755: 906,701
756: 
757: 540
758: 912,668,846
759: 812,906
760: 994,713,633,863
761: 818
762: 634,788,673,526
763: 814
764: 925,791,882,942,546
765: 536,942,516,965
766: 631
767: 658,660
768: 874,745,957
769: 
770: 709
771: 620,970,994,774,666,570
772: 913,562
773: 
774: 666,771,570,641
775: 
776: 
777: 894,885
778: 686,824
779: 
780: 892,705
781: 558,854
782: 820,885
783: 991,699,789
784: 977,580
785: 696
786: 509
787: 875,916,807,833
788: 634,827,762
789: 699,903,783
790: 639,988,635
791: 882,806,983,764
792: 
793: 566
794: 588,667
795: 829,637,509
796: 644,930,634,982,673
797: 606,717
798: 984,974
799: 682
800: 675
801: 
802: 872,504,532,748
803: 865,936
804: 998
805: 845
806: 983,925,791
807: 547,787,594
808: 934,524
809: 936,743,849,846,905
810: 876,616,954
811: 576,723
812: 759,906,545
813: 655
814: 763,607,686
815: 706,822,998
816: 973,746
817: 512,556,858,826
818: 761
819: 708,555,714
820: 782,885,561
821: 932
822: 815,706,865
823: 944,584,507,625
824: 861,778
825: 682
826: 817
827: 788
828: 521,698,674
829: 795,832,509
830: 685
831: 691,672
832: 829,668
833: 916,787
834: 841
835: 618
836: 985,715,670
837: 998
838: 569,953,583,662
839: 879,910,629,899,868
840: 898
841: 834
842: 
843: 
844: 657,939
845: 805,560,919
846: 849,912,758,905,809
847: 663
848: 506
849: 846,912,809,743
850: 862,660
851: 519
852: 527,721
853: 
854: 781,986
855: 918,944
856: 
857: 676
858: 562,556,817
859: 750,694
860: 
861: 824
862: 519,850,874
863: 760,633
864: 731
865: 822,936,803
866: 713,633,619,508
867: 
868: 659,899,595,928,910,839
869: 606,879,654,956,924
870: 987,669,730
871: 664,996,551
872: 987,532,802
873: 579,737
874: 768,862,519,745,957
875: 787,581,502,916,511
876: 810,954,549,704
877: 525,609,530
878: 
879: 839,899,869
880: 981,970
881: 624
882: 791,764,546,532
883: 664,691,985
884: 537,740,978
885: 820,782,777
886: 642
887: 720,647,749
888: 908
889: 505,597
890: 743
891: 705,534
892: 780
893: 575,580
894: 777
895: 939
896: 754,711
897: 533,753,661,567,531
898: 840
899: 659,868,879,839,917
900: 915,999,933,967,707,541,941
901: 569
902: 614,615
903: 789,524,598
904: 534
905: 846,809,936
906: 755,812,759
907: 539,595
908: 888,571
909: 588
910: 920,629,868,839
911: 695,747
912: 758,668,849,846
913: 772
914: 952,648
915: 900,999,707
916: 502,511,875,787,648,833
917: 899
918: 728,855
919: 560,845
920: 910
921: 522,502,511
922: 945
923: 647,604,585
924: 619,869,654,713
925: 764,806,565
926: 
927: 544
928: 868,595
929: 706
930: 644,796,575,634
931: 632
932: 821
933: 900,999,941
934: 808
935: 
936: 809,865,905,803,989
937: 980,704,500
938: 531,560
939: 657,895,844
940: 592,650,571
941: 656,967,900,933
942: 765,536,516,764,546
943: 564
944: 823,507,625,855
945: 922
946: 710
947: 
948: 645
949: 976
950: 607,686
951: 671,963,978
952: 914
953: 583,720,698,838
954: 616,810,876
955: 548
956: 654,869
957: 735,745,768,874,512
958: 744,529,522,610
959: 
960: 527,721
961: 
962: 665,643
963: 978,951
964: 563
965: 973,765
966: 
967: 707,541,900,941,656
968: 749,552,702,612,740
969: 594
970: 771,880,981,666
971: 538,657
972: 642
973: 965,676,816
974: 984,798
975: 
976: 508,654,949
977: 580,784
978: 963,884,951
979: 679,514
980: 937
981: 880,970
982: 644,796,673
983: 806,992,791
984: 974,989,798
985: 836,883,691
986: 605,854,716,542
987: 870,872,730
988: 635,790
989: 936,984
990: 600
991: 699,783
992: 983
993: 734,542
994: 760,771,620,570
995: 677
996: 680,503,724,871
997: 697
998: 837,804,815
999: 900,915,933,707
1007: 243,315,495,78,389,299