0: 188,165,342,14,428,50,479,85
1015: 
2: 286,566,984,989,638
3: 60,485,653,279,577,823,584,128,140
4: 194,245,587,330,465,145
5: 210,307,366,40,134,354,316
6: 963,606,647,928,555,454,628,953
7: 431,369,241,503,31,93,205,467,54,680
8: 553,266,587,464,162,452,499,337
9: 53,160,214,155,66,124,239,358,493,58
10: 59,440,392,218,66,473,227,411,41,303
11: 33,308,300,17,219,64,424,12
12: 424,175,131,477,17,64,455,300,11
13: 459,68,18,289,364,360,319,38
14: 342,242,415,270,334,492,165,0,241
15: 45,212,237,161,427,252,395,195,75
16: 380,349,445,269,385,57,679,457,102
17: 352,477,78,64,193,12,175,33,11
18: 438,419,414,289,390,459,68,13,360
19: 296,301,441,201,121,103,79
20: 310,228,309,79,301,447,47,374,156
21: 404,144,475,373,100,484
22: 436,429,338,319,38,297
23: 861,837,814,756,51,236,261,936
24: 356,430,120,1047,383,187,645
25: 168,346,366,305,474,69
26: 365,305,198,316,40,304,366,375,372
27: 458,261,468,191,401,36,467,476,136
28: 988,275,132,273,510,409,362
29: 84,467,476,458,318,240,989,809
30: 220,51,196,73,1026,401,468
31: 336,258,93,205,36,136,7
32: 498,191,401,36,47,196,321,468
33: 308,300,11,340,17,219,64,494,419
1040: 
35: 63,280,203,199,410,94,288
36: 498,191,32,27,468,258,31,136
37: 253,748,567,878,914
38: 332,221,297,459,13,77,338,319,22,429
1050: 591,877
40: 417,134,357,491,304,210,5,26,316
41: 166,411,224,433,363,469,10,59,76,490,434
42: 96,386,883
43: 370,1048,95,267,836
1049: 513,775
45: 437,212,15,186,924,252,395,418,75
46: 353,299,495,87,281,118,389,323,368
47: 196,73,374,310,228,20,321,32
48: 431,369,241,503,242,232,257,264
49: 294,55,111,455,432,424,131,290
50: 82,428,407,479,188,0,255,85
51: 220,30,236,74,861,23,837,261,936
52: 72,290,339,455,276,432,408,159
53: 9,160,214,155,166,239,358,453,58,182,127
54: 680,205,84,467,7,503
55: 294,111,49,432,190,290,317,344,135,263
56: 295,176,950,320
57: 269,385,445,292,380,349,16,235
58: 183,170,182,292,9,53,160,358,493,127,134,65
59: 10,440,392,251,469,490,411,41,303
60: 3,485,653,128,322,140,184,251
61: 103,697,997,201,79,73,374,1026
62: 560,938,113,83,377,439
63: 35,280,391,285,273,510,409,203,275,199,410
64: 78,219,193,17,315,12,33,11,340
65: 235,174,333,354,58,183,170,292,134,210
66: 478,402,473,227,10,166,9,214,155,303
67: 264,948,1023,204,257,260,226
68: 459,13,77,18,419,108,390
69: 474,341,71,354,307,366,25,285
1041: 871
71: 69,341,333,354,307,150,216
72: 190,52,290,339,408,159,440,478,227
73: 47,196,374,1026,201,697,61,228,30
74: 607,621,756,1026,51,236,837
75: 273,195,510,45,15,237,252,132
76: 490,152,324,122,92,251,469,248,884,423,41
77: 459,68,108,390,91,217,38,221
78: 219,64,193,1007,487,17,314,389,315
79: 228,20,19,301,201,61,447,374
80: 768,384,272,158,350,328,398,274,234
81: 280,285,474,341,168,158,203,497
82: 428,50,407,479,481,396,255,403
83: 464,162,377,560,62,113,266,298,439,326
84: 467,29,476,205,240,54
85: 207,204,257,0,342,242,232,50,479
86: 139,109,171,875,352,477,787,314,193
87: 353,46,281,712,118,898
88: 121,230,133,129,359,105,367,296
89: 157,110,244,173
1022: 676
91: 107,108,123,77,189,446,217,461,263
92: 140,184,251,469,128,324,122,248,76
93: 336,31,205,334,369,241,7,503
94: 149,288,35,280,203,398,199
95: 312,267,379,43,370,836
96: 42,386,858,724,535
97: 376,457,102,284,349,142,186,262,437
98: 478,227,190
99: 153,200,451,239,493,417,167,491
100: 373,415,270,21,484,213,165,278
101: 298,326,477,787,254,455,175
102: 679,457,97,445,387,284,349,16,262,437
103: 697,61,997,327,472,19,441,201
104: 878,914,841,560,553,266,377
105: 129,359,368,494,394,323,414,247,133,88
106: 185,918,1008,448,552
107: 108,123,390,177,91,300,294,111,461,263
108: 107,123,390,177,91,308,68,77,217
109: 139,171,86,277,181,753,302,313
110: 246,157,89,244,173,304,278,198,375
111: 294,55,49,424,131,300,290,107,177
112: 470,767,617,959,519,864
113: 442,966,875,62,938,83,298,439
994: 956
115: 149,288,767,137,785,519
116: 142,355,262,393,376,361,347,496
117: 577,452,206,337,485,653,202,322
118: 898,208,87,46,323,368
119: 864,772,959,211,512,1032
120: 430,24,1047,383,331,146,687,348
121: 289,230,364,133,88,367,296,19,301,447
122: 324,552,584,128,92,140,423,76
123: 107,108,390,177,91,424,308,300,419
124: 451,239,402,344,282,9,155
125: 426,209,321,498,163,345,336,258
126: 313,243,238,179,277,495
127: 417,134,53,358,493,58,183,491
128: 823,584,60,3,653,122,92,140
129: 359,368,105,208,367,769,133,88
130: 689,770,463,518,838,944,629
131: 424,12,175,455,432,290,111,49
132: 252,395,418,747,510,75,362,741,28
133: 289,121,230,88,129,359,105,414,247
134: 417,127,40,493,58,183,65,210,5,316
135: 317,344,190,290,55,478,402
136: 467,476,191,36,27,458,31,205
137: 785,519,199,115,288,549
138: 279,330,465,537,462,823,584
139: 109,171,86,753,442,302,875,787
140: 92,184,251,128,60,3,324,122
991: 526
142: 116,355,186,262,393,97,284,496,437,924
1037: 838,629,740
144: 21,404,475,399,456,157,244,484
145: 330,465,4,587,577,499
146: 331,450,443,430,120,687
147: 1036,1045,979,192,265,728
1010: 
149: 115,94,288,398,274,767,234
150: 237,216,161,174,333,354,341,71
151: 192,445,855,434,433,363,269,385,420
152: 76,490,434,324,469,248,884,363,855
153: 200,421,99,456,282,215,451,493,167
154: 625,884,689,944,1036
155: 9,53,214,303,66,478,402,344,124,239
156: 426,209,321,338,310,20,309,223,436
157: 246,89,110,244,484,144,173,278
158: 168,346,350,271,81,328,497,384,80
159: 202,218,408,406,322,339,206,268,485,72,52
160: 9,53,214,303,166,433,269,453,58,182
161: 237,150,427,387,174,333,212,15
162: 464,83,377,8,439,326,339,206,287,337,254,164
163: 334,345,492,223,125,209,415
164: 254,455,276,162,326,339,287
165: 213,188,0,278,270,100,342,14
166: 411,433,41,66,53,160,214,303,420,453
167: 173,357,491,493,153,200,399,99,456,244
168: 346,25,158,305,474,271,81,285,328,497
1031: 1021,1008,231,1011,968,612,185
170: 58,183,182,292,380,65,235
171: 139,109,86,277,753,875,313,352,314,487
172: 388,226,370,1048,356
173: 167,357,491,304,399,157,89,110,244,198,375
174: 65,235,333,380,387,349,212,150,161
175: 424,12,131,101,477,17,254,455,432
176: 56,295,351,320
177: 107,108,123,424,300,294,111,263
995: 946,763,678
179: 805,343,856,277,126,238
180: 839,891,606,347,628,595,899
181: 753,533,259,425,109,277
182: 58,170,292,53,160,269,420,453
183: 58,170,417,127,134,65,235,210
184: 92,140,251,60,485,218,322,392
185: 106,918,770,1031,1021,1008,612
186: 142,355,97,437,45,212,924,954,395
187: 383,449,260,388,226,356,24
188: 213,165,0,278,246,342,428,50
189: 317,344,282,91,461,215,263
190: 72,290,55,478,402,98,227,135
191: 498,401,36,32,196,27,458,468,136
192: 445,151,265,855,434,147,979,385,679
193: 78,64,1007,487,86,352,477,17,314
194: 4,833,834,245
195: 273,510,75,15,237,216,391
196: 47,73,374,1026,220,30,321,191,401,32
197: 961,531,335,744,722,533,259
198: 365,26,316,173,357,304,246,110,375
199: 410,35,63,94,288,137
200: 153,421,399,99,456,215,451,167,491
201: 19,301,441,103,697,61,79,73,374
202: 218,159,322,577,117,339,206,268,287,485,653
203: 328,497,398,35,63,81,280,285,94
204: 207,257,85,232,407,479,67,449,260
205: 31,93,84,467,476,136,7,54
206: 339,268,287,337,162,577,117,452,485,202,159
207: 204,85,407,479,403,378,412,449,260
208: 118,898,934,129,368,769
209: 125,426,156,223,436,429,311,415,163
210: 5,307,183,40,134,65,333,354
211: 772,959,556,119
212: 437,45,15,387,284,174,186,237,161
213: 188,165,278,270,100,484
214: 9,53,160,155,303,66,166
215: 446,461,189,282,451,153,200,421
216: 237,150,341,71,273,195,391,285
217: 446,461,108,91,459,77,332,229,221
218: 202,408,159,322,485,184,10,440,392,227
219: 78,64,494,394,315,33,308,11,340
220: 51,30,236,196,1026,401,458,261,468,936
221: 332,229,38,297,459,77,446,217
222: 327,329,903,291,249,472,950
223: 436,429,311,209,156,373,415,163
224: 411,433,41
225: 403,378,482,412,407,350,325,331,430
226: 388,172,257,67,1023,187,260,370,356
227: 66,478,473,98,218,408,190,72,290,10,440
228: 310,20,79,47,73,374,321
229: 332,221,446,217,421,456,404,475
230: 289,121,364,133,88,414,247
231: 462,1031,1021,852,502,537,1011,233
232: 342,242,48,431,204,257,85,264
233: 1011,507,852,1025,583,231
234: 767,617,568,274,768,80,149
235: 65,174,333,354,57,183,170,292,380
236: 220,51,74,607,621,756,23,837
237: 150,216,161,427,212,15,195,75,391
238: 243,126,179,281,856,353,495
239: 451,124,358,493,282,9,53,155,99
240: 989,809,84,467,29,566
241: 48,369,7,334,336,93,242,14
242: 342,14,232,334,48,369,241,85
243: 313,126,238,495,1007,487
244: 157,89,110,484,399,456,144,167,173
245: 4,194,537,465
246: 157,110,188,278,198,375,255,428
247: 438,414,494,394,323,105,340,230,133
248: 625,884,423,324,92,76,490,152,855
249: 472,950,291,222,327,329,997
1038: 
251: 92,140,184,469,60,59,392,76
252: 395,132,418,45,15,75
253: 37,748,567,557,878,845
254: 455,276,164,162,298,101,326,175
255: 481,396,375,246,365,82,428,50
256: 413,312,267,431,503,680,948
257: 204,85,232,48,264,948,67,260,226
258: 336,31,125,498,36,345
259: 181,533,197,722,813,805
260: 449,187,207,204,257,67,226
261: 27,458,468,220,51,861,23,401,306,936,318
262: 116,142,355,376,457,102,97,728,496,437
263: 461,294,55,107,177,91,189,317,344
264: 948,67,232,48,431,369,257
265: 192,445,147,979,679,457,728
266: 8,553,587,104,560,464,83,377
267: 312,95,256,948,1023,43,370
268: 339,206,287,202,406,159
269: 385,57,420,453,160,151,182,292,16
270: 373,415,100,492,213,165,14
271: 372,350,466,325,168,346,158,384
272: 768,384,80,350,482,450
273: 195,510,75,409,216,63,280,391,285,28,410
274: 328,398,768,80,149,767,234
275: 988,28,409,63,410,667
276: 254,455,432,164,339,287,52,290
277: 109,171,181,753,179,313,126
278: 213,188,165,100,246,157,110,484,428
279: 330,138,577,823,3,653
280: 35,63,81,391,285,474,273,203,497,94
281: 856,238,353,87,46
282: 189,344,461,215,451,124,239,153
1019: 806,546
284: 380,387,349,102,97,142,437,212
285: 63,81,280,391,216,474,69,341,168,273,203
286: 2,566,984,680,413,379
287: 339,206,268,337,162,276,164,202
288: 115,94,149,35,398,199,137,785
289: 121,230,364,133,438,18,414,13,360,447
290: 190,72,52,276,432,131,55,111,49,227,135
291: 222,249,950
292: 58,170,182,269,385,57,380,65,235
293: 1043,908
294: 55,111,49,107,177,317,263
295: 56,176,320,607
296: 19,301,441,327,367,121,88
297: 332,38,221,22,436,429,475,373
298: 439,101,326,113,875,83,787,254
299: 46,389,323
300: 33,308,11,424,12,111,107,123,390,177
301: 296,19,201,121,364,447,20,79
302: 442,966,875,425,753,139,109
303: 160,214,155,10,59,66,473,166,411,433
304: 173,357,40,110,365,26,198,316
305: 365,26,316,366,168,346,25,422,372
306: 929,936,318,861,458,261,809,804
307: 210,5,366,354,316,69,341,71
308: 33,300,11,340,219,438,419,108,123,390
309: 310,20,360,447,338,436,156
310: 228,20,309,47,374,426,156,321
311: 223,436,209
312: 413,95,267,256,680,379
313: 243,126,109,171,277,314,487
314: 352,787,171,86,313,78,193,487
315: 494,389,394,323,78,219,64,1007
316: 305,26,198,40,134,357,304,5,307,366
317: 189,344,135,294,55,402,263
318: 306,936,458,261,29,476,809
319: 360,338,459,13,38,22
320: 351,56,295,176
321: 125,426,156,310,228,47,196,498,32
322: 202,218,408,159,117,60,485,653,184,392
323: 389,394,315,299,46,118,368,105,247
324: 122,552,92,140,469,248,423,76,152
325: 350,466,271,396,225,403,482
326: 298,439,101,83,162,254,164
327: 222,329,367,249,472,296,441,103
328: 203,497,398,274,168,158,384,80
329: 222,327,367,769,903,249,441
330: 279,465,145,138,4,577,499,823
331: 450,146,225,378,482,412,430,120
332: 229,38,221,297,446,217,404,475
333: 65,235,174,354,380,210,150,161,71
334: 163,345,492,336,93,242,14,241
335: 744,961,197
336: 258,31,93,125,334,345,241
337: 206,287,8,464,162,117,452,499
338: 360,447,319,309,38,22,436,156
339: 206,268,287,162,276,164,202,406,159,72,52
340: 33,308,219,64,494,438,419,247,390
341: 474,69,71,307,150,216,81,391,285
342: 242,14,232,188,165,0,479,85
343: 805,179,813,736,840,856
344: 189,317,135,282,55,402,263,155,124
345: 334,163,492,125,336,258
346: 168,25,422,158,305,474,372,271
347: 361,496,628,953,116,355,393,839,180
348: 556,120,1047,645,609
349: 380,387,284,16,57,102,97,174
350: 466,271,325,158,225,482,384,272,80
351: 320,778,176
352: 477,17,787,314,171,86,193,487
353: 495,87,46,281,856,238,389
354: 65,235,333,210,5,307,150,69,71
355: 116,142,186,262,393,347,839,924,954
356: 24,383,187,388,226,172,645
357: 167,173,491,304,493,417,40,198,316
358: 239,493,9,53,58,127
359: 129,368,105,133,88
360: 447,338,319,18,289,364,13,309
361: 347,496,628,953,555,1039,376,606,116
362: 616,741,400,132,510,988,28
363: 411,433,41,490,434,152,151,420,453
364: 289,121,230,414,301,13,360,447
365: 305,26,198,304,481,375,255,372,466
366: 5,307,305,26,316,69,25
367: 327,329,769,129,121,88,296,441
368: 129,359,105,46,118,208,394,323
369: 48,431,241,7,503,93,242,264
370: 43,1048,1023,95,267,388,226,172
1020: 
372: 466,271,365,305,26,481,396,346,422
373: 415,270,100,297,223,429,21,404,475,484
374: 47,196,73,201,697,61,310,228,20,79
375: 481,255,173,246,110,365,26,198,428
376: 457,97,728,555,1039,361,496,116,262
377: 464,83,162,104,560,62,266,439
378: 225,403,412,407,479,207,449,331
379: 600,286,413,312,95
380: 387,284,349,16,57,170,292,235,174,333
381: 785,519,470,605
1016: 901
383: 449,187,412,356,430,24,120
384: 272,80,158,350,271,328,497
385: 269,57,420,453,192,445,151,292,679,16
386: 42,96,883
387: 380,284,349,102,174,437,212,161
388: 226,172,187,370,356
389: 394,323,315,353,299,495,46,78,1007
390: 107,108,123,308,300,340,18,419,68,77
391: 63,280,285,237,216,341,273,195,510
392: 10,59,440,218,322,184,251,469
393: 116,142,355,347,496,628,839,924,954,819
394: 494,389,323,315,219,368,105,247
395: 252,132,418,747,186,437,45,15,924,416,954
396: 481,255,82,407,372,466,325,403
1014: 965
398: 203,328,497,274,80,94,149,288
399: 200,456,404,144,167,173,244
400: 362,616,988,742,667
401: 191,32,196,220,30,27,261,468
402: 66,478,473,190,317,344,135,155,124
403: 225,378,412,396,82,407,207,466,325
404: 21,144,475,332,229,399,456,373,484
405: 549,911,850,667
406: 159,339,268
407: 82,50,479,396,207,204,225,403,378
408: 218,159,322,72,52,440,227
409: 273,510,63,988,28,275,410
410: 199,273,409,35,63,275
411: 166,224,433,41,363,469,10,59,473,303
412: 225,403,378,207,383,449,331,430
413: 312,256,680,286,379
414: 438,18,419,247,494,105,289,230,364,133
415: 373,270,100,223,209,163,492,14
416: 924,954,819,395,418,747,652,869
417: 127,40,134,493,99,183,357,491
418: 252,395,132,747,45,924,416,954,869,741
419: 438,18,414,494,33,308,340,123,390,68
420: 269,385,453,434,166,433,363,445,151,182
421: 153,200,456,446,461,215,229
422: 346,305,372
423: 248,625,884,324,122,448,552,76
424: 12,175,131,300,11,111,49,123,177
425: 919,181,753,533,302,966
426: 125,209,156,321,310,498
427: 237,161,15
428: 82,50,246,188,0,278,375,255
429: 223,22,436,38,297,209,475,373
430: 24,120,225,412,383,449,331,146
431: 48,369,7,503,232,264,948,256
432: 455,276,175,131,52,290,55,49
433: 166,411,224,41,363,160,303,151,420,453
434: 490,152,884,41,363,192,445,151,855,420
997: 103,697,61,249,472,621
436: 223,22,429,311,338,309,297,209,156
437: 45,212,102,97,387,284,142,186,262,924,395
438: 18,419,414,247,494,308,340,289
439: 298,326,62,113,83,162,377
440: 10,59,392,218,408,72,473,227
441: 296,19,201,327,329,367,472,103
442: 302,113,966,875,938,139
443: 450,146,768,568,772,488,687
1039: 555,601,376,728,361,496,953
445: 192,151,265,434,385,57,420,679,102,16
446: 217,461,215,91,332,229,221,421,456
447: 360,338,289,121,364,301,20,309,79
448: 552,106,918,770,689,625,423
449: 383,187,260,207,204,378,412,430
450: 331,146,443,482,768,272
451: 124,239,493,282,215,153,200,99,491
452: 577,117,499,8,464,206,337
453: 269,385,420,166,433,363,53,160,182
454: 907,708,928,6,963,879
455: 254,276,432,164,101,12,175,131,52,49
456: 153,200,421,399,446,229,404,144,167,244
457: 376,679,102,97,728,265,16,262
458: 27,261,468,220,191,306,936,318,29,476,136
459: 68,13,77,18,319,217,38,221
1034: 783,750,888
461: 446,217,215,263,107,91,189,282,421
462: 1021,1008,231,537,138,823,584
463: 518,770,130,838,629
464: 83,162,377,8,553,266,452,337
465: 330,145,138,245,4,537
466: 372,350,271,325,365,481,396,403
467: 84,29,476,136,27,205,240,7,54
468: 27,458,261,220,30,191,401,36,32,936,476
469: 92,251,324,59,392,76,490,152,411,41
470: 112,381,519,864,605
1044: 826,773,591,913
472: 249,222,327,441,103,997
473: 66,478,402,227,10,440,411,303
474: 69,341,168,346,25,81,280,285,497
475: 21,404,144,332,229,297,429,373
476: 84,467,29,136,27,458,468,318,205,809
477: 352,17,787,86,101,193,12,175
478: 66,402,473,98,227,190,72,135,155
479: 82,50,407,0,342,207,204,85,378
480: 590,695
481: 396,375,255,365,82,372,466
482: 225,350,325,272,331,450
483: 512
484: 157,244,21,404,144,373,100,213,278
485: 60,3,653,577,117,206,202,218,159,322,184
1046: 1013,916,517
487: 78,193,1007,171,313,243,495,352,314
488: 772,687,959,768,443,617,568
992: 
490: 76,434,152,469,59,248,41,363,855
491: 167,173,357,451,493,200,99,417,127,40
492: 334,163,345,415,270,14
493: 451,239,358,9,153,99,58,417,127,134,167,357,491
494: 394,315,219,105,33,340,438,419,414,247
495: 353,46,243,126,238,1007,487,389
496: 361,347,555,1039,376,116,142,262,393
497: 203,328,398,474,168,158,81,280,384
498: 191,36,32,125,426,321,258
499: 577,452,8,587,330,145,337
500: 967,614
501: 
502: 537,852,610,231
503: 48,431,369,7,93,54,680,256
504: 516
505: 
506: 700,1013
507: 1011,968,233,1025,583,801
508: 771,757,615
509: 
510: 273,195,75,409,132,63,391,362,28
511: 690,811
512: 119,483,1032
513: 806,1049,775
514: 920,792,907
515: 594,746
516: 791,504,738,872
517: 1046,916,610
518: 463,770,689,130,838
519: 381,137,785,115,767,112,470
520: 815,743
521: 792
522: 931,563,565
523: 716
524: 710,545,571
525: 684,1024,558
526: 991
527: 559,1009
528: 782,972
529: 
530: 831,826
531: 961,987,197,722
532: 
533: 181,753,259,744,197,425,919
534: 666
535: 724,996,96
536: 
537: 502,245,610,465,138,462,231
538: 895,854
539: 659
540: 
541: 926,1029,999
542: 854,962
543: 854,602
544: 
545: 524,710,571
546: 1018,1019
547: 776,859,987,736
548: 
549: 405,911,137
550: 
551: 
552: 324,122,448,106,918,625,423
553: 8,266,587,104,841,464
554: 675,908
555: 1039,647,601,376,6,361,496,628,953
556: 348,1047,609,211
557: 253,878,845
558: 1024,525,877
559: 527
560: 845,62,938,878,104,266,83,377
561: 691,971
1033: 896
563: 931,522
564: 
565: 522
566: 286,2,984,240,989
567: 253,37,748,732,594,746
568: 234,617,768,443,488
569: 711
570: 
571: 524,710,545
572: 798,593
573: 843
574: 986,895,602
575: 
576: 
577: 117,452,499,279,330,145,206,823,3,485,653,202
578: 
579: 796
580: 598
581: 921
582: 718
583: 1025,749,233,507
584: 823,128,138,462,1008,3,122
585: 681,955,749,848
586: 886
587: 8,553,266,841,4,145,499
588: 810,967
999: 735,656,541
590: 596,868,480
591: 1050,1044,913
1026: 196,73,697,61,74,621,220,30
593: 572
594: 746,515,567
595: 879,899,963,606,628,180,891
596: 868,590,899,891
597: 815,786
598: 580,683
599: 844
600: 379,984,803
601: 647,662,1045,555,1039,953
602: 986,574,854,543
1030: 940,789
604: 698,709,828
605: 1029,381,470
606: 6,963,361,628,953,595,879,180
607: 74,621,295,756,236
608: 630
609: 1047,645,348,556
610: 852,1025,517,502,537
611: 824
612: 978,1011,968,1031,185,770
613: 832
614: 500
615: 696,508
616: 362,741,400,853,869,742
617: 767,234,568,768,488,959,112
618: 703
619: 970,713
620: 
621: 74,607,697,997,1026,236
622: 752
623: 727
624: 829
625: 248,884,154,423,918,448,552,689
626: 
627: 
628: 361,347,953,555,6,606,393,595,839,180,891
629: 944,463,689,130,838,1037
630: 608
631: 
1025: 852,610,583,725,233,507
633: 
1013: 1046,506
635: 874,911
636: 638,706
990: 
638: 636,2
639: 745,876,810
640: 755
641: 
642: 
643: 844
644: 799,873
645: 356,24,1047,348,609
646: 776,859
647: 601,928,662,740,555,6,953
648: 732,661
649: 849,929,804
1045: 1036,147,979,601,728
651: 
652: 693,853,869,416,954,819,747,868
653: 60,3,485,279,577,117,823,128,202,322
654: 754
655: 903,812
656: 957,779,735,999
657: 
658: 926,941
659: 539,910
1036: 147,1045,979,884,154,944
661: 648,921
662: 647,601,928,740
663: 
664: 
1028: 705
666: 534
667: 850,400,988,275,405
668: 835
669: 811
670: 885
1047: 24,120,645,687,348,556,609
672: 803
673: 
674: 
675: 554
676: 1022,700
677: 755,729
678: 824,995,946,763
679: 457,102,728,192,445,265,385,16
680: 54,7,503,286,413,312,256
681: 585,955,749,951
989: 240,809,804,29,2,566
683: 888,598
684: 1042,915,525
685: 
686: 837,814,929
687: 772,488,146,443,120,1047
688: 719
689: 130,918,770,448,518,625,154,944,629
690: 511
691: 971,561
692: 800,701,737
693: 853,652,869,868
694: 
695: 480
696: 615
697: 103,61,997,201,621,73,374,1026
698: 604
1017: 
700: 506,676
701: 692,737
1035: 762
703: 618
704: 
705: 1028
706: 849,804,743,636
707: 876
708: 454,907,963,879
709: 923,604
710: 524,545,571
711: 880,569
712: 87,898,934
713: 970,619
1024: 558,525,877
715: 844
716: 523
717: 896
718: 582
719: 688,777
720: 751
721: 
722: 813,531,987,197,259
723: 
724: 535,1048,858,96
725: 848,1025
726: 958
727: 623,933
728: 376,679,457,147,1045,265,1039,262
729: 906,755,677
730: 
996: 535
732: 648,746,748,567
733: 
734: 773,913
735: 957,779,656,999
736: 840,547,343
737: 906,701,692,800
738: 872,791,516
739: 860
740: 647,928,662,1037
741: 362,616,132,418,747,869
742: 616,400,850
743: 520,706
744: 335,197,919,533
745: 876,639
746: 594,515,732,567
747: 395,132,418,924,416,652,869,741
748: 253,37,567,732
749: 848,681,585,583,951
750: 783,1034
751: 720
752: 622
753: 181,533,425,302,139,109,171,277
754: 654
755: 640,677,729
756: 74,607,236,23,837,814
757: 780,771,508
758: 998
1029: 605,541
760: 917
761: 974
762: 827,1035
763: 946,998,995,678
1023: 948,67,267,226,370
1011: 968,233,507,1031,1021,231,612
766: 
767: 234,617,274,115,149,519,112
768: 272,80,274,450,443,234,617,568,488
769: 329,367,208,903,934,129
770: 185,918,612,448,463,518,689,130
771: 863,508,757
772: 488,687,959,443,119,211
773: 826,1044,913,734
774: 
775: 1049,513
776: 859,547,646
777: 719,847
778: 351
779: 957,874,735,656
780: 757
1009: 527
782: 528,886
783: 1034,750,808
784: 
785: 381,137,519,115,288
786: 832,597,815
787: 352,477,314,875,139,86,298,101
788: 977
789: 796,1030
1008: 462,1031,1021,584,106,185
791: 516,738
792: 920,514,521
1043: 840,293
794: 
795: 
796: 789,579
797: 
798: 572
799: 644,800
800: 692,799,737,906
801: 951,507
802: 860
803: 672,836,600
804: 989,809,306,649,849,706
805: 343,179,813,259,856
806: 513,1019
1021: 462,1031,1008,231,1011,185
808: 783
809: 240,989,804,306,318,29,476
810: 588,876,639
811: 511,669
812: 903,655,934
813: 722,259,805,343
814: 23,837,756,686
815: 520,597,786
816: 1018
817: 
818: 985
819: 416,954,393,839,868,652
820: 867
821: 1012
822: 890
823: 584,128,279,330,138,577,462,3,653
824: 678,611
825: 893
826: 773,1044,530
827: 762
828: 830,604
829: 624
830: 828,955
831: 530
832: 786,613
833: 834,914,841,194
834: 833,916,194
835: 668
836: 803,95,43
837: 861,23,814,74,756,51,236,686
838: 1037,463,518,130,629
839: 180,891,347,628,355,393,954,819,868
840: 736,343,856,1043
841: 914,104,833,553,587
842: 
843: 573
844: 643,599,715
845: 560,938,253,557,878
1042: 915,684,851
847: 777
848: 749,725,585
849: 649,929,804,706
850: 667,742,405
851: 1042
852: 1025,610,502,233,231
853: 693,652,869,616
854: 543,895,602,538,542
855: 192,151,248,884,490,434,152,979
856: 281,840,805,343,179,238,353
1012: 821
858: 724,96
859: 776,547,646,987
860: 802,739
861: 23,837,51,261,306,929,936
862: 949
863: 771
864: 119,959,112,470
865: 
1032: 119,512
867: 820
868: 596,590,839,891,819,693,652
869: 693,853,652,416,418,747,616,741
870: 882
871: 1041
872: 738,516
873: 644
874: 635,957,779
875: 442,302,113,139,171,86,298,787
876: 745,639,810,707
877: 941,1024,558,1050
878: 914,104,253,37,557,560,845
879: 595,454,708,963,606
880: 711
881: 
882: 870
883: 42,386
884: 248,625,154,423,76,434,152,1036,979,855
885: 670
886: 586,782
887: 
888: 683,1034
889: 
890: 822
891: 839,180,628,595,899,596,868
892: 
893: 825
894: 
895: 574,913,854,538
896: 717,1033
897: 
898: 118,208,712,87,934
899: 595,180,891,976,596
900: 
901: 978,1016
902: 
903: 812,655,934,222,329,769
904: 
905: 
906: 737,729,800
907: 454,708,514
908: 554,293
909: 
910: 659
911: 405,549,635
998: 758,946,763
913: 591,773,1044,895,734
914: 878,104,841,37,833
915: 1042,684
916: 1046,834,517
917: 956,760,976
918: 106,185,770,448,552,689,625
919: 425,744,533
920: 792,514
921: 581,958,661
922: 983
923: 709,975
924: 416,954,142,355,186,393,437,45,395,418,747
925: 
926: 541,658
927: 
928: 647,662,740,454,6
929: 306,861,686,649,849
930: 982
931: 522,563
932: 
933: 727
934: 903,812,712,898,208,769
1048: 43,370,172,724
936: 306,318,220,51,861,23,458,261,468
937: 
938: 560,845,62,442,113,966
939: 
940: 1030
941: 877,658
1027: 
1007: 78,193,487,243,495,389,315
944: 629,689,130,154,1036
945: 
946: 763,998,995,678
947: 
948: 264,67,1023,431,257,267,256
949: 862
950: 249,291,222,56
951: 801,681,955,749
952: 
953: 361,347,628,647,601,555,1039,6,606
954: 924,416,819,355,186,393,839,395,418,652
955: 681,585,830,951
956: 917,994
957: 779,874,735,656
958: 726,921
959: 772,488,617,112,119,864,211
960: 
961: 531,335,197
962: 542
963: 6,606,454,708,595,879
964: 
965: 1014
966: 442,302,113,425,938
967: 500,588
968: 1011,507,1031,978,612
1018: 546,816
970: 713,619
971: 691,561
972: 528
973: 
974: 761
975: 923
976: 899,917
977: 788
978: 612,968,901
979: 1036,147,1045,884,192,265,855
980: 
981: 
982: 930
983: 922
984: 286,2,566,600
985: 818
986: 574,602
987: 531,859,547,722
988: 28,275,409,362,400,667