0: 428,50,165,188,85,342,207,479
1: 272,350,482
2: 286,43,996
3: 279,330,577,60,485,128,140
4: 833,841,878,499,266,553
5: 210,307,134,366,40,357,305,316
6: 361,601,884,454
7: 680,413,503,54,84,431,93
8: 499,266,104,162,464,337,287
9: 53,358,214,66,155,239,124,58,493
10: 303,440,392,411,218,59,251
11: 424,12,193,17,175,64,33,300
12: 424,49,11,17,175,131,300
13: 459,68,319,18,289,360,338,38
14: 213,165,270,100,492,85,435,334,342
15: 161,45,427,437,212,142,237,252,75
16: 445,151,420,269,385,57,102,349
17: 352,193,175,64,12,11
18: 438,419,414,289,459,68,13,360
19: 296,103,79,121,327,61,301
20: 310,228,301,79,447,309,156
21: 404,144,475,484,373,270,100,213
22: 223,436,429,319,338,309,297,38
23: 51,220,837,686,458,261
24: 348,430,731,443,772,687,211,483
25: 168,346,366,305,422,474,69
26: 198,305,422,304,316,173,357,365
27: 458,476,468,32,191,205,36,467,136
28: 132,362,418
29: 458,476,846,467,318,240
30: 51,220,401,73,374,236,607,196
31: 205,36,258,336,54,369,93
32: 191,321,47,196,220,401,27,468
33: 308,300,340,78,219,64,494,11
34: 38,221,77
35: 70,410,63,280,497,203,94
36: 205,31,258,191,498,27,136
37: 914,878,919,253,377,104,464
38: 332,297,34,221,459,13,319,77,22
39: 63,409,410
40: 417,491,183,167,357,210,5,134,304,316
41: 224,433,59,251,411,363,490,469,453
42: 793,645,858
43: 2,286,379,948,566
44: 117,206,202
45: 15,437,212,142,186,395,252,510,148
46: 353,238,281,323,87,898,840
47: 196,201,310,228,401,426,32,321
48: 431,369,93,336,241,242,264,232,460
49: 424,12,131,432,290,111
50: 82,428,0,255,207,479,403,407,449
51: 220,30,23,401,236,607,196,686,261
52: 455,432,276,339,406,408,190,72,290
53: 9,358,214,166,160,182,58
54: 467,84,136,205,31,93,680,7
55: 294,111,177,190,98,290,135,317,189
56: 295,320,176,545,997,621
57: 269,385,292,16,380,387,349,235
58: 183,170,127,160,9,53,358,269,182,292,493
59: 251,76,10,392,411,469,224,41
60: 202,485,322,117,3,128,92,184,140
61: 472,73,374,19,103,79,228,201
62: 253,377,442,787,83,464,439
63: 39,285,280,409,391,81,410,35
64: 78,219,487,193,17,11,33
65: 235,354,333,292,183,170,210,134
66: 478,155,473,402,303,166,9,214
67: 264,257,260,312,256,267,226,95
68: 459,13,18,419,390,108
69: 474,341,307,366,71,216,25,285
70: 410,35,199,94,288,405
71: 216,150,354,210,307,69,341
72: 190,98,406,52,432,408,227
73: 472,61,621,374,1026,236,30
74: 607,295
75: 273,195,427,15,237,252,510
76: 92,59,251,122,324,397,248,490,469
77: 459,91,108,217,34,38,221
78: 219,64,487,243,1007,389,494,315,33
79: 19,103,121,61,374,228,20,301,201
80: 234,384,272,350,328,398,274
81: 497,141,474,168,158,63,285,280
82: 428,50,255,396,325,403,378,407
83: 326,162,464,62,377,298,439
84: 54,467,136,240,680,7
85: 241,435,242,334,342,14,0,204,479
86: 139,302,787,109,171,444,113
87: 293,655,179,343,281,46,898,769
88: 230,105,359,133,367,327,414,296,121
89: 278,157,110,244,484,167,173,399,198
1022: 973,565
91: 107,263,108,77,189,217,461,221
92: 184,251,140,76,60,122,128,324,469
93: 48,431,369,205,31,54,680,7
94: 115,288,398,203,70,35,149
95: 566,370,471,67,948,312,267,1023
96: 172,772,388,1023,370,645
97: 102,457,496,284,349,116,142,437
98: 190,72,227,55,478,473,135
99: 417,491,493,451,239,153,200,167,399,357
100: 373,415,270,21,144,484,213,14,165
101: 298,477,113,352,175,455,131,254
102: 143,457,97,496,284,16,445,265,349
103: 296,19,79,327,441,1026,472,61
104: 8,266,37,914,878,377,464
105: 359,368,133,323,840,394,247,414,88
106: 324,154,248,185,918,122,423,448,625
107: 263,390,91,108,123,294,177
108: 107,263,390,91,123,459,68,77
109: 314,313,171,425,277,181,86,302
110: 278,157,89,173,198,365,375,246
111: 294,55,177,432,424,49,290
112: 660,470,617,767
113: 298,477,101,439,86,787,444,352
114: 145,553,452,117,330,202,485
115: 94,288,398,470,149,381
116: 142,355,97,496,347,671,437
117: 44,452,206,114,60,202,485
118: 898,769,840,208,368,129
119: 617,568,768,211,864
120: 450,482,331,443,348,430,146
121: 296,19,79,364,230,88,447,301
122: 918,423,128,92,251,140,76,106,324
123: 308,300,424,177,107,390,108
124: 451,282,239,478,155,402,317,215,344,9,214
125: 489,163,345,426,209,498,258,336
126: 495,243,1007,277,935,753,313
127: 58,183,170,358,417,491,493,134
128: 918,122,423,3,279,60,823,92,140
129: 367,329,118,840,208,359,368
130: 770,855,884,740,514
131: 455,432,254,101,175,12,49,290
132: 28,395,510,418
133: 105,359,368,394,247,438,414,289,230,88
134: 210,5,307,183,127,417,491,40,65,316
135: 478,473,402,190,98,294,55,317,344
136: 54,467,84,191,27,476,205,36
137: 381,288,405,959
138: 462,231,653,178,233,577
139: 86,302,787,875,533,181,442
140: 92,184,251,3,60,485,322,122,128
141: 81,497,168,158
142: 116,355,97,347,45,15,437,186
143: 102,457,445,265
144: 21,404,475,244,484,456,100,157
145: 114,553,245,653,330,577
146: 568,768,234,120,450,443,488
147: 979,152,689,625,154,248,770,192
148: 45,186,395
149: 274,470,488,398,115,94
150: 237,71,216,174,354,333,161,195
151: 16,445,420,192,265,363,434,433,152,385
152: 979,147,154,248,490,434,151,192
153: 421,200,215,446,451,282,99
154: 106,324,248,448,625,770,152,147
155: 66,478,473,402,344,166,9,214,239,124
156: 311,426,209,309,310,228,20,436
157: 278,89,110,144,244,484,173,399,213,246
158: 168,346,271,81,328,497,141,384
159: 486,218,408,206,406,268,202,322,392
160: 166,224,433,411,53,214,269,182,453,58
161: 427,15,212,387,174,333,237,150
162: 326,83,464,8,337,339,164,287,254
163: 489,345,492,125,223,209,415,270
164: 339,406,287,326,162,455,254,276
165: 213,14,188,270,100,278,342,428,0
166: 160,224,303,411,66,155,53,214
167: 173,399,357,200,491,40,99,89,304
168: 25,346,158,474,271,81,497,141
1031: 233,1008,231,537
170: 58,183,127,292,65,235
171: 314,109,313,444,86,302,352
172: 96,772,356,388,226,187,731
173: 167,399,357,200,244,491,157,89,110,198,26,304,316
174: 380,387,235,333,161,212,150
175: 352,193,17,477,101,131,12,11
176: 295,320,56,351,545,997
177: 294,55,111,424,123,107,263
178: 848,233,231,138,653
179: 343,753,87,495,238,281
180: 347,671,555,376,708,628,819
181: 425,259,197,533,139,302,109
182: 269,385,453,292,160,53,58
183: 58,170,127,417,40,493,65,235,210,134
184: 92,251,140,60,322,392
185: 463,823,552,918,423,448,106
186: 250,395,393,142,355,45,148
187: 388,226,260,383,356,731,172,772
188: 213,165,278,342,375,255,246,428,0
189: 317,215,344,294,55,263,91,446,461
190: 72,98,290,52,432,227,55,135
191: 32,321,498,426,27,468,36,258,136
192: 445,151,265,434,979,152,147,262
193: 352,17,175,314,444,243,64,487,11
194: 517,833,465,245
195: 273,75,391,237,216,150,341
196: 47,201,374,236,51,30,401,32,321
197: 533,557,845,335,425,259,181
198: 26,304,173,89,110,365,375,246
199: 70,410,400,988,853
200: 153,456,421,451,244,99,167,173,399
201: 47,196,79,61,374,310,228
202: 60,485,322,114,44,117,206,159
203: 328,497,398,280,35,94
204: 207,479,260,85,242,232,257
205: 36,31,258,27,54,467,136,369,93
206: 337,44,452,117,339,287,268,202,159
207: 204,479,260,50,0,257,407,383,449
208: 291,118,329,129,222
209: 311,426,156,498,163,125
210: 5,307,134,366,183,40,65,354,333,71
211: 687,443,348,24,568,119
212: 161,45,15,437,284,387,174
213: 14,165,188,21,484,270,100,278,157,246
214: 9,53,358,66,155,166,160,124
215: 317,344,189,446,461,451,282,124,153,421
216: 237,71,150,354,69,341,195,391
217: 446,461,229,91,77,332,221
218: 486,408,227,159,268,322,10,440,392
219: 78,64,494,315,33,308,340
220: 51,30,23,401,686,32,458,468,261,846
221: 332,297,34,38,91,459,77,217,229
222: 329,441,291,208,950,249
223: 22,436,429,311,373,415,163
224: 166,160,433,41,59,411,453
225: 403,378,407,325,412,450,482,331
226: 388,267,187,1023,260,257,67,383,172
227: 218,408,190,72,98,303,440,473
228: 310,20,301,79,61,447,47,201,156
229: 446,217,461,332,221,456,421,404
230: 289,364,88,133,414,296,121,360
231: 462,138,178,233,1031,537,823
232: 264,460,257,241,242,48,431,204,256
233: 1031,178,231,138,537
234: 272,80,450,482,274,488,146
235: 65,354,333,57,292,183,170,380,174
236: 607,73,621,374,196,51,30
237: 216,150,161,427,15,252,273,195,75
238: 353,389,281,46,179,495,1007
239: 451,282,124,155,9,358,493,99
240: 318,29,467,84,989,680,929
241: 85,242,334,345,336,48,369,232
242: 241,85,48,204,479,232,257
243: 495,1007,126,314,313,193,78,487
244: 404,144,484,456,421,200,173,399,157,89
245: 145,553,194,833,465,653
246: 375,255,278,157,110,213,188,198,428
247: 494,315,394,105,133,438,414
248: 106,324,397,154,76,490,434,152,147
249: 997,1026,950,329,441,222
250: 186,395,393,355,416
251: 92,59,184,140,76,122,10,392,469,41
252: 510,45,427,15,237,395,75
253: 62,377,442,875,560,37
254: 455,131,276,326,162,298,477,101,339,164
255: 481,375,246,188,82,428,50,396,466,403
256: 379,948,312,431,413,264,232,67
257: 264,232,67,242,207,204,260,226
258: 205,36,31,336,191,498,345,125
259: 425,277,181,335,197,935
260: 207,204,257,67,383,449,226,187
261: 458,846,51,220,23,837,686
262: 679,979,689,192,265,601,457
263: 107,91,108,294,177,189,461
264: 232,460,257,67,48,431,413,312,256
265: 445,151,192,979,262,102,143,457
266: 8,499,104,878,4,833,464,337
267: 388,226,1023,67,312,95,370
268: 339,406,287,206,276,486,218,408,159
269: 385,57,182,453,292,160,16,420,58,380
270: 373,415,100,21,163,492,213,14,165
271: 350,466,372,422,168,346,158,384
272: 234,384,80,1,350,450,482,274
273: 195,75,409,391,237,275
274: 149,488,328,398,234,272,80
275: 400,273,409,410
276: 52,455,432,254,339,164,406,268
277: 425,259,935,109,313,126
278: 157,89,110,484,213,165,188,375,246
279: 3,330,577,462,823,918,128
280: 63,285,81,497,203,35
281: 353,238,46,179,343,87,655,898
282: 451,239,124,402,215,344,446,153
1019: 536
284: 102,97,387,349,437,212
285: 63,280,474,69,341,391,81
286: 2,43,600
287: 339,164,268,8,162,337,206
288: 115,94,70,405,381,137
289: 364,230,133,438,18,414,13,360
290: 190,52,131,432,49,55,111
291: 208,571,950,222
292: 269,385,57,182,58,170,380,65,235
293: 87,655,856,769
294: 55,111,177,107,263,135,317,189,461
295: 320,56,176,621,74
296: 19,103,121,359,367,327,230,88
297: 332,38,221,319,22,429,404,475,373
298: 477,101,439,113,787,326,83,254
299: 353,389,323,315,394
300: 33,308,340,123,424,12,11,390
301: 228,20,364,19,79,121,447
302: 139,86,533,425,181,109,171
303: 10,440,411,227,66,478,473,166
304: 198,305,26,316,40,167,173,357,365
305: 26,422,304,316,5,366,25,346
306: 837,842
307: 210,5,134,366,354,71,69
308: 33,300,340,123,219,419,390
309: 447,338,20,22,436,311,156
310: 228,20,47,201,426,156,321
311: 426,209,156,309,223,436
312: 379,948,256,264,67,267,1023,95
313: 314,109,171,425,277,243,126
314: 109,313,171,444,243,352,193,487
315: 494,394,247,1007,389,299,78,219
316: 305,26,304,40,173,357,5,134,366
317: 215,344,189,294,55,478,135,402,124
318: 240,29,989
319: 459,13,360,338,297,38,22
320: 295,56,176,351
321: 32,191,498,310,47,196,426,468
322: 60,202,218,159,184,140,392
323: 353,389,299,46,840,394,105,368
324: 106,397,154,248,122,423,92,76,490
325: 396,350,466,82,225,403,482
326: 83,162,298,439,164,254
327: 367,329,441,88,296,19,103
328: 497,398,203,158,384,80,274
329: 367,327,441,129,222,208,249
330: 3,279,577,145,114,653,485
331: 120,450,482,225,378,412,348,430
332: 297,38,221,217,229,456,404,475
333: 65,235,354,380,174,210,161,150
334: 241,85,435,342,345,492,336,14
335: 547,845,197,259
336: 31,258,345,125,241,334,48,369
337: 452,206,8,499,266,162,287
338: 360,447,309,364,13,319,22,436
339: 164,406,287,268,162,206,52,254,276
340: 33,308,300,219,494,438,419,390
341: 474,69,71,216,195,391,285
342: 85,435,334,14,165,188,0,479
343: 179,87,655,281
344: 317,215,189,155,135,402,282,124
345: 489,163,492,125,258,336,241,334
346: 168,25,158,305,422,271,372
347: 180,671,496,116,142,355,819,393
348: 430,731,24,120,331,443,211
349: 380,387,16,57,102,97,284
350: 466,271,372,325,384,272,80,1,482
351: 778,545,320,176
352: 193,17,175,314,171,444,477,101,113
353: 389,238,281,323,299,46,495,840,394
354: 65,235,333,210,307,71,216,150
355: 116,142,347,819,250,186,393
356: 383,412,187,430,731,172,772
357: 167,173,417,491,40,99,5,26,304,316
358: 9,53,214,239,58,127,493
359: 105,368,133,840,367,129,88,296
360: 447,338,18,289,364,230,13,319
361: 6,601,679,376,454,555
362: 28,418,747
363: 490,434,469,433,41,151,420
364: 289,230,121,360,447,338,301
365: 481,375,110,198,26,422,304,372
366: 210,5,307,305,316,474,69,25
367: 327,329,129,359,368,88,296
368: 105,359,133,323,118,840,367,129
369: 48,431,93,205,31,336,241
370: 95,566,471,388,267,1023,96,645
1020: 
372: 396,350,466,271,422,481,365,346
373: 415,270,100,297,223,429,21,475
374: 472,73,61,79,236,196,201,30
375: 481,365,255,246,278,110,188,198,428,396
376: 679,361,496,180,671,555
377: 253,62,37,104,83,464
378: 225,403,407,82,383,449,412,331
379: 948,312,256,431,413,43
380: 387,174,349,269,57,292,235,333
381: 137,115,288,470,660
1016: 1011,662,647,963
383: 449,412,356,207,260,378,226,187
384: 272,80,158,350,271,328
385: 269,57,182,453,292,433,16,445,151,420
386: 483,858,525
387: 380,174,349,57,284,161,437,212
388: 267,226,187,1023,370,172,96,772
389: 353,238,323,299,495,1007,78,315,394
390: 107,108,308,300,340,123,419,459,68
391: 273,195,409,216,341,63,285
392: 10,440,322,218,159,59,184,251
393: 250,186,347,355,416,819
394: 494,315,247,353,389,323,299,105,133
395: 250,186,45,252,510,148,132
396: 466,372,325,481,375,255,82,428,403
397: 324,248,76,490
398: 328,497,203,80,115,94,274,149
399: 167,173,456,421,200,244,99,157,89
400: 275,199,988
401: 51,220,30,47,196,32,458,468
402: 66,478,155,135,317,344,282,124
403: 225,378,407,255,82,50,396,325
404: 21,144,475,244,229,332,297,456,421
405: 70,288,137
406: 339,164,268,52,455,276,486,408,159,72
407: 225,403,378,82,50,207,449,412
408: 486,218,227,159,406,268,52,72,440
409: 273,391,39,63,275,410
410: 70,35,199,409,39,63,275
411: 10,303,59,166,160,224,433,41
412: 383,449,356,225,378,407,331,430,731
413: 7,503,431,264,379,256
414: 438,18,247,105,133,289,230,88
415: 373,270,100,223,163,492
416: 819,250,393,590,924
417: 491,40,493,99,183,127,357,134
418: 132,28,362
419: 438,18,494,308,340,390,68
420: 16,445,151,363,434,433,269,385,453
421: 153,456,200,215,446,229,451,404,244,399
422: 305,26,481,365,25,346,271,372
423: 918,122,128,823,185,448,106,324
424: 12,49,11,300,123,111,177
425: 259,277,181,197,302,109,313
426: 311,209,156,310,47,191,321,498,125
427: 161,15,237,252,75
428: 82,50,0,165,188,375,255,246,396
429: 223,22,436,297,475,373
430: 348,731,24,412,356,120,331
431: 48,369,93,413,7,264,232,460,379,256
432: 52,455,131,276,49,190,72,290,111
433: 160,224,41,411,363,469,151,420,385,453
434: 363,490,469,248,152,151,420,192
435: 85,334,342,14
436: 223,22,429,338,309,311,156
437: 45,15,212,97,284,387,116,142
438: 18,419,414,494,247,133,340,289
439: 298,477,113,62,442,787,326,83
440: 10,303,392,218,408,227,473
441: 327,329,222,249,1026,103,472
442: 253,62,875,560,139,787,439
443: 120,450,348,24,568,146,211
444: 314,171,86,787,477,113,352,193
445: 16,151,420,192,265,385,102,143,457
446: 217,461,229,215,189,282,153,421
447: 360,338,309,364,121,228,20,301
448: 625,728,463,185,552,423,106,154
449: 383,412,50,207,260,378,407
450: 120,482,331,443,225,234,272,146
451: 282,239,124,215,153,421,200,493,99
452: 337,117,206,499,114,553
453: 269,385,182,160,224,433,41,420
454: 708,6,361,555
455: 52,131,432,254,276,101,164,406
456: 421,200,229,332,404,144,244,399
457: 102,143,97,496,445,265,262
458: 27,476,468,261,846,220,23,401,29
459: 68,13,319,77,18,390,108,38,221
460: 264,232,48,431
461: 446,217,229,294,263,91,215,189
462: 231,138,653,279,577,537,823,552,918
463: 185,552,507,448,625,728
464: 83,162,37,62,377,8,266,104
465: 194,848,245
466: 396,350,271,372,325,481,255
467: 54,84,136,27,476,29,205,240
468: 27,458,476,220,401,32,191,321
469: 363,490,434,92,59,251,76,433,41
470: 149,488,115,768,381,112,660
471: 95,566,370,1023,793,645,609
472: 73,61,621,374,441,1026,103
473: 66,478,155,135,227,98,303,440
474: 69,341,366,168,25,285,81
475: 21,404,144,332,297,429,373
476: 27,458,468,846,29,467,136
477: 298,101,439,113,444,352,175,254
478: 66,155,473,135,402,98,303,317,124
479: 207,204,85,242,342,50,0
480: 869,866,742
481: 365,375,255,422,396,466,372
482: 120,450,331,350,325,225,234,272,1
483: 386,24,772,687
484: 21,144,244,100,278,157,89,213
485: 60,202,114,117,3,330,140
486: 218,408,159,406,268
487: 78,64,314,243,1007,193
488: 274,470,149,234,768,146
489: 163,345,125
490: 363,434,469,76,324,397,248,41,152
491: 417,40,493,99,127,167,173,357,134
492: 163,345,415,270,14,334
493: 417,491,99,9,358,451,239,58,183,127
494: 315,394,247,78,219,33,340,438,419
495: 243,1007,126,179,353,389,238
496: 102,457,97,376,347,671,116
497: 81,328,141,398,203,168,158,280,35
498: 191,321,426,209,125,36,258
499: 8,266,4,833,553,337,452
500: 541,967
501: 939
502: 587,594,517
503: 680,413,7
504: 522,945,746,559
505: 597,998,520
506: 681,1013
507: 537,463,552,944
508: 994,619
509: 818
510: 252,45,395,75,132
511: 610
512: 
513: 
514: 740,647,130,884
515: 565
516: 816
517: 194,502,594
518: 951
519: 959,660
520: 1017,505,597
521: 792
522: 504,945,559,973
523: 1010,794
524: 940,812
525: 386,864
526: 692,799
527: 931,860,676
528: 
529: 730
530: 877,556
531: 661
532: 669,983,992
533: 197,557,938,875,181,139,302
534: 666
535: 638,883
536: 1019
537: 507,233,1031,462,231,552
538: 794
539: 
540: 
541: 500
542: 
543: 558,986
544: 683,750
545: 351,950,997,56,176
546: 942,872
547: 335
548: 
549: 614,616
550: 821,761
551: 672,600,803,996
552: 463,823,185,462,537,507,918,448
553: 145,114,245,4,833,499,452
554: 736,859,776,650
555: 180,671,361,376,454,708
556: 530,877
557: 845,938,197,533
558: 543,986,588
559: 945,504,522,960
560: 938,875,253,442
561: 782,971
562: 
563: 676,960,585
564: 971,847,820
565: 952,648,515,730,1022
566: 95,370,471,948,43,724,609
567: 958
568: 768,146,443,211,119
569: 
570: 970,717,902
571: 291
572: 593,664,932
573: 931,843,721
574: 826,734
575: 788,784
576: 987
577: 3,279,330,145,462,138,653
578: 994
579: 737
580: 982
581: 919,744,921
582: 
583: 749
584: 830,968,612
585: 676,563,721
586: 
587: 834,916,748,502,594
588: 986,558
999: 915
590: 924,416,866
591: 1010
1026: 997,249,441,103,472,73,621
593: 572,932
594: 841,587,748,502,517
595: 928,920
596: 868,839,628,606
597: 505,998,520
598: 808,859,776
599: 831
600: 929,286,551
601: 6,361,884,689,262,679
602: 986,716
1030: 776,650
604: 923
605: 1029,745,957
606: 976,652,596
607: 236,74,51,30,686
608: 700,630
609: 638,566,471,724,793,645
610: 511,952
611: 624
612: 584
613: 618
614: 549,695
615: 892
616: 549
617: 119,112,864
618: 613
619: 508,994
620: 981
621: 472,73,997,1026,295,56,236
622: 
623: 
624: 611
625: 448,728,463,106,154,770,855,147
626: 668
627: 854
628: 868,596,839,708,180,819
629: 917
630: 700,608
631: 843
1025: 
633: 904
634: 
635: 667,850,779,1029
636: 
637: 889,703
638: 609,793,535
639: 785
640: 
641: 666
642: 836
643: 684
644: 827
645: 42,793,370,471,96,609
646: 934,903
647: 662,514,1016,963
648: 952,565,730
649: 809,706,803
650: 554,1030
651: 
652: 917,606
653: 462,138,178,145,245,330,577
654: 774
655: 293,87,343,281
656: 876,900
657: 972
658: 735,862,667
659: 879
660: 112,470,381,519,767
661: 958,531
662: 740,647,702,801,1016
663: 885,691
664: 688,1012,572
665: 
666: 641,534
667: 635,850,735,862,658
668: 626
669: 532
670: 719,820
671: 180,347,555,376,496,116
672: 551,996
673: 
674: 923,968,1021
675: 755,908,812
676: 960,563,585,527
677: 737,873,729
678: 763,824
679: 262,376,979,689,361,601
680: 7,503,54,84,240,93
681: 1013,506
682: 
683: 544,733
684: 643
685: 
686: 837,607,51,220,23,261
687: 211,24,483
688: 664
689: 979,147,770,884,601,262,679
690: 
691: 663,885
692: 526,799
693: 954,949
694: 
695: 1028,614
696: 
697: 710
698: 
1017: 520
700: 964,725,630,608
701: 789,800
702: 944,801,662
703: 637
704: 980,876,810
705: 899
706: 809,936,803,649
707: 874
708: 454,180,555,868,628
709: 
710: 697
711: 
712: 
713: 949
1024: 909
715: 777
716: 602
717: 970,570
718: 
719: 847,670
720: 955
721: 573,931,585
722: 897,805
723: 1015,733
724: 566,996,609
725: 964,732,700
726: 
727: 1027
728: 448,625,463,944,740,770,855
729: 677
730: 529,565,648
731: 348,430,24,412,356,187,172,772
732: 725
733: 723,683
734: 574,844
735: 862,667,658
736: 859,554,776
737: 677,873,579
738: 945,1014
739: 860
740: 662,514,728,130,855,884
741: 747,954,911
742: 924,866,480
743: 849
744: 921,581
745: 1029,605
746: 1009,504
747: 741,362,954
748: 587,834,916,594
749: 583
750: 783,544
751: 
752: 880
753: 935,179,126
754: 797
755: 908,675,906
756: 763,861
757: 892
758: 
1029: 635,745,605
760: 
761: 550
762: 
763: 678,756
1023: 388,267,226,312,95,370,471,96
1011: 1016,828,887,963
766: 
767: 862,112,660
768: 568,146,470,488,119
769: 898,118,293,87,856
770: 130,855,884,625,728,154,147,689
771: 
772: 172,96,356,388,187,731,24,483
773: 
774: 654
775: 
776: 598,736,859,554,1030
777: 715
778: 351
779: 635,850
780: 902
1009: 746
782: 561
783: 750,977
784: 575,893
785: 911,639
786: 995
787: 139,86,62,442,444,298,439,113
788: 575
789: 800,701
1008: 1031
791: 983,806
792: 521
793: 42,645,471,638,609
794: 523,538
795: 822,829
796: 991,888
797: 754
798: 871
799: 692,526
800: 789,701
801: 702,838,662
802: 
803: 706,649,551
804: 842
805: 897,722
806: 791
1021: 968,674
808: 598
809: 706,936,649
810: 704,980
811: 
812: 524,908,675
813: 897
814: 
815: 849
816: 516
817: 957
818: 509
819: 416,180,347,355,628,393
820: 670,847,564
821: 550,867
822: 795
823: 185,552,462,231,279,918,423,128
824: 678
825: 
826: 574
827: 644
828: 1011,901,838,887
829: 795
830: 968,584
831: 599
832: 
833: 4,194,499,266,553,245
834: 587,916,748
835: 
836: 642
837: 306,686,23,261,846
838: 978,901,801,828
839: 596,628,866,924
840: 898,118,353,323,46,105,359,368,129
841: 594,914,878,4
842: 306,804
843: 573,631
844: 734
845: 557,966,335,197
846: 458,476,261,220,837,29
847: 719,820,564,971
848: 178,465
849: 815,743
850: 667,635,779
851: 864
852: 964
853: 988,199
854: 627,941
855: 130,770,884,625,728,740
856: 293,769
1012: 664
858: 386,42
859: 736,554,598,776
860: 739,527
861: 756
862: 735,767,667,658
863: 
864: 617,119,525,851
865: 
866: 839,590,924,742,480
867: 821
868: 596,628,708
869: 480,891
870: 1018
871: 798
872: 992,546
873: 677,737
874: 707
875: 938,560,533,253,442,139
876: 704,900,656
877: 530,556
878: 37,914,841,4,266,104
879: 659
880: 896,752
881: 
882: 
883: 535
884: 130,770,855,740,514,689,6,601
885: 663,932,691
886: 
887: 953,963,920,828,1011,928
888: 977,796,930
889: 637
890: 974
891: 869
892: 615,757
893: 784
894: 
895: 
896: 880
897: 813,805,722
898: 769,118,840,87,281,46
899: 705
900: 876,656,933
901: 838,978,828
902: 780,570
903: 934,646
904: 956,633
905: 
906: 755,908,947
907: 910
908: 755,675,812,906
909: 1024,926
910: 907
911: 741,785
998: 946,505,597
913: 
914: 37,878,919,841,104
915: 999
916: 587,834,748
917: 629,652
918: 122,423,128,462,279,823,185,552,106
919: 581,37,914
920: 953,887,928,595
921: 744,581
922: 
923: 604,674
924: 590,742,839,416,866
925: 
926: 909
927: 
928: 887,920,595
929: 600,240,989
930: 888
931: 527,573,721
932: 593,572,885
933: 900
934: 646,903
935: 753,259,277,126
936: 989,809,706
937: 
938: 875,560,557,533
939: 501
940: 524
941: 854
942: 546
1007: 495,243,126,389,238,78,487,315
944: 702,507,728
945: 738,559,504,522
946: 998
947: 906
948: 379,312,256,43,95,566
949: 713,693
950: 291,545,222,997,249
951: 518
952: 565,648,610
953: 887,963,920
954: 693,741,747
955: 720
956: 904
957: 817,605
958: 661,567
959: 519,137
960: 676,563,559
961: 
962: 
963: 953,887,1016,1011,647
964: 725,700,852
965: 
966: 845
967: 500
968: 1021,674,830,584
1018: 870
970: 717,570
971: 564,847,561
972: 657
973: 1022,522
974: 890
975: 
976: 606
977: 783,888
978: 838,901
979: 152,147,689,192,265,262,679
980: 704,810
981: 620
982: 580
983: 791,532
984: 
985: 
986: 602,588,558,543
987: 576
988: 853,400,199
989: 936,318,240,929
990: 
991: 796
992: 872,532
1010: 523,591
994: 508,619,578
995: 786
996: 2,551,672,724
997: 249,1026,950,545,56,176,621
1013: 681,506
1014: 738
1015: 723
1027: 727
1028: 695