0: 428,165,14,242,85,207,50,479,204
1: 482,396,466,403,325
2: 95,948,312,7,286
3: 60,202,485,283,138,330,279,128,140
4: 104,266,878,194,553,114,499,452
5: 210,307,354,366,134,26,183,40,357,304,65,316
6: 130,147,361
7: 84,93,286,379,413,95,312,2
8: 164,287,266,464,162,337,499,44,206
9: 166,358,214,53,155,124,127,239,58,417
10: 59,440,227,303,218,473,41,224,411,166
11: 12,175,64,49,17,193,352,477
12: 11,131,175,64,49,17,300,424,111
13: 18,68,108,107,447,360,289,459,319,436,338
14: 0,428,165,213,334,270,345,342,435,85
15: 45,427,161,116,97,437,212,237
16: 420,445,151,363,434,433,269,102,385,143
17: 193,352,313,78,219,487,11,12,64
18: 68,438,13,414,247,364,20,360,289
19: 79,103,296,121,156,20,228,301
20: 156,447,360,228,289,414,230,121,364,19,18
21: 475,100,332,144,404,297,38,229,157,373,484,213
22: 223,163,436,338,309,360,297,319,475,429
23: 401,51,74,220,29
24: 119,488,443,483,731
25: 346,141,307,366,305,316,474,81,497
26: 210,307,366,5,134,40,198,304,305,316,422,365
27: 468,321,458,220,31,54,191,476
28: 395,132,273,362,418,400
29: 220,23,261
30: 73,374,196,236,56,201,401,51
31: 54,191,318,136,48,125,27,258,205
32: 468,321,201,47,374,196,498,125
33: 308,300,315,78,219,64,419,340
34: 91,461,446,221,77,217,108,459,319,38,229,456,332
35: 288,381,280,328,203,70,410
36: 258,345,489,336,209,311,125,492,136
37: 787,833,104,377,253
38: 459,297,319,229,34,338,21,475,332,404
39: 280,341,63,391,195,275,409,199,410
40: 357,491,183,167,304,210,5,134,26,422
41: 224,411,433,251,10,59,440,469
42: 386,638,471,388
43: 566,388,264,95,948,370
44: 337,499,452,117,8,202,159,485,206
45: 15,427,252,161,116,142,186,148
46: 118,281,353,368,389,323,129
47: 301,201,310,228,374,498,426,32
48: 31,191,318,136,258,336,241,205,369
49: 11,12,131,175,455,300,432,72,55,424,290,111,177
50: 207,407,479,403,204,188,0,428,481,255,466,82
51: 23,401,74,236,56,30,196
52: 101,455,254,164,276,131,406,339,432,408
53: 9,166,358,214,160,453,182,385,380,292,58
54: 31,191,318,136,27,467,476
55: 294,290,111,49,72,177,402,189,215,317,190
56: 472,236,30,51,74
57: 269,182,102,385,380,292,170,349,437,387,174,235
58: 380,292,170,183,9,358,53,127,417,357
59: 10,440,227,392,92,184,251,469,41,411
60: 202,159,322,3,392,128,92,140,184
61: 472,295,236,90,441,79,103,73
62: 439,113,787,302,442,83,253
63: 39,497,280,341,81,285,195,328
64: 11,12,17,352,219,487,33,308,300,424
65: 174,333,235,380,170,183,357,210,354,5,134
66: 473,135,402,303,344,190,166,155,124
67: 257,260,449,264,232,226,356,383,267
68: 18,108,438,13,247,77,390,107,360,289
69: 474,81,285,307,354,237,71,216
70: 199,410,288,35,137,405
71: 237,75,216,354,69,285,195,341
72: 432,478,98,408,131,49,55,290,111,135,317,190
73: 30,374,441,79,472,61,236,301,201
74: 23,51,56,756
75: 237,71,216,427,252,285,395,273,391,195
76: 92,251,122,128,248,397,490
77: 263,217,107,68,108,91,461,34,459
78: 243,1007,315,219,487,299,17,33
79: 441,103,19,61,301,201,73
80: 158,384,328,203,272,398,274,149,381,94
81: 474,69,285,346,141,25,497,63,158
82: 481,255,466,375,428,50,407,479,403
83: 464,162,326,253,377,439,62
84: 7,93,286,467,240,413
85: 342,435,242,431,0,165,14,479,204,260
86: 259,109,181,302,113,171,314
87: 343,281,293
88: 296,230,121,105,129,367,329,133,103,327
89: 278,188,484,157,244,100,144,404,399,198,173,110
90: 329,222,367,249,441,103,327,295,61
91: 461,446,221,34,294,77,263,217,108,459,229
92: 140,184,76,251,60,392,128,59
93: 7,84,318,467,240,205,413
94: 211,470,80,203,149,381,112
95: 948,312,2,7,264,43
96: 172,483,348,430,187,386
97: 349,437,212,347,284,457,355,15,116
98: 478,408,72,486,406,218,227,303,473,135,190
99: 244,200,451,493,417,491,399,167,173,304
100: 21,475,144,404,157,270,373,188,484,89,165,213
101: 455,52,254,477,326,444,298,164,276,131,175
102: 269,385,57,433,16,420,151,284,143,265,349
103: 441,79,19,327,90,88,296,121,61,301
104: 4,377,266,878,37,194,464
105: 129,367,368,414,133,494,88,296,230
106: 185,689,423,463,152,324,448
107: 77,390,123,263,217,68,108,438,13,459
108: 68,438,13,77,263,107,91,34,459,319
109: 259,335,86,277,126,171,313,243
110: 198,173,278,484,89,422,365,246
111: 294,55,424,290,12,131,49,72,123,177,189
112: 382,211,94,115
113: 439,444,298,62,302,442,86,314
114: 465,245,117,194,553,4,452
115: 288,382,112
116: 45,15,427,347,97,355,142
117: 245,114,283,44,452,330,202,159,485
118: 293,208,46,281,129,367,359
119: 488,24,146,443,211,470
120: 146,443,225,450,430,234,348
121: 88,296,230,364,103,19,156,447,20,228,301
122: 463,462,279,128,76,324,248,397
123: 390,177,263,107,308,300,419,294,424,111
124: 127,239,451,282,66,402,215,344,9,214,155
125: 498,209,311,32,321,36,258,489,31,191,136
126: 495,179,277,109,335
127: 124,239,451,493,282,9,358,214,155,58,417
128: 122,462,279,60,3,92,140,76
129: 105,367,359,118,46,368,323,88
130: 448,152,262,147,6
131: 12,175,49,101,455,52,432,408,72,290,111
132: 395,28,186,148,416,418
133: 414,494,247,368,394,105,88,230,364
134: 210,307,5,26,170,183,40,357,491,304,65,333
135: 66,473,402,478,98,72,303,317,190
136: 31,54,191,48,125,321,36,258,336,205
137: 405,70,288
138: 145,330,283,233,231,3,462,279
139: 181,302,442,197,425,938
140: 92,184,330,60,202,3,279,128
141: 168,271,346,25,305,474,81,497,158,384
142: 355,480,347,393,45,116,250,416,186
143: 284,457,265,16,445,151,269,102,496,349,437
144: 21,100,332,404,157,244,373,173,484,89,213
145: 138,330,178,283,233,577,231
146: 120,443,450,234,274,470,119
147: 262,376,192,130,445,6,361
148: 395,132,186,45,427,252
149: 398,274,80,203,381,211,94,470
150: 174,333,387,212,354,161,237,216
151: 16,420,445,376,192,102,143,265,349
152: 169,324,154,248,106,130,448,262,192
153: 239,451,282,215,344,461,446,221,421,200,456
154: 169,152,324,248,490,434,262,192,420
155: 9,166,358,214,303,66,402,344,124,127
156: 447,20,228,289,296,121,364,19,301,310,309
157: 244,200,456,21,100,144,404,399,167,173,484,89
158: 80,384,328,203,81,168,141,497,280
159: 60,202,485,322,117,337,44,287,206,268
160: 224,453,411,433,166,358,214,53,182
161: 45,15,427,437,387,212,150,174,237,216
162: 464,83,326,439,8,164,287,254
163: 223,436,22,297,311,429,415,492,489
164: 8,276,287,162,326,298,101,52,254,339
165: 0,428,14,213,100,334,270,188,484,85,255,479
166: 9,214,53,155,10,303,66,473,160,411
167: 399,198,173,304,493,157,200,99,40,491,422
168: 271,346,141,350,272,497,158,384
169: 152,324,154,248,397
170: 380,292,58,183,358,182,57,357,65,235,134
171: 193,352,314,313,259,109,86
172: 96,483,348,412,430,187,356,386
173: 399,167,198,110,304,157,244,99,144,484,89,422,365
174: 65,150,333,235,57,380,437,387,212,161
175: 11,12,131,49,101,455,477,432,424,290
176: 249,291,222
177: 390,123,263,217,49,300,294,55,424,111,189
178: 465,245,283,577,231,145
179: 495,126,371,238,343
180: 347,457,361,454,496,393,355
181: 139,302,442,425,259,86
182: 269,385,57,160,453,433,53,380,292,170
183: 380,292,170,58,417,40,357,491,65,235,210,5,134
184: 92,140,251,60,322,392,218,59,440
185: 106,689,728,423,463,448
186: 132,148,142,45,250,416,418
187: 226,356,383,471,96,172,386
188: 278,484,89,100,428,165,213,255,246,50
189: 215,344,317,190,294,55,111,177,217,461,446
190: 189,344,317,478,98,72,55,290,66,135,402
191: 31,54,318,136,48,125,468,27,321
192: 262,376,147,152,154,434,420,445,151
193: 17,171,352,314,313,243,487,11
194: 553,104,4,266,878,114,452
195: 273,391,252,71,75,285,39,341,63
196: 30,374,401,51,468,32,458
197: 969,938,139,442
198: 399,167,173,110,304,89,26,316,422,365,246
199: 70,410,391,39,280,275,409,405
200: 157,244,421,456,99,446,239,451,493,153,399,167
201: 301,310,47,79,228,30,73,374,32
202: 60,159,485,322,3,117,44,330,206,392,140
203: 158,80,328,280,149,410,35,381,94
204: 207,50,479,0,428,435,242,85,260,449
205: 379,369,413,31,318,136,48,241,93
206: 268,406,339,392,337,44,8,276,287,202,159,322
207: 378,50,407,479,204,0,242,260,449,331
208: 293,118,291,359
209: 498,426,311,125,223,321,36,489
210: 307,354,366,5,134,26,183,40,65,333
211: 94,470,149,119,488,112
212: 97,349,437,387,150,174,15,427,161
213: 428,165,14,21,100,144,270,373,188,484
214: 9,166,358,53,155,160,453,411,124,127,292
215: 189,344,317,55,402,461,446,124,239,451,153,282,421
216: 237,71,75,150,333,354,161,69,285
217: 77,177,263,107,294,189,91,461,446,221,34
218: 486,268,406,339,392,322,98,184,10,440,227
219: 243,315,78,487,299,17,64,33,340
220: 458,29,23,401,27,476,261
221: 91,461,446,34,217,459,229,153,244,421,456,404
222: 329,90,291,359,176,249
223: 163,436,338,22,309,426,209,311,429,489
224: 41,160,453,411,433,10,363,469,385
225: 331,325,450,412,430,120,348
226: 187,356,383,67,267,471
227: 10,59,440,303,486,392,218,98,473
228: 156,447,20,121,19,301,201,310,47,436,309,426
229: 459,38,91,221,34,244,421,456,21,475,332,404
230: 88,296,121,364,105,414,133,327,20
231: 233,577,178,283,145,138
232: 264,256,431,379,460,257,67,267
233: 577,231,145,138,918
234: 398,274,482,350,272,325,450,146,120
235: 65,174,333,57,380,292,170,183,387
236: 472,295,61,56,30,73,51
237: 71,75,216,150,15,427,252,161,69
238: 343,353,495,179,243,1007,299,389
239: 124,127,451,493,153,282,215,344,9,200,417
240: 306,467,261,84,93
241: 342,435,242,431,258,336,48,205,369,460
242: 241,435,431,85,0,460,207,204,257,260
243: 1007,78,219,487,299,109,495,277,238,193,313
244: 157,421,200,456,99,221,229,451,144,404,399,173,89
245: 465,178,114,283,117,553,452
246: 481,255,375,198,110,278,188,372,422,365
247: 414,133,494,419,340,308,364,390,18,68,438
248: 169,152,324,154,397,122,76,251,490,434
249: 351,176,329,222,90,441,295
250: 416,480,142,186
251: 92,184,76,59,248,363,490,469,41
252: 45,427,237,75,395,148,273,195
253: 464,83,787,37,442,377,439,62
254: 101,455,52,162,326,298,164,276,287,406
255: 481,466,246,82,278,188,428,165,50,479
256: 264,232,379,369,460,257,312
257: 260,449,67,242,431,460,256,232
258: 36,345,489,336,125,31,136,48,342,241
259: 109,335,86,425,181,171
260: 257,449,67,242,431,85,207,378,479,204,383
261: 467,476,220,29,240
262: 376,147,192,152,154,130,448,445
263: 77,390,123,177,217,107,294,424,108,91
264: 256,232,67,95,312,370,267,43
265: 284,457,143,376,445,151,102,361,496
266: 104,4,377,194,464,499,452,8
267: 370,471,67,264,232,226
268: 486,206,406,339,392,218,287,159,322
269: 182,102,385,57,453,433,16,380,143,349,437,387
270: 429,415,334,492,373,100,165,14,213
271: 168,346,141,372,305,375,350,396
272: 482,350,396,168,450,80,384,234,398,274
273: 391,195,252,75,395,28,400,409
274: 234,398,149,272,450,80,146,470
275: 400,409,39,199,405
276: 164,287,326,101,52,254,206,406,339,408
277: 495,126,109,335,313,243,1007,487
278: 188,484,89,110,428,365,481,255,246
279: 122,462,128,138,330,3,140
280: 39,497,341,63,158,328,203,199,410,35
281: 343,353,87,293,118,46
282: 124,127,239,451,493,153,402,215,344,317,446,421
283: 245,178,117,231,145,138,330,485,3
284: 347,457,143,265,102,97,349,437
285: 474,81,69,71,75,216,195,497,341,63
286: 7,84,2
287: 8,164,276,162,337,499,254,159,206,268,406,339
288: 35,381,70,137,405,115
289: 156,447,20,360,364,18,68,438,13,436,338
290: 55,424,111,455,131,175,49,432,478,72,190
291: 208,359,222,176
292: 380,170,58,183,453,358,214,53,182,57,235
293: 118,208,87,281
294: 55,424,111,123,177,263,217,189,317,91,461
295: 472,61,236,90,351,249,441
296: 88,230,121,364,105,103,19,327,156
297: 319,38,163,436,338,22,21,475,332,429,373
298: 439,444,113,326,164,101,254,477
299: 243,1007,315,78,219,238,389,323,394,340
300: 33,308,12,64,49,419,424,390,123,177
301: 201,310,47,121,79,103,19,156,228,73
302: 139,181,442,86,113,62,314
303: 10,440,227,98,66,473,135,411,166,155
304: 167,198,173,99,40,357,491,5,134,26,316,422,365
305: 372,316,422,366,26,474,271,346,141,25
306: 240
307: 210,354,366,5,134,26,474,69,25
308: 33,300,64,247,419,340,424,390,123,438
309: 223,436,22,156,447,360,228,310,426,311
310: 301,201,47,156,228,374,309,498,426
311: 498,426,209,125,223,163,309,492,36,489
312: 95,2,379,7,264,256
313: 17,171,193,314,109,277,243,487
314: 171,193,352,313,302,86,444,113,477
315: 78,219,299,394,33,494,419,340
316: 372,305,422,365,198,304,366,5,26,346,25
317: 189,215,344,190,72,294,55,135,402,461,282
318: 31,54,191,48,467,205,413,93
319: 459,297,38,108,13,360,34,436,338,22,475,332
320: 351
321: 468,27,32,498,209,125,191,136
322: 60,202,159,485,337,206,268,339,392,218,184
323: 368,389,394,353,46,299,129
324: 169,152,154,248,397,463,122,106
325: 331,225,450,412,466,407,403,482,396,1,234
326: 83,162,439,444,298,164,276,101,254
327: 441,103,367,329,90,88,296,230
328: 158,80,384,203,497,280,63,410,35
329: 222,90,367,359,249,88,327
330: 145,138,283,117,202,485,3,279,140
331: 225,325,450,412,430,207,378,407,403
332: 21,475,144,404,34,297,319,38,229,456,373
333: 65,150,174,235,210,354,134,216
334: 415,270,492,373,345,489,165,14,342
335: 259,109,425,277,126
336: 36,258,345,136,48,342,241,435,431,369
337: 499,44,452,8,287,159,322,206,339
338: 223,436,22,13,447,360,289,297,319,38,429
339: 486,206,268,406,218,337,164,276,287,52,322,408
340: 494,247,419,315,219,299,394,33,308
341: 39,280,63,71,285,391,195,409,410
342: 241,435,85,334,492,258,345,336,14
343: 238,281,353,371,87,179
344: 189,215,317,190,66,402,155,124,239,153,282
345: 36,258,489,336,334,492,14,342
346: 168,271,141,25,366,372,305,316,375,81,350
347: 284,457,180,496,97,437,355,142,116
348: 96,172,483,225,430,120,443
349: 97,437,387,212,151,269,102,57,284,143
350: 482,396,272,375,168,271,346,384,234
351: 249,320,472,295
352: 17,171,193,314,444,487,477,11,64
353: 238,343,281,46,389,323
354: 210,307,5,65,150,333,71,216,474,69
355: 480,142,347,457,180,97,393,116
356: 187,226,383,378,449,67,412,430,172
357: 417,40,491,493,170,58,183,304,65,5,134
358: 9,214,53,155,160,127,292,170,58,417
359: 129,367,118,208,291,329,222
360: 447,20,289,18,68,13,319,436,338,22,309
361: 454,496,376,147,6,180,265
362: 418,28,400,510
363: 490,434,469,251,224,433,16,420
364: 296,230,121,414,133,247,18,156,20,289
365: 372,316,422,198,173,110,304,278,26,481,375,246
366: 210,307,5,26,305,316,422,474,346,25
367: 105,129,359,118,329,90,88,327
368: 323,394,46,105,129,133,494
369: 379,205,413,460,336,48,241,435,431,256
370: 267,471,264,566,43,388
371: 179,343
372: 305,316,422,365,481,375,246,271,346,396
373: 429,415,334,270,492,297,21,475,100,332,144,213
374: 30,73,196,201,310,47,498,468,32
375: 481,466,246,82,372,365,271,346,350,396
376: 262,147,192,445,151,361,496,265
377: 104,266,37,464,83,253
378: 207,407,403,260,449,331,412,356,383
379: 205,369,413,460,431,7,256,232,312
380: 292,170,58,183,53,269,182,57,387,65,174,235
381: 288,35,80,203,149,94
382: 112,115
383: 187,226,356,378,260,449,67,412
384: 158,80,328,168,141,350,272,398
385: 269,182,102,57,224,453,433,53,16
386: 42,187,96,172
387: 349,437,212,269,57,380,150,174,235,161
388: 566,43,370,471,42
389: 323,394,238,353,46,1007,299
390: 123,177,263,107,308,300,247,419,68,438
391: 273,195,75,39,341,400,409,199
392: 206,268,218,60,202,322,92,184,59,440,227
393: 628,454,180,355,480,142
394: 368,389,323,315,299,133,494,340
395: 132,28,148,252,75,273
396: 482,350,1,272,372,481,466,375,403,271,325
397: 169,324,248,463,122,76
398: 234,274,149,272,80,384
399: 167,198,173,157,244,200,456,99,491,89
400: 275,409,28,273,391,362
401: 23,51,30,196,468,458,220
402: 66,473,135,478,55,215,344,317,190,155,124,282
403: 378,50,407,466,82,482,396,1,331,325
404: 21,475,100,332,144,221,38,229,157,244,456,89
405: 137,275,70,199,288
406: 486,206,268,339,218,276,287,52,254,432,478,98,408
407: 207,378,50,479,403,466,82,331,325
408: 432,478,98,72,276,455,52,131,486,406,339
409: 400,275,273,391,39,341,199
410: 70,199,39,280,341,328,203,35
411: 41,160,224,453,10,59,303,166,214
412: 331,225,325,430,378,449,356,383,172
413: 379,205,369,318,7,84,93
414: 133,494,247,419,105,230,364,18,438,20
415: 429,334,270,492,373,163,475,489
416: 250,142,132,186
417: 357,491,9,358,127,239,493,99,58,183
418: 362,132,28,186
419: 414,494,247,340,315,33,308,300,390,123,438
420: 16,445,151,154,363,490,434,433,192,102
421: 244,200,456,215,461,446,221,229,451,153,282
422: 372,305,316,365,40,167,198,173,110,304,366,26,246
423: 918,463,462,185,106,728
424: 294,290,111,12,175,64,49,308,300,123,177,263
425: 938,139,181,259,335
426: 498,209,311,228,310,47,223,309
427: 45,15,252,161,116,212,237,75,148
428: 0,165,14,213,278,188,255,82,50,479,204
429: 415,270,492,373,297,223,163,338,22,475
430: 331,225,450,412,356,120,443,96,172,348
431: 241,435,242,85,336,379,369,460,257,260,232
432: 478,408,72,455,52,131,175,49,406,290
433: 41,160,224,453,363,469,16,420,269,182,102,385
434: 363,490,469,154,248,192,16,420,445
435: 342,241,242,431,85,336,14,369,204
436: 223,163,338,22,309,13,447,360,228,289,297,319
437: 97,349,387,212,269,57,347,284,143,174,15,161
438: 18,68,108,308,414,247,419,390,107,289
439: 444,113,298,62,83,162,326,253
440: 10,59,227,303,486,392,218,184,41
441: 79,103,327,90,249,472,295,61,73
442: 139,181,302,197,787,253,113,62
443: 146,120,430,483,348,119,24
444: 439,113,298,326,352,314,101,477
445: 16,420,151,434,262,376,147,192,143,265
446: 91,461,221,34,217,189,215,451,153,282,421,200,456
447: 156,20,360,228,289,121,13,436,338,309
448: 130,185,106,689,152,262
449: 257,260,67,207,378,204,412,356,383
450: 331,225,325,430,482,272,234,274,146,120
451: 124,127,239,493,153,282,215,446,244,421,200,99
452: 337,499,44,194,4,266,245,114,117,485
453: 160,224,411,433,214,53,269,182,385,292
454: 361,496,180,393,628
455: 101,52,254,477,131,175,49,432,408,290
456: 157,244,421,200,446,221,34,229,153,332,404,399
457: 347,284,143,180,265,496,97,355
458: 220,196,401,468,27,476
459: 319,38,229,77,107,108,13,91,221,34
460: 379,369,241,242,431,257,256,232
461: 91,446,221,34,294,77,217,189,215,317,153,421
462: 463,122,279,128,138,918,423
463: 122,462,423,185,106,324,397
464: 83,162,253,104,377,266,499,8
465: 245,178,114,553
466: 481,255,375,82,50,407,403,482,396,1,325
467: 476,261,54,318,240,84,93
468: 27,32,321,374,196,401,498,458,191
469: 363,490,434,251,59,41,224,433
470: 211,94,274,149,146,119,488
471: 370,267,187,226,388,42
472: 295,61,236,351,441,56,73
473: 66,135,402,486,478,98,10,227,303,166
474: 81,69,285,307,354,366,305,141,25
475: 21,100,332,404,297,319,38,229,22,429,415,373
476: 467,261,27,458,220,54
477: 101,455,444,298,352,314,11,175
478: 432,98,408,72,486,406,290,473,135,402,190
479: 207,50,407,204,0,428,165,85,255,82,260
480: 355,142,393,250
481: 255,466,375,246,82,278,372,365,50,396
482: 350,396,1,272,466,403,325,450,234
483: 96,172,348,443,24
484: 278,188,89,157,21,100,144,173,110,165,213
485: 202,159,322,3,283,117,44,452,330
486: 268,406,339,218,478,98,408,440,227,473
487: 243,78,219,277,17,193,352,313,64
488: 119,24,211,470,731
489: 36,258,345,223,163,209,311,125,415,334,492
490: 363,434,469,76,251,154,248,420
491: 417,40,357,493,99,183,399,167,304,134
492: 429,415,334,270,373,163,311,36,345,489,342
493: 127,239,451,282,200,99,417,357,491,167
494: 414,133,247,419,340,315,368,394,105
495: 179,277,126,238,243,1007
496: 361,454,376,347,457,143,180,265
497: 280,63,81,285,168,141,25,158,328
498: 426,209,311,125,310,47,374,468,32,321
499: 337,44,452,4,266,464,8,287
500: 785,937,696,900
501: 
502: 914,834
503: 672,724
504: 738,546,764,882,942,532
505: 677,861,520,621
506: 852
507: 577
508: 949,534
509: 597,668,832,636
510: 362
511: 875,610,581,522,916,921,744
512: 556,643
513: 872,582
514: 951,978
515: 681,608
516: 942,532,802
517: 
518: 685,573,630
519: 
520: 995,946,621,505
521: 751
522: 511,610,921
523: 826,538,1010,627,542,605,574
524: 603,903,808
525: 913,687
526: 906,762,675
527: 721,960
528: 688,885,820
529: 730,661,557,958
530: 
531: 919,966,533
532: 802,504,882,942,516
533: 966,897,845,567,531
534: 508,891,578,614
535: 672,724,996,551,1012
536: 922
537: 770,1008,884
538: 826,523,962,605,574
539: 752
540: 
541: 704,549,810,707
542: 627,523,605,734
543: 734
544: 683
545: 678,950,759
546: 738,504,806,925,764
547: 560,875,581,567
548: 
549: 693,810,616,541
550: 821
551: 1012,996,871,535
552: 740,612,702,963,801
553: 194,4,465,245,114
554: 733
555: 601,679
556: 817,643,768,512
557: 567,958,529,661,897
558: 1010,817,588,957,854
559: 
560: 547
561: 972,777
562: 962,591
563: 964,739,945
564: 
565: 965
566: 43,388,370
567: 557,958,533,897,547
568: 617,858
569: 928
570: 774,760,994,771,713,863
571: 592
572: 593
573: 631,518,630
574: 605,826,523,538
575: 580,784,827
576: 
577: 233,231,507,178,145
578: 614,534,891,742
579: 
580: 784,575
581: 875,511,610,958,547
582: 669,513,870
583: 838,953,674
584: 830,653,625
585: 923,604
586: 609,883,831,886
587: 973,746,748
588: 735,957,1010,558,854
999: 
590: 
591: 599,562
592: 571
593: 818,572
594: 916,744,807
595: 910
596: 747,949,695
597: 509,668,758,829,832
598: 789,903,783
599: 687,913,591
600: 
601: 555,819
602: 
603: 524,977,712
604: 630,585
605: 574,523,538,627,542,734
606: 839,629,879,869,976
607: 697
608: 681,515
609: 586,724
610: 875,511,581,690,522
611: 624
612: 740,552,702
613: 
614: 578,534,780,891
615: 
616: 549,693,810,876
617: 568,858
618: 989,743,849,936,809
619: 654,797,994,633
620: 717,970,899,797,774
621: 778,946,520,505
622: 711
623: 
624: 611
625: 823,653,584,855
626: 
627: 542,1010,523,605
628: 393,454
629: 659,868,839,606,879
630: 604,573,518
631: 573
632: 
633: 760,994,619
634: 644,788
635: 
636: 743,849,998,509,668
637: 829
638: 42
639: 967,915
640: 737
641: 863
642: 885,691
643: 817,556,512,826
644: 788,634,796
645: 948
646: 940
647: 702,887
648: 748,973,848
649: 936,865,989
650: 
651: 881,729
652: 920,901
653: 830,584,625,823
654: 797,619
655: 813
656: 785,900
657: 844,684,773
658: 660,745
659: 629,879
660: 767,658
661: 726,529,557,897
662: 928
663: 777
664: 867,670
665: 684,844
666: 
667: 874,735,794
668: 509,597,804,998,636
669: 730,582,870,726
670: 867,664,836,715
671: 689
672: 724,535,503,1012
673: 796,675
674: 583,838,955
675: 673,526,701
676: 857
677: 505,861
678: 545,950,759,710
679: 979,555
680: 929
681: 608,515
682: 825
683: 544
684: 665,657,844
685: 518
686: 814,763
687: 599,525,913
688: 528
689: 185,106,728,671,448
690: 610
691: 886,642
692: 906
693: 549,616
694: 859
695: 596,747,911
696: 500,937
697: 607
698: 
699: 736,789,783
700: 
701: 759,675
702: 647,968,612,552
703: 758,829,861
704: 541,810,937
705: 713,863,780
706: 905,929
707: 541,967
708: 868
709: 968
710: 678,950
711: 622
712: 603
713: 863,705,570,760
714: 869,956
715: 836,985,670
716: 986,854
717: 970,620,774
718: 
719: 
720: 749,828
721: 960,527
722: 776,733
723: 961
724: 672,535,503,1012,609
725: 852,732
726: 730,669,661
727: 954
728: 185,689,423
729: 881,651
730: 669,726,529
731: 488,24
732: 725
733: 554,722
734: 542,605,543
735: 588,957,874,862,667,854
736: 699,789
737: 640
738: 546,504
739: 945,563
740: 612,552,963,801
741: 988
742: 892,578
743: 849,636,998,890,618
744: 875,511,916,807,594
745: 874,658
746: 1009,587
747: 596,949,695
748: 648,587,973
749: 720,828,953
750: 
751: 521
752: 539
753: 845
754: 917
755: 908,800
756: 74
757: 
758: 703,829,861,597
759: 701,678,545
760: 994,633,570,713
761: 818,821
762: 906,526
763: 686,842
764: 882,992,546,504
1011: 887,801
766: 
767: 660
768: 851,862,556
769: 940
770: 537
771: 570,863
772: 858
773: 657
774: 570,797,717,970,620
775: 791
776: 722
777: 972,561,663
778: 621,946
779: 
780: 891,705,614
1009: 746
782: 894,847
783: 982,699,789,598
784: 580,575
785: 500,937,900,656
786: 832,795
787: 37,442,253,62
788: 644,634
789: 903,736,699,783,598
1008: 884,537,944
791: 775,983
792: 
793: 
794: 909,667,986,854
795: 786
796: 673,644
797: 654,619,620,774
798: 803
799: 
800: 908,755
801: 963,740,552,1011,887
802: 532,882,516
803: 798
804: 815,998,668,822
805: 
806: 925,546
807: 916,744,594
808: 934,524
809: 846,936,822,849,618
810: 549,616,541,704
811: 961
812: 908
813: 655
814: 824,686
815: 804,998,822,837
816: 965
817: 556,643,862,957,558
818: 761,593
819: 601
820: 528
821: 550,761
822: 837,804,815,998,849,809
823: 625,653,855
824: 814
825: 682
826: 523,538,643,962,574
827: 575,930
828: 749,720
829: 758,703,637,597
830: 584,653
831: 886,877,586
832: 786,509,597
833: 834,37
834: 833,502
835: 890
836: 985,715,670
837: 822,815,905
838: 583,674
839: 606,868,629
840: 898
841: 914
842: 763
843: 
844: 657,665,684
845: 753,966,533,897
846: 936,809,865,905
847: 782
848: 648
849: 743,636,998,822,809,618
850: 
851: 768
852: 725,506
853: 959
854: 986,588,735,1010,558,794,716
855: 625,823,944
856: 934
857: 964,676
858: 772,617,568
859: 694
860: 
861: 677,505,758,703
862: 768,874,817,735,957
863: 713,705,570,771,641
864: 
865: 846,936,649
866: 924
867: 664,670
868: 708,629,839
869: 976,606,714,956,924
870: 987,582,669
871: 996,551
872: 513,882
873: 
874: 745,862,667,735
875: 511,610,581,958,744,547
876: 980,616,954
877: 831
878: 104,4,194
879: 629,659,606
880: 896
881: 729,651
882: 764,504,872,532,802
883: 586,985
884: 1008,537
885: 642,528
886: 831,586,691
887: 1011,647,801
888: 
889: 
890: 835,743
891: 780,534,578,614
892: 742,902
893: 
894: 782,972
895: 971,939
896: 880
897: 533,661,845,567,557
898: 840
899: 917,620
900: 500,785,656
901: 978,652
902: 892
903: 789,524,598
904: 
905: 706,837,846
906: 526,762,692
907: 
908: 755,800,812
909: 794,926
910: 595,920
911: 695
998: 804,815,668,822,743,849,636
913: 525,687,599
914: 502,841
915: 639
916: 952,511,744,807,594
917: 754,899
918: 423,233,462
919: 531,938
920: 652,910
921: 952,973,522,511
922: 536
923: 585
924: 956,869,976,866
925: 806,546
926: 909
927: 
928: 569,662
929: 706,680
930: 827,991
931: 
932: 
933: 
934: 808,856
935: 
936: 846,809,865,618,649
937: 500,785,704,696
938: 425,919,197,139
939: 895
940: 646,769
941: 
942: 516,504,532
1007: 243,78,299,495,277,238,389
944: 855,1008
945: 739,563
946: 520,995,621,778
947: 997
948: 95,2,43,645
949: 508,596,747
950: 678,545,710
951: 978,514
952: 916,921
953: 583,749
954: 727,980,876
955: 674
956: 924,714,869
957: 588,735,862,817,558
958: 567,557,529,875,581
959: 853
960: 721,527
961: 723,811
962: 562,826,538
963: 801,740,552
964: 563,857
965: 565,816
966: 533,845,531
967: 707,639
968: 709,702
969: 197
970: 717,620,774
971: 895
972: 561,894,777
973: 587,648,748,921
974: 989,984
975: 
976: 869,606,924
977: 603
978: 901,951,514
979: 679
980: 876,954
981: 
982: 783
983: 791
984: 989,974
985: 836,715,883
986: 854,794,716
987: 870
988: 741
989: 618,974,649,984
990: 
991: 930
992: 764
1010: 558,588,523,854,627
994: 760,633,619,570
995: 520,946
996: 871,535,551
997: 947
1012: 551,672,724,535