0: 85,165,204,14,428,270,188,255,213,342,242,50,207,479
1: 272,396,482,82,466,375,331,403,325,450
2: 84,93,379,7,413,312,95
3: 202,159,485,283,330,138,128,279,140,60
4: 104,377,194,464,266,499,245,452
5: 210,307,354,474,366,183,134,40,357,167,304,422,26
6: 361,376,262,130,147
7: 379,369,413,2,84,93,256,312
8: 162,276,287,164,464,266,337,499,452,326,206
9: 53,358,214,166,66,155,124,282,344,127,239,493,417
10: 59,440,218,227,184,251,473,98,303,41,160,224,411,166
11: 12,352,175,64,477,487,193,314,17,444,219,300
12: 11,175,64,477,17,308,219,300,424,49,131,111,123
13: 459,38,297,319,18,68,438,108,447,360,289,436,22,338
14: 0,85,165,204,345,415,270,334,492,213,342,242
15: 45,116,148,252,97,437,212,161,427
16: 420,151,265,363,434,469,224,453,433,102,385
17: 487,193,243,315,78,11,12,352,64,219,300
18: 68,247,438,108,414,494,230,390,20,364,289,13
19: 103,441,296,121,156,201,301,79
20: 156,447,228,360,364,289,230,121,18,68,301
21: 373,100,429,144,332,475,38,297,22,404,157,415,270,213
22: 223,311,436,338,489,13,475,38,297,319,21,429,415,163
23: 29,220,401,27,458
24: 120,483,348,443,119,430,146
25: 307,474,366,305,316,26,81,69,497,346,141
26: 372,305,316,134,40,304,365,198,422,307,5,25,366
27: 468,458,321,220,23,136,54,31,191,261,476
28: 391,400,362,273,148,75,195,395,132,341
29: 220,23,261
30: 401,374,236,51,73,74,196
31: 467,54,205,318,191,321,27,48,125,136,476,241
32: 498,209,426,321,310,47,374,468,196,125,191
33: 308,419,219,300,315,78,299,64,494,340,390
34: 475,459,38,297,319,77,263,108,91,461,221,229,404,456,332
35: 80,328,203,199,410,70,288,381
36: 258,48,125,136,336,311,489,498,209,426,321,163,492
37: 253,464,197,377
38: 13,475,459,297,319,34,91,229,22,404,21,429,144,332
39: 199,280,341,410,409,63,391,400,70
40: 134,357,491,167,99,399,183,304,365,198,422,210,5,26
41: 160,224,453,411,433,251,10,59,440,184,490,469
42: 388,471,370,187,386
43: 264,95,388,370
44: 337,499,245,452,117,283,202,159,485,206
45: 15,116,148,186,252,437,142,355,395,427,416
46: 353,323,238,368,281,293,129,329,367,394
47: 73,201,310,301,374,498,32,426,196
48: 36,258,125,136,336,321,205,318,31,241,435
49: 55,294,290,131,111,455,12,175,64,300,424,72,123
50: 481,82,188,255,0,204,428,407,479,403
51: 56,472,61,30,236,74
52: 101,298,254,455,276,477,432,406,408,72,131
53: 9,358,214,166,155,160,224,453,411,182,380,58,292
54: 467,205,318,31,191,27,220,136,240,261,476
55: 49,294,290,131,111,190,478,72,402,215,317,344,189,217
56: 51,351,472,320,74
57: 269,143,385,349,182,380,235,170,387,212,174,150
58: 380,170,183,292,65,53,358,214,127,493,417,134,357,491
59: 10,440,227,184,392,92,76,251,60,469,41,224,411
60: 92,279,140,3,202,159,268,322,59,440,184,392
61: 295,441,51,472,73,201,79,374,236
62: 302,86,113,439,442,83,253,464,326
63: 81,69,285,497,71,195,273,39,280,341
64: 11,12,352,175,193,17,78,33,308,219,300,424,49
65: 380,235,170,183,58,134,357,174,150,333,210,354
66: 473,135,402,98,303,155,124,478,190,227,282,317,344,9,166
67: 232,449,383,260,378,267,226,471,370
68: 18,247,438,108,414,77,20,360,364,289,13,459,319
69: 63,81,285,333,216,307,354,474,25,237,71,195
70: 137,405,39,199,410,409,35,275,288
71: 237,75,195,427,161,216,354,63,69,285,273
72: 432,478,408,52,455,49,55,290,131,190,135,402
73: 201,310,301,79,47,61,441,30,374,236
74: 51,56,30
75: 237,71,195,395,427,216,252,285,28,273
76: 92,128,140,251,397,59,184,490,434,248,469
77: 107,123,177,390,263,68,438,108,91,461,459,319,34
78: 243,1007,315,495,487,193,313,17,299,64,33,219
79: 73,201,301,19,61,103,295,441,156,236
80: 35,384,328,203,94,158,149,274,398,381
81: 63,69,285,497,307,354,474,25,366,346,141
82: 481,466,375,50,255,372,403,1
83: 253,464,266,62,113,439,162,164,298,326
84: 2,93,286,240,7,948
85: 0,165,204,14,428,345,270,342,435,242,479
86: 62,302,113,439,139,181,109,171,193,314,444,352
87: 343,281,371,293,353
88: 296,230,105,368,329,367,359,327,103
89: 278,484,213,404,157,399,244,373,100,144,365,173,246,110
90: 103,295,441,359,222,327,249
91: 461,217,221,229,77,263,108,446,459,38,319,34,456
92: 76,128,279,140,251,60,397,59,440,184,392,490,469
93: 2,84,286,467,318,240,7,413
94: 80,328,203,470,149,398,381,112,211,382
95: 2,264,312,43
96: 386,172,430,187,483,348
97: 284,437,387,143,347,457,393,355,15,116
98: 66,473,135,303,486,268,478,408,10,440,218,227
99: 239,451,493,417,399,200,244,421,40,357,491,167,198,173
100: 21,373,429,144,332,404,157,270,173,110,278,188,484,213,89
101: 298,52,254,444,455,326,439,352,175,477,432,131
102: 269,143,385,349,453,433,420,445,151,16,265,457,284
103: 19,90,295,441,329,327,88,296,121,79
104: 4,377,194
105: 88,296,230,121,368,329,367,414,133,394
106: 185,152,324,448
107: 77,123,177,390,263,308,424,111,247,438,108,459
108: 18,68,438,77,107,263,360,289,91,13,459,297,319,34
109: 259,335,139,181,425,86,171,313
110: 365,198,422,173,246,157,399,244,100,278,188,484,89,372,481
111: 49,55,294,290,131,12,424,107,123,177,217
112: 115,381,203,94,470,149,211,382
113: 62,302,86,439,181,83,314,298,444,352
114: 465,178,194,245,452,117
115: 288,381,112,382
116: 45,15,186,252,347,97,284,437,142,393,355
117: 337,44,245,452,114,178,283,330,159,485
118: 129,329,367,293,208,359,291
119: 24,443,470,274,211,488
120: 24,348,443,234,482,430,225,450,274,146
121: 296,230,105,414,19,103,156,20,364,289,301
122: 463,397,423,462,330,138,128,279,140,324
123: 77,107,177,390,263,12,308,419,300,424,49,111,438
124: 66,402,155,153,215,282,317,344,9,214,166,127,239
125: 36,258,48,136,336,489,498,32,209,321,492,31,191
126: 179,277,371,495,259,335
127: 239,451,493,417,155,124,282,9,358,214,58,491
128: 92,76,279,140,138,3,463,397,122,248
129: 118,329,367,281,293,208,46,353
130: 262,147,448,6
131: 49,55,290,111,190,101,52,455,12,175,477,432,72
132: 418,416,148,395,28,391,362,273
133: 414,494,394,340,323,368,419,230,105,247,364
134: 40,357,491,167,183,58,65,304,210,307,5,26
135: 66,473,402,98,303,486,432,478,408,72,190,218,227,317,344
136: 36,258,48,125,498,321,468,27,54,205,318,31,191
137: 70,405,288
138: 145,283,233,330,3,463,462,122,128,279
139: 181,425,442,109,302,86
140: 92,76,128,279,60,330,3,202,122,184,392
141: 168,350,346,474,25,305,81,497,158
142: 250,480,393,355,347,45,116,186
143: 269,102,385,349,57,151,265,457,496,97,284,437,387
144: 21,373,100,429,332,229,475,38,404,157,456,244,173,484,213,89
145: 231,283,233,330,138,178,462,279
146: 274,234,482,430,225,325,450,24,120,443
147: 262,130,192,445,151,361,6,376,496
148: 45,15,186,252,395,132,416,28
149: 470,274,398,234,80,384,203,94,443,112,211
150: 174,161,333,216,57,235,65,387,212,210,354,427
151: 192,420,445,16,265,363,434,147,102,143,385,496
152: 169,154,324,185,106,434,248,262,448
153: 215,282,317,344,189,446,124,461,221,239,451,493,200,456,421
154: 169,152,324,363,434,248,262,448,192,420
155: 66,473,402,303,124,344,411,9,53,214,166,127
156: 447,20,228,360,364,289,121,19,201,310,301,79,309
157: 404,399,200,456,244,229,21,100,144,332,173,110,484,89
158: 80,384,328,497,168,141,280,410
159: 3,202,485,337,499,44,117,287,206,322,60
160: 41,224,453,411,433,10,303,53,214,166,269,182,292
161: 174,150,333,216,437,212,354,15,237,71,427
162: 8,287,164,83,253,464,266,439,499,254,326
163: 415,270,334,492,223,311,22,338,489,429,36
164: 8,162,276,287,83,266,499,298,254,326,339,406
165: 0,85,204,14,428,373,415,270,334,188,484,255,213
166: 9,53,358,214,10,66,473,303,155,124,160,224,411,182,292
167: 134,40,357,491,99,451,493,417,399,200,304,365,198,173,5
168: 350,346,141,271,497,272,384,328,158,398
169: 152,154,324,397,434,248
170: 380,235,183,58,292,65,358,417,269,57,182,357
171: 487,193,313,314,181,335,109,86,352
172: 96,386,430,187,226,356,483,348
173: 365,198,246,110,99,404,157,399,200,244,100,144,167,484,89
174: 150,161,333,349,57,380,235,65,437,387,212
175: 11,12,352,64,477,101,455,424,49,290,131
176: 222,291,249
177: 77,107,123,263,424,294,111,189,461,217
178: 465,114,117,145,231,283
179: 126,277,371,495,343,243,389,238
180: 347,457,496,445,361,454,376,393,355
181: 139,425,442,335,109,302,86,113,171,314
182: 269,385,57,160,224,453,53,358,214,166,380,170,292
183: 380,235,170,58,292,65,417,134,40,357,491,210,5
184: 10,59,440,218,227,392,92,76,140,251,60,41
185: 106,463,423,152,324
186: 45,116,148,250,142,355,416
187: 226,356,42,471,96,386,172
188: 278,484,255,213,373,100,270,110,0,165,428,481,50
189: 153,215,282,317,344,446,55,294,290,190,177,263,461,217
190: 55,294,290,131,432,478,408,72,66,135,402,317,344,189
191: 54,31,32,321,468,27,458,125,136,476
192: 420,445,151,265,154,434,262,147,376,496
193: 487,171,313,314,17,86,78,444,11,352,64,477
194: 104,4,114,245,452
195: 237,71,75,395,63,69,285,497,28,391,273,341
196: 468,458,47,30,401,374,32,426,321
197: 442,37,253
198: 304,365,422,173,246,110,99,399,244,40,491,167,26
199: 39,280,410,409,35,70,405,288
200: 404,157,399,456,244,421,153,221,229,99,451,493,167,173
201: 73,310,301,79,47,19,61,156,228,374,309,426
202: 3,159,485,337,44,330,206,268,322,140,60,392
203: 35,80,384,328,94,410,149,381,112
204: 0,85,165,14,428,257,342,242,50,207,407,479,449,260
205: 467,54,318,31,48,136,336,241,431,435,369,413
206: 268,322,339,337,499,44,8,276,287,202,159
207: 378,331,407,479,0,204,257,242,232,449,383,260
208: 293,118,129,291
209: 498,32,426,321,310,223,311,436,309,489,492,36,125
210: 307,354,474,5,183,65,134,40,357,150,333
211: 382,488,94,470,149,119,112
212: 284,437,387,57,235,174,150,161,15,237,427
213: 278,188,484,89,21,373,100,429,144,415,270,0,165,14,428
214: 9,53,358,166,303,155,124,160,411,127,417,182,58,292
215: 153,282,317,344,189,446,55,294,402,124,461,217,239,421
216: 150,161,333,354,474,237,71,75,427,69,285
217: 91,461,221,55,294,111,177,263,215,317,189,446
218: 10,440,227,184,392,486,268,322,339,408,473,135,98
219: 33,308,300,487,17,315,78,11,12,64,340
220: 29,23,468,27,458,54,261,476
221: 91,461,217,229,263,153,446,34,404,200,456,421
222: 359,327,291,249,176,90
223: 311,436,309,22,338,489,360,297,209,429,415,163
224: 41,160,453,411,433,251,10,59,363,469,53,166,16,385,182
225: 430,325,450,412,378,331,482,356,146,120
226: 187,356,378,67,449,383,267,412,471,370,172
227: 10,59,440,218,184,392,486,268,66,473,135,98,303,411
228: 156,447,20,360,201,310,301,311,436,309,426
229: 91,461,221,475,459,38,319,34,404,157,200,456,244,421,144,332
230: 88,296,105,121,414,133,494,18,20,364
231: 145,283,233,178
232: 67,449,383,260,257,460,431,207,267,256
233: 145,231,138,462
234: 272,396,482,450,149,274,398,146,120,443
235: 380,170,183,292,65,269,57,387,212,174,150,333
236: 30,374,61,51,472,73,79
237: 71,75,195,395,427,212,161,333,216,252,69,285,273
238: 46,353,323,299,179,495,343,281,1007,389
239: 99,127,451,493,417,124,153,215,282,344,9,421
240: 306,261,476,467,54,84,93,286
241: 431,435,258,48,336,205,318,31,369,413
242: 257,342,431,435,0,85,204,14,207,260
243: 1007,315,389,78,335,179,277,495,487,313,17
244: 404,157,399,200,456,421,229,99,451,144,332,365,198,173,110,89
245: 337,499,44,452,117,4,194,114
246: 304,365,198,422,173,110,278,484,255,89,372,316,481,375
247: 18,68,438,308,419,414,133,494,107,390,364
248: 363,490,434,469,463,397,76,128,251,169,152,154,324,420
249: 222,327,176,90,295,441,351,472
250: 480,142,186,416
251: 92,76,10,59,440,184,363,490,248,469,41,224,433
252: 45,15,116,148,237,75,395,427
253: 37,83,464,197,442,377,62,302,162
254: 101,298,52,455,326,162,276,287,164,339,432,406
255: 278,188,484,246,0,165,428,372,481,82,375,50,479,403
256: 267,264,312,460,379,7,369,232,370
257: 342,460,431,435,242,204,369,207,232,449,260
258: 36,48,125,136,336,489,498,345,334,492,241,435
259: 335,109,425,126,277,313
260: 67,232,449,383,204,257,460,242,207,378
261: 240,306,476,27,29,220,467,54
262: 130,147,448,152,154,192,420,445,6
263: 77,107,123,177,294,438,108,189,91,461,217,221,459,34
264: 267,256,312,379,95,388,370,43
265: 192,445,151,16,102,143,385,349,376,347,457,496,284
266: 83,464,4,377,337,499,452,8,162,164
267: 256,264,460,379,67,232,449,226,370
268: 486,206,322,339,276,202,406,408,60,440,218,227,392,98
269: 102,143,385,349,57,182,160,453,380,235,170,292
270: 345,415,163,334,21,373,100,429,188,213,0,85,165,14
271: 372,305,316,466,375,168,350,346,396
272: 234,396,482,1,466,168,350,384,274,398
273: 28,391,362,237,71,75,195,395,63,132,341
274: 470,149,398,146,234,272,80,120,443,119
275: 400,409,70,405
276: 8,287,164,52,254,326,486,206,268,339,406
277: 126,179,495,259,335,487,313,243
278: 188,484,255,213,89,100,365,246,110,428,372,481
279: 92,128,140,60,145,330,138,3,485,122
280: 39,199,341,410,63,285,497,328,158
281: 87,343,293,46,353,238,129
282: 153,215,317,344,189,446,66,402,124,9,127,239,451,493,421
283: 145,231,330,138,178,44,117,3,485
284: 97,437,387,212,265,102,143,349,347,457,116
285: 63,81,69,497,216,474,237,71,75,195,280,341
286: 84,93,240,306
287: 8,162,276,164,337,499,254,159,206,322,339,406
288: 115,381,199,35,70,137
289: 156,447,20,360,364,414,121,18,68,108,13,338
290: 49,55,294,131,111,190,455,175,478,72,317,189
291: 359,222,176,208,118
292: 380,235,170,183,58,160,453,53,358,214,166,417,269,182
293: 208,87,281,46,353,118,129
294: 49,55,290,111,190,424,177,263,215,317,189,461,217
295: 61,90,103,441,249,351,472,79
296: 88,230,105,121,327,19,103,364
297: 13,475,459,38,319,34,108,360,223,22,338,21,429,332
298: 101,52,254,444,455,326,83,113,439,164,352,477
299: 353,323,238,495,1007,315,389,78,33,394,340
300: 33,308,419,219,424,17,315,11,12,64,49,123,390
301: 73,201,310,79,47,121,19,441,156,447,20,228,309
302: 62,86,113,439,139,181,442,253,314
303: 66,473,135,98,155,10,440,227,160,411,214,166
304: 365,198,422,246,134,40,167,5,366,372,316,26
305: 372,316,26,271,422,25,366,375,350,346,141
306: 240,261,286
307: 210,354,474,5,25,366,134,333,26,81,69
308: 33,419,219,300,424,12,64,494,340,107,123,390,247
309: 223,311,436,489,156,447,228,201,310,301,498,209,426
310: 73,201,301,47,156,447,228,309,32,209,426
311: 223,436,309,22,338,489,447,228,498,209,426,163,492,36
312: 256,264,379,7,2,95
313: 487,171,193,259,335,109,277,495,243,78
314: 487,171,193,181,302,86,113,439,444,11,352,477
315: 243,1007,389,78,17,299,33,419,219,300,394,340
316: 372,305,26,271,304,365,422,246,25,366,481,375
317: 153,215,282,344,189,446,55,294,290,190,66,135,402,124,217
318: 467,54,205,31,48,136,476,241,369,413,93
319: 13,475,459,38,297,34,77,68,108,91,229,22,338,332
320: 56,351
321: 498,32,209,426,468,27,196,36,48,125,136,31,191
322: 486,206,268,339,337,287,202,159,60,218,392
323: 46,353,238,299,368,389,367,133,394,340
324: 169,152,154,463,397,423,122,185,106,248
325: 225,450,412,378,331,407,403,396,482,1,146
326: 101,298,254,444,83,62,439,8,162,276,164
327: 359,222,249,329,367,88,296,90,103,441
328: 35,80,384,203,94,158,168,280,410,398
329: 118,129,367,46,359,327,88,105,103
330: 145,283,138,117,3,202,485,122,279,140
331: 207,378,407,403,383,1,225,325,450,412
332: 21,373,100,429,144,229,475,38,297,319,34,404,157,456,244
333: 174,150,161,216,235,65,210,307,354,474,237,69
334: 345,415,163,270,492,489,373,429,258,336,165,14,342
335: 259,109,181,425,126,277,487,171,313,243
336: 36,258,48,125,345,334,492,205,241,342,431,435
337: 499,44,245,452,117,266,8,287,202,159,485,206,322
338: 223,311,436,22,447,360,289,13,475,297,319,163
339: 486,206,268,322,276,287,164,254,406,408,218,392
340: 133,494,394,315,323,299,33,308,419,219
341: 39,280,409,195,63,285,28,391,400,273
342: 257,431,435,242,345,334,336,0,85,204,14
343: 87,281,179,371,353,238
344: 153,215,282,317,189,55,190,66,473,135,402,155,124,9,239
345: 415,270,334,492,258,336,85,14,342,435
346: 168,350,141,25,366,305,271,81
347: 180,457,496,265,376,97,284,142,393,355,116
348: 24,120,483,443,430,96,172
349: 269,102,143,385,57,453,265,380,284,387,174
350: 168,346,141,305,271,466,272,396,384
351: 56,472,249,320,295
352: 11,175,64,477,86,113,487,171,193,314,17,101,298,444
353: 46,323,238,299,87,343,281,293,129
354: 210,307,474,5,366,65,150,161,333,216,71,81,69
355: 480,142,393,347,180,457,97,45,116,186
356: 187,226,378,383,430,225,412,471,172
357: 134,40,491,167,358,99,493,417,170,183,58,65,210,5
358: 9,53,214,166,127,493,417,182,170,58,292,357
359: 222,327,291,118,329,367,88,90
360: 156,447,20,228,364,289,68,108,13,297,223,436,338
361: 6,454,376,147,180,496
362: 28,391,400,273,395,418,132
363: 490,434,248,469,251,154,224,433,420,151,16,385
364: 156,447,20,360,289,414,133,296,230,121,18,68,247
365: 304,198,422,173,246,110,399,244,40,167,278,89,372,316,26
366: 307,354,474,5,25,304,422,305,316,26,81,346
367: 118,129,329,46,323,368,359,327,88,105
368: 46,323,367,133,394,88,105
369: 379,7,413,205,318,257,241,460,431,435,256
370: 42,388,471,67,267,256,264,226,43
371: 126,179,87,343
372: 305,316,26,271,304,365,422,246,110,278,255,481,82,375
373: 21,100,429,144,332,475,415,270,334,188,484,213,89,165
374: 30,401,236,61,73,201,47,32,196
375: 481,82,466,246,255,372,305,316,271,1
376: 361,6,454,147,192,445,265,347,180,457,496
377: 104,4,37,253,464,266
378: 207,331,407,479,67,449,383,260,225,325,412,226,356
379: 7,369,413,460,431,2,267,256,264,312
380: 235,170,183,58,292,65,453,53,269,385,349,57,182,174
381: 288,115,112,35,80,203,94,382
382: 211,488,94,115,381,112
383: 67,232,449,260,207,378,331,412,226,356
384: 80,328,203,158,168,350,272,149,398
385: 269,102,143,349,57,182,363,224,453,433,151,16,265,380
386: 96,172,187,42,471
387: 97,284,437,212,143,349,57,235,174,150
388: 42,471,370,264,43
389: 243,1007,315,179,495,323,238,299
390: 77,107,123,33,308,419,300,424,494,18,247,438
391: 28,400,362,273,195,395,132,39,341,409
392: 59,440,218,227,184,202,268,322,339,92,140,60
393: 480,142,355,454,347,180,97,116
394: 414,133,494,340,315,46,323,299,368,419,105
395: 237,75,195,427,45,148,252,132,28,391,362,273
396: 234,272,482,1,271,466,350,325
397: 463,122,92,76,128,169,324,490,434,248
398: 149,274,168,234,272,80,384,328,94
399: 157,200,456,244,99,451,493,40,491,167,365,198,173,110,89
400: 28,391,362,39,341,409,275
401: 30,374,468,196,458,23
402: 66,473,135,155,124,478,72,55,190,215,282,317,344
403: 331,407,479,255,82,466,50,1,325
404: 157,200,456,244,421,221,229,38,34,21,100,144,332,173,89
405: 70,137,199,409,275
406: 432,478,408,276,287,164,52,254,486,268,339
407: 207,378,331,479,403,204,50,449,325,412
408: 432,478,406,72,52,486,268,339,190,218,473,135,98
409: 39,199,341,391,400,275,70,405
410: 39,199,280,497,35,328,203,158,70
411: 41,160,224,10,59,440,227,473,303,155,53,214,166
412: 430,225,325,450,378,331,407,449,383,226,356
413: 379,7,369,467,205,318,241,2,93
414: 133,494,394,419,230,105,121,18,68,247,364,289
415: 345,163,270,334,492,475,223,22,489,21,373,429,213,165,14
416: 418,132,250,45,148,186
417: 99,127,239,451,493,9,358,214,170,183,58,292,357,491,167
418: 132,416,362
419: 33,308,300,315,414,133,494,394,340,123,390,247,438
420: 192,445,151,16,154,363,490,434,248,433,262,102
421: 404,200,456,244,153,215,282,446,461,221,229,99,239,451,493
422: 304,365,198,246,110,40,5,366,372,305,316,26,481
423: 463,462,122,185,324
424: 308,300,12,175,64,49,294,111,107,123,177,390
425: 139,181,259,335,109
426: 498,32,209,321,228,201,310,47,311,309,196,36
427: 237,71,75,395,437,212,150,161,216,45,15,252
428: 0,85,165,204,278,188,255,213,50,479
429: 21,373,100,144,332,475,38,297,223,22,415,163,270,334,213
430: 225,450,412,356,146,24,120,348,96,172
431: 257,241,342,460,435,242,336,205,379,369,232
432: 478,406,408,72,101,52,254,455,486,131,190,135
433: 41,160,224,453,251,363,490,469,420,16,102,385
434: 363,490,248,469,397,76,169,152,154,192,420,151,16
435: 257,241,342,431,242,345,258,48,336,205,85,369
436: 223,311,309,22,338,489,447,228,360,13,209
437: 97,284,387,212,143,457,174,161,45,15,116,427
438: 18,68,247,108,419,77,107,123,390,263,13,459
439: 62,302,86,113,83,314,162,101,298,444,326
440: 10,59,218,227,184,392,268,92,251,60,473,98,303,41,411
441: 19,61,90,103,295,327,249,472,73,301,79
442: 139,181,197,253,62,302
443: 24,120,348,119,234,450,470,149,274,146
444: 101,298,326,86,113,439,193,314,11,352,477
445: 192,420,151,265,262,147,102,376,180,457,496
446: 153,215,282,317,189,91,461,217,221,451,456,421
447: 156,20,228,360,364,289,310,301,13,311,436,309,338
448: 262,130,106,152,154
449: 67,232,383,260,204,257,207,378,407,267,412,226
450: 430,225,325,412,331,234,482,1,146,120,443
451: 99,127,239,493,417,153,282,446,399,200,456,244,421,491,167
452: 337,499,44,245,117,4,194,266,114,8
453: 41,160,224,433,469,53,16,269,102,385,349,182,380,292
454: 361,376,180,480,393
455: 101,298,52,254,175,477,432,72,49,290,131
456: 404,157,399,200,244,421,153,446,91,461,221,229,34,451,144,332
457: 347,180,496,445,265,102,143,376,97,284,437,355
458: 468,27,196,401,220,23,191
459: 13,38,297,319,34,77,107,263,68,438,108,91,461,229
460: 257,431,379,369,232,260,267,256
461: 91,217,221,229,294,77,177,263,153,215,189,446,459,34,456,421
462: 463,423,122,145,233,138
463: 397,423,462,122,138,128,185,324,248
464: 37,83,253,266,4,377,62,8,162
465: 114,178
466: 481,82,375,271,403,350,272,396,482,1
467: 54,205,318,31,240,261,476,413,93
468: 27,196,458,401,32,321,220,136,191
469: 363,490,434,248,92,76,251,59,41,224,453,433,16
470: 149,274,94,443,119,112,211,488
471: 42,388,370,67,187,226,356,386
472: 51,56,351,249,61,295,441,236
473: 66,135,402,98,303,155,478,408,10,440,218,227,344,411,166
474: 210,307,354,5,25,366,333,216,81,69,285,141
475: 38,297,319,34,229,22,338,21,373,429,144,332,415
476: 240,261,27,220,467,54,318,31,191
477: 11,12,352,175,193,314,101,298,52,444,455,131
478: 432,406,408,72,486,55,290,190,66,473,135,402,98
479: 207,378,407,403,255,0,85,204,428,50
480: 250,142,393,355,454
481: 82,466,375,50,422,246,110,278,188,255,372,316
482: 234,272,396,1,466,225,325,450,146,120
483: 24,348,96,172
484: 278,188,255,213,89,157,373,100,144,173,246,110,165
485: 3,202,159,337,44,117,283,330,279
486: 268,322,339,276,432,478,406,408,218,227,135,98
487: 171,193,313,314,17,335,277,243,78,11,352,219
488: 211,382,470,119
489: 223,311,436,309,22,498,209,415,163,334,492,36,258,125
490: 363,434,248,469,397,92,76,251,41,433,420
491: 134,40,357,167,99,127,451,493,417,399,183,58,198
492: 345,415,163,334,311,489,209,36,258,125,336,14
493: 99,127,239,451,417,153,282,9,358,399,200,421,58,357,491,167
494: 414,133,394,340,33,308,419,230,390,18,247
495: 126,179,277,313,243,1007,389,78,238,299
496: 347,180,457,147,192,445,151,265,143,361,376
497: 63,81,285,25,195,168,141,280,410,158
498: 32,209,426,321,47,311,309,489,36,258,125,136
499: 337,44,245,452,4,266,8,162,287,164,159,206
500: 696,937,704
501: 773
502: 916,511,921,875,648
503: 566,724,793
504: 532,802,748
505: 597,621,611,889
506: 732,848
507: 584,823
508: 619,976,866,891
509: 829,795,786
510: 
511: 502,916,921,875,581
512: 768,957,735,558
513: 
514: 979,671,679
515: 577
516: 765,942,546,532
517: 848,681
518: 
519: 862,851,768,874,617
520: 729,677,621,611
521: 828
522: 529,610,958,921
523: 627,574
524: 903,598
525: 609,877
526: 673,762,800,675
527: 960,852,721
528: 688
529: 610,522,958
530: 609,877
531: 897,567,557,560,938
532: 504,546,882,516,802
533: 567,753,661,897
534: 596,747
535: 551,672
536: 765,942,565
537: 884,689,589
538: 971,665
539: 907,752,754
540: 757,623
541: 967,707
542: 605,986,734,716,993
543: 602
544: 
545: 
546: 532,882,942,516
547: 557,807
548: 955
549: 704,876
550: 600
551: 535,672,871,883
552: 740,968
553: 577
554: 576
555: 708,819,601
556: 617,858,817
557: 567,531,547
558: 781,735,512
559: 563
560: 938,531,845,919
561: 820
562: 858,772
563: 964,559
564: 943
565: 738,536
566: 503,724,793
567: 557,533,897,531
568: 
569: 838,583,662,901
570: 641,771,760,994,774
571: 940,908,592
572: 670
573: 
574: 734,627,523,605
575: 580,893
576: 554,811
577: 515,553
578: 911,727
579: 737
580: 893,784,977,575
581: 875,787,744,916,511
582: 726
583: 569,838,953
584: 608,507,625,823
585: 923,647
586: 
587: 748,610,746
588: 667,926,909
589: 709,537
590: 693
591: 684,687
592: 571,947
593: 
594: 969
595: 659,868,928,910
596: 534,747,695
597: 637,505
598: 903,524,646
599: 684
600: 550,990
601: 920,555
602: 543
603: 736,808
604: 923
605: 986,542,574,734
606: 869,879,917,797
607: 950,814
608: 584,653
609: 525,877,530
610: 529,587,522,958
611: 621,520,505
612: 702,968,740
613: 
614: 615,742,902
615: 614,902
616: 693,954,810
617: 556,519,768,858
618: 890,835
619: 924,976,508,713,866
620: 771,717,994
621: 611,520,505
622: 792
623: 540
624: 881
625: 584,823,944
626: 
627: 523,826,574
628: 
629: 920,910,708,839
630: 
631: 766
632: 
633: 713,866,760,863
634: 788,762,644,930,796,982,673
635: 988,790
636: 890
637: 597,832,795
638: 
639: 790,779
640: 651,729
641: 570,774
642: 894,886,972
643: 665,962
644: 930,796,634,982
645: 948
646: 598
647: 887,720,585,923,749
648: 502,916,914,952
649: 803
650: 940
651: 640
652: 662
653: 608
654: 956,869,924
655: 813
656: 941,967
657: 895,939,971,844
658: 767,853
659: 899,868,595
660: 850,767
661: 753,690,533
662: 569,838,901,652
663: 782,847
664: 871,883
665: 962,643,538
666: 774,771,970
667: 588,794
668: 912,832,758
669: 870,730
670: 572,836,715
671: 679,514
672: 551,535,883,831
673: 526,796,634,762,982
674: 751,828
675: 526,800
676: 857
677: 995,520,729
678: 
679: 671,979,514
680: 724
681: 725,517
682: 825,799
683: 694
684: 687,599,591
685: 700,830
686: 778,824,814
687: 684,591
688: 715,528
689: 537
690: 726,661
691: 831,883,985
692: 799
693: 616,590
694: 683,859
695: 747,596,911
696: 500,785
697: 997
698: 828,720,953
699: 789,783,991
700: 685
701: 737,755
702: 612,968
703: 
704: 549,937,500
705: 891,780
706: 822,929
707: 967,541,915,900
708: 819,555,629
709: 770,589
710: 946
711: 896
712: 
713: 633,866,619,760
714: 819
715: 836,670,688
716: 986,542
717: 620
718: 
719: 
720: 887,647,698,749,953
721: 852,960,527
722: 
723: 811
724: 566,503,680,996
725: 681
726: 582,730,690
727: 578,911
728: 918,855
729: 520,640,677
730: 726,870,669
731: 864
732: 506
733: 
734: 574,605,542,993
735: 957,512,558
736: 603
737: 701,579
738: 565
739: 
740: 552,612,968
741: 
742: 614
743: 849,890,809
744: 958,581
745: 874,957
746: 816,587
747: 695,596,534
748: 587,504
749: 887,720,647
750: 859
751: 674
752: 907,539
753: 661,533,897
754: 896,539
755: 906,759,701
756: 
757: 540
758: 912,668,846
759: 812,906,755
760: 994,713,633,570,863
761: 818
762: 634,788,673,526
763: 
764: 925,791,942
765: 536,942,516,965
766: 631
767: 658,660
768: 874,519,617,957,512
769: 
770: 709
771: 620,970,994,774,666,570
772: 562,913
773: 501
774: 666,771,994,570,641
775: 
776: 
777: 894,885
778: 686,946,824
779: 639
780: 892,705
781: 558,854,986
782: 885,820,663
783: 991,699,789
784: 977,580
785: 696
786: 509
787: 875,581,807,916
788: 634,762,827,930,796
789: 699,903,783,991
790: 639,988,635
791: 882,983,992,764
792: 622
793: 566,503
794: 667
795: 829,637,832,509
796: 644,930,634,788,982,673
797: 917,606
798: 984,974
799: 682,692
800: 526,675
801: 
802: 882,872,504,532
803: 649,865,936
804: 998
805: 845,966
806: 925,983
807: 787,547
808: 934,603
809: 936,849,743,905
810: 876,616,954
811: 723,576
812: 759
813: 655
814: 607,686
815: 998
816: 973,746
817: 556,858,826
818: 761
819: 708,555,714
820: 561,885,782
821: 932
822: 706,865
823: 944,584,507,625
824: 861,686,778
825: 682
826: 817,627
827: 788
828: 698,521,674
829: 795,832,509
830: 685
831: 691,672,883,985
832: 637,829,795,668
833: 916
834: 841,914
835: 618
836: 985,715,670
837: 
838: 569,583,662
839: 910,629,899,868,879
840: 898
841: 834
842: 
843: 
844: 657,939
845: 805,560,919
846: 849,758,912
847: 663
848: 506,517
849: 846,743,912,809
850: 862,660
851: 519
852: 527,721
853: 658
854: 781,986
855: 728,918,944
856: 
857: 676
858: 562,617,556,817
859: 750,694
860: 
861: 824
862: 519,850,874
863: 760,633
864: 731
865: 905,822,936,803
866: 713,633,619,508
867: 
868: 659,899,595,910,920,839
869: 606,654,924
870: 987,669,730
871: 664,996,551
872: 987,802
873: 
874: 768,862,519,745,957
875: 787,581,502,916,511
876: 810,954,937,549
877: 609,525,530
878: 
879: 606,899,839
880: 981
881: 624
882: 791,546,532,802
883: 664,551,672,831,691
884: 537,978
885: 782,777,820
886: 642
887: 720,647,749
888: 908
889: 505
890: 636,743,618
891: 705,508
892: 780
893: 580,575
894: 777,642,972
895: 657,939,971
896: 754,711
897: 531,753,567,533
898: 840
899: 659,868,839,917,879
900: 933,999,967,707,941
901: 569,662
902: 615,614
903: 789,524,598
904: 
905: 865,809,936
906: 755,759
907: 539,752
908: 888,940,571
909: 588
910: 920,629,868,595,839
911: 578,695,727
912: 668,758,849,846
913: 772
914: 952,648,834
915: 707,999
916: 502,511,875,787,581,648,833
917: 899,606,797
918: 728,855,944
919: 845,560
920: 629,601,910,868
921: 502,511,522
922: 945
923: 604,585,647
924: 619,976,869,654
925: 806,764
926: 588
927: 
928: 595
929: 706
930: 644,796,634,788
931: 
932: 821
933: 900,999,941
934: 808
935: 
936: 809,865,905,803,989
937: 876,980,704,500
938: 560,531
939: 657,895,844
940: 650,571,908
941: 656,967,933,900
942: 765,536,516,764,546
943: 564
944: 823,625,918,855
945: 922
946: 710,778
947: 592,997
948: 84,645
949: 
950: 607
951: 963
952: 914,648
953: 698,720,583
954: 616,810,876
955: 548
956: 654
957: 735,745,768,874,512
958: 744,529,610,522
959: 
960: 527,721
961: 
962: 665,643
963: 978,951
964: 563
965: 973,765
966: 805
967: 707,541,900,941,656
968: 702,612,740,552
969: 594
970: 771,981,666
971: 538,657,895
972: 894,642
973: 965,816
974: 984,798
975: 
976: 619,924,508
977: 784,580
978: 963,884
979: 514,679
980: 937
981: 970,880
982: 644,796,634,673
983: 806,992,791
984: 974,989,798
985: 836,831,691
986: 605,542,781,854,716
987: 870,872
988: 635,790
989: 936,984
990: 600
991: 783,699,789
992: 983,791
993: 542,734
994: 760,771,620,774,570
995: 677
996: 724,871
997: 697,947
998: 815,804
999: 933,900
1007: 243,315,389,78,495,238,299