0: 165,14,188,342,85,435,479,50,428,204
1: 482,396,325,403
2: 948,312,7,286
3: 138,330,279,283,60,202,485,128,140
4: 104,266,194,878,114,499,452
5: 40,307,134,366,183,357,65,210,354,316,26,474
6: 130,671,147,361
7: 84,93,286,379,413,256,312,2
8: 337,499,44,266,464,162,206,287
9: 166,358,214,155,53,402,124,127,239,493,282,58
10: 303,440,227,392,184,59,469,41,224,411
11: 12,49,175,424,17,193,352,219,64
12: 11,49,175,424,352,131,300,64,290,111
13: 68,108,18,107,447,360,289,459,319,436,338
14: 0,213,165,415,334,270,492,373,342,85
15: 45,427,161,347,97,212,437,116,237
16: 420,151,363,434,433,269,385,102
17: 171,193,352,313,219,487,11,64
18: 414,419,247,438,364,390,68,13,20,289
19: 441,79,103,327,296,230,121,156,20,301
20: 156,447,360,289,228,18,364,121,19,301
21: 475,100,404,144,332,297,229,456,244,429,373
22: 223,163,436,338,297,311,475,429,415
23: 401,74,51,756,29
24: 731,443,483,348,119
25: 346,141,307,366,305,316,474,81
26: 305,316,422,365,357,304,198,40,134,366,5
27: 468,321,220,458,31,54,191,476
28: 362,418,395,132,273,400
29: 23,220
30: 196,374,73,51,236,61,201
31: 54,191,205,136,48,27,258,318
32: 468,321,47,196,374,498,125,458
33: 308,300,64,219,315,78,340,419
34: 91,446,221,77,217,108,459,319,38,229,456,332
35: 381,280,203,70,199,288,410
36: 258,345,489,336,498,209,311,125,492,136
37: 787,253,833,377
38: 459,297,319,229,221,34,338,475,332
39: 63,280,341,391,195,409,199,410
40: 134,366,5,183,357,491,304,198,316,26
41: 224,411,251,59,10,303,469,433
42: 386,638,471,388,187,96
43: 566,370,95,948,388
44: 337,499,452,117,8,283,206,202,159,485
45: 15,427,97,142,116,186,148,252
46: 293,118,353,281,323,129,368
47: 201,310,196,374,498,426,309,32
48: 31,205,136,258,336,318,241,413,369,431
49: 11,12,175,424,131,64,432,72,290,55,111,177
50: 407,479,428,82,0,481,255,207,403
51: 30,196,236,74,23,401,468
52: 432,408,72,339,101,455,254,276,131,486,406
53: 9,166,358,214,160,453,182,380,292,58
54: 31,191,205,136,27,321,467,476,318
55: 290,111,49,478,72,177,294,189,215,317,190,217
56: 74,351,472,236
57: 269,182,385,102,349,453,380,437,387,235
58: 380,292,170,9,358,53,127,493,417,183,357,65
59: 92,184,251,10,440,392,490,469,41
60: 202,159,3,218,322,92,140,184,440,392
61: 472,236,441,79,103,201,30,73
62: 83,326,787,253,442,113,439,444
63: 39,280,341,81,285,497,410
64: 33,308,300,17,219,11,12,49,175,424
65: 210,333,235,354,380,170,58,183,134,5
66: 473,135,402,303,227,411,166,214,155,124
67: 257,260,449,264,232,383,356,378,226,267
68: 390,108,13,419,438,18,107,360,289
69: 474,81,285,210,354,307,71,216
70: 199,405,288,410,35
71: 237,75,216,474,69,285,195,341
72: 432,478,98,408,52,131,49,290,55,111,135,317,190
73: 30,374,441,79,236,61,301,201
74: 56,236,51,23
75: 237,71,216,427,395,252,273,391,195
76: 92,251,122,128,324,248,397,490,469
77: 91,221,34,217,107,263,123,108,459,319
78: 243,219,315,1007,487,389,299,33
79: 441,103,19,61,156,301,201,73
80: 384,328,203,398,381,94,149
81: 474,69,285,366,25,141,158,63,497
82: 407,50,428,481,255,466,246,396,403
83: 464,326,377,62,162,253,113,439,298
84: 7,93,286,467,261,240
85: 342,435,242,334,336,0,14,479,260,204
86: 302,113,259,109,444,171,193,314,313
87: 371,281,293
88: 105,129,367,329,327,296,230,103
89: 278,188,484,110,100,144,399,173,157,246
90: 329,222,249,327,295,441,103
91: 461,446,221,34,77,217,263,189,459,229,456
92: 140,184,76,251,59,60,122,128
93: 7,84,205,467,318,413
94: 381,80,203,149,115
95: 948,312,264,256,43,370
96: 172,483,348,356,226,471,187,42,386
97: 212,437,347,284,457,143,355,116,45,15
98: 478,408,72,486,218,406,303,227,473,135
99: 239,451,493,421,200,417,357,491,304,399,167,173
100: 21,475,404,144,332,270,373,157,188,484,89,213
101: 455,254,276,131,326,444,477,298,352,175,52
102: 269,57,385,349,16,420,151,143
103: 441,79,19,88,90,327,296,121,61,301
104: 4,266,833,878,464,377
105: 129,367,88,368,133,414,296,230
106: 185,689,463,152,324,154,448
107: 263,123,177,390,68,108,13,77,217,459
108: 390,68,13,438,107,263,34,77,459,319
109: 259,335,302,86,277,126,171,193,313
110: 278,484,89,198,173,157,422,365,481,255,375,246
111: 290,55,12,49,424,300,72,177,294
112: 211
113: 442,302,86,787,83,62,439,444,314
114: 465,245,283,194,4,178,452,117
115: 288,381,94
116: 355,142,347,284,97,212,45,15
117: 337,499,44,452,245,114,283,485
118: 293,46,359,208,129,367
119: 488,274,146,120,443,470,24
120: 146,443,450,430,225,234,348,119
121: 364,296,230,414,103,19,156,20,301
122: 463,462,128,279,92,76,324,248,397
123: 107,263,177,294,424,308,300,419,390,77
124: 127,239,282,66,402,215,344,9,214,155
125: 498,426,209,32,321,36,191,136
126: 495,179,277,335,109
127: 124,239,493,9,358,214,292,58,417,491
128: 463,122,462,279,3,92,140,76
129: 105,367,88,368,46,118,323,133
130: 448,671,6,152,262,147
131: 101,455,12,49,175,432,52,72,290
132: 395,148,416,186,362,418,28
133: 494,394,105,129,368,414,247,364,230
134: 40,307,366,5,170,183,357,65,210,333,26
135: 66,473,402,478,98,72,344,317,190,155
136: 31,54,191,48,209,125,321,36,258,345
137: 405,288
138: 145,330,279,3,231,462
139: 938,425,197,787,442,181,302
140: 92,184,279,3,60,202,128
141: 168,25,346,158,305,474,81,285,497,328
142: 355,116,393,480,45,250
143: 347,284,457,265,151,102,349,97,437
144: 21,100,404,244,373,173,157,484,89,213
145: 138,330,178,245,283,231
146: 120,443,450,234,274,470,119
147: 262,445,130,6,361,496,376
148: 395,132,252,45,427,186
149: 211,470,80,398,274,94
150: 210,333,354,212,174,161,237,216
151: 16,420,445,102,265,143
152: 324,154,106,130,448,262,192
153: 239,451,282,215,344,461,446,221,456,421,200
154: 169,152,324,248,106,434,262,192,420
155: 9,166,358,214,66,135,402,344,124,239
156: 447,20,289,228,364,121,79,19,301,310
157: 399,167,173,456,244,200,100,404,144,484,89,110
158: 168,346,141,81,280,497,384,328
159: 60,202,485,337,44,206,268,322
160: 224,453,411,166,358,214,53,182
161: 15,427,212,174,150,237,216
162: 464,83,326,266,439,8,164,287,254
163: 223,22,297,209,311,475,429,415,492,489
164: 339,206,287,326,162,298,455,254,276,406
165: 0,213,14,270,188,484,255,479,428
166: 9,214,155,53,303,66,473,402,160,224,411
167: 399,198,173,157,99,200,357,491,304
168: 346,141,158,350,271,384,328,272
169: 324,154,248
170: 380,292,58,182,183,65,333,235,134
171: 17,193,352,314,313,302,86,109,277,487
172: 96,483,348,383,412,356,226,187,430
173: 399,167,198,157,99,244,144,304,278,89,110,365
174: 212,437,387,150,333,235,354,161
175: 11,12,49,477,352,101,455,131,64
176: 295,291,222,249
177: 107,263,123,294,49,424,308,300,55,111
178: 577,465,245,114,231,145
179: 495,277,126,343,238
180: 454,496,347,457,355,393
181: 442,302,938,425,197,139,259
182: 269,57,385,160,453,53,380,292,170,387,235
183: 417,357,491,292,170,58,65,210,40,134,5
184: 92,140,251,59,60,202,10,440,392
185: 106,689,728,944,423,463
186: 250,416,45,395,132,148
187: 471,267,356,226,96,172,42,386
188: 278,484,89,100,0,213,165,255,428
189: 215,344,317,190,55,263,294,91,461,217
190: 189,344,317,478,72,290,55,135,402
191: 31,54,136,125,27,321,258,476,318
192: 262,445,152,154,248,434,420,376
193: 17,171,352,314,313,86,109,477,219,487,11
194: 878,553,4,465,114,452
195: 273,391,237,71,75,285,39,341
196: 30,374,51,236,47,401,468,32,458
197: 938,139,919,560,181
198: 167,173,304,110,40,316,422,365,26
199: 70,405,410,39,409,275,35
200: 456,244,421,446,451,493,99,153,491,399,167,157
201: 301,310,47,79,61,228,30,374,73
202: 60,159,485,44,3,322,140,184,392
203: 80,384,328,280,410,381,35,94
204: 257,260,449,207,0,85,435,242,479
205: 31,54,48,258,318,241,413,369,93
206: 339,164,287,337,44,8,159,268,406,322
207: 260,449,204,407,479,50,331,383,378
208: 359,293,118
209: 498,426,311,125,223,163,36,489,136
210: 65,150,333,354,183,307,134,366,5,216,69
211: 149,470,488,112
212: 97,437,387,174,284,150,116,15,427,161
213: 165,14,100,144,415,270,373,188,484
214: 9,166,358,155,53,66,160,411,124,127,292
215: 189,344,317,55,461,446,217,124,451,282,153
216: 237,71,75,150,210,333,354,307,161,69
217: 91,461,446,34,77,55,107,263,294,189,215
218: 486,268,406,322,60,98,440,227,392
219: 243,315,78,487,17,193,11,33,64
220: 458,401,27,29,476
221: 91,461,446,34,77,459,38,229,153,456,244,421,404,332
222: 329,90,249,291,359,367,176
223: 163,436,338,22,447,426,209,311,309,429
224: 41,160,453,411,10,469,433,166,385
225: 331,325,482,412,120,450,430
226: 383,356,449,67,471,267,187,96,172
227: 10,303,440,392,486,218,478,98,66,473
228: 156,447,20,301,201,310,436,426,309
229: 459,297,319,38,91,446,221,34,456,21,475,404,332
230: 364,296,121,133,105,88,414,19
231: 233,178,145,138,330
232: 264,256,460,257,260,449,67,267
233: 231,918
234: 398,274,272,482,146,120,450
235: 65,333,182,57,380,292,170,387,174
236: 472,61,56,74,30,196,73,51
237: 71,75,216,150,15,427,161,252,195
238: 353,343,495,179,243,1007,389
239: 124,127,451,493,282,99,153,344,9,358,155,417
240: 261,84,306
241: 342,435,242,258,336,205,48,369,431
242: 85,435,241,431,257,260,204,460
243: 219,78,1007,487,495,277,238,313,299
244: 456,421,200,221,21,404,144,399,173,157
245: 465,114,283,178,117,145,330
246: 481,255,466,375,278,89,110,372,365,82
247: 340,414,419,438,18,494,133,308,364,390
248: 169,324,154,397,463,122,76,251,363,490,434,192
249: 329,222,90,327,291,295,176
250: 416,186,480,142
251: 92,184,76,59,248,490,469,41
252: 395,148,45,427,237,75,273
253: 787,37,464,83,377,62,439
254: 101,455,276,326,162,477,298,339,164,52
255: 481,466,375,246,278,188,484,110,165,50,428,82
256: 264,232,460,379,7,95,312
257: 260,449,67,204,242,431,232,460
258: 36,345,336,31,191,205,136,48,435,241
259: 109,425,335,181,302,86
260: 257,449,67,204,207,85,242,479,232,378
261: 467,476,240,84
262: 192,147,445,152,154,130,448,376
263: 107,123,177,294,390,108,189,91,77,217
264: 256,232,460,67,95,312,267,388,370
265: 284,457,143,445,420,151,496,376
266: 104,4,464,377,162,337,499,452,8
267: 471,388,187,67,264,232,226,370
268: 486,218,406,322,339,206,159,392
269: 182,57,385,102,349,433,453,16,380,387
270: 429,415,334,492,373,100,345,213,165,14,342
271: 350,396,372,305,466,375,168,346
272: 234,398,274,168,482,350,384
273: 391,195,75,395,252,28,400
274: 234,398,272,146,149,470,119
275: 409,400,199,405
276: 101,455,254,339,164,287,406,432,408,52
277: 495,179,126,109,171,313,243,487
278: 188,484,89,110,173,365,481,255,246,428
279: 138,330,3,122,462,128,140
280: 39,63,158,497,328,203,410,35
281: 353,343,87,293,46,323
282: 124,239,451,493,153,402,215,344,317,461,9
283: 245,114,44,117,145,330,3,485
284: 347,457,265,143,349,97,212,437,116
285: 474,81,69,71,141,195,63,341,497
286: 7,84,2
287: 339,164,206,464,326,162,337,499,8,276
288: 70,405,381,35,137,115
289: 156,447,20,360,438,18,364,68,13,436
290: 55,111,131,12,49,424,432,72,294,190
291: 359,840,222,249,176
292: 380,170,58,358,214,53,127,182,183,235
293: 46,118,87,281,208
294: 263,123,177,290,55,111,189,317,217
295: 176,90,249,441,472
296: 364,230,121,105,88,327,103,19
297: 319,38,229,163,338,22,21,475,332,429
298: 439,444,477,83,326,314,164,101,455,254
299: 494,389,394,243,315,78,1007,340
300: 33,308,64,12,424,111,123,177
301: 201,310,121,79,103,19,156,447,20,228,73
302: 442,181,113,86,425,139,259,109,171
303: 10,440,227,98,66,473,41,411,166
304: 417,357,491,99,399,167,198,173,40,422,26
305: 372,316,422,365,26,366,375,25,346,141,271
306: 240
307: 134,366,5,210,354,216,474,69,25
308: 33,300,64,315,424,340,419,247,438,123,177,390
309: 426,311,447,228,310,47,223,436
310: 301,201,47,156,228,374,498,426,309
311: 498,426,209,309,223,163,22,492,36,489
312: 95,948,2,379,7,264,256
313: 17,171,193,86,109,495,277,243,487
314: 171,193,352,113,86,444,477,298
315: 219,78,494,299,33,308,340
316: 372,305,422,365,26,198,40,366,5,25
317: 189,215,344,190,72,55,294,135,402,461,282
318: 467,476,31,54,191,205,48,413,93
319: 459,297,38,229,108,13,360,34,77,338
320: 351
321: 468,27,32,498,125,458,54,191,136
322: 218,268,206,60,202,159,440,392
323: 389,394,353,281,46,129,368
324: 169,152,154,248,397,463,122,76,106
325: 331,225,403,407,482,396,1,412,450
326: 464,83,62,162,439,444,298,164,287,101,254
327: 329,90,249,367,88,296,441,103,19
328: 497,80,384,203,168,141,158,280
329: 222,90,249,327,359,367,88
330: 145,138,279,3,245,283,231,485
331: 225,325,403,407,207,412,378
332: 21,475,100,404,221,34,297,38,229,456,429,373
333: 65,150,210,235,354,170,387,174,134,216
334: 415,270,492,345,489,336,14,342,85,435
335: 425,259,109,126
336: 36,258,345,334,48,342,85,435,241
337: 499,44,117,8,266,339,206,287,159
338: 223,436,22,13,360,459,297,319,38,429
339: 164,206,287,337,254,276,486,268,406,52
340: 419,247,438,315,494,299,33,308
341: 39,63,71,285,391,195
342: 85,435,241,334,270,492,345,336,0,14
343: 353,281,238,371,495,179
344: 189,215,317,190,135,402,155,124,239,282,153
345: 36,258,489,336,334,270,492,136,342
346: 168,25,141,158,372,305,350,271
347: 284,457,143,180,97,355,116,15
348: 96,172,483,120,443,430,24
349: 269,57,102,284,143,437,387
350: 482,396,271,168,346,384,272
351: 320,472,56
352: 17,171,193,314,444,477,101,11,12,175
353: 343,281,238,46,1007,389,323,394
354: 65,150,210,333,174,307,5,216,69
355: 142,116,393,180,347,457,97,480
356: 383,412,226,67,187,430,96,172
357: 417,183,491,304,493,99,58,167,40,134,5,26
358: 9,214,155,53,160,127,239,292,58,417
359: 291,208,118,367,329,222
360: 447,20,289,68,13,319,436,338
361: 454,496,376,6,147
362: 418,28,132,400,510
363: 490,434,469,433,248,16,420,385
364: 296,230,121,133,414,247,438,18,156,20,289
365: 372,305,316,422,26,198,173,278,110,481,375,246
366: 40,307,134,5,210,305,316,26,474,81,25
367: 105,129,88,118,359,329,222,327
368: 105,129,46,494,323,394,133
369: 379,413,431,205,48,241,460
370: 43,264,95,267,388
371: 87,343
372: 305,316,422,365,466,375,246,346,271
373: 429,415,270,492,21,475,100,144,332,484,213,14
374: 30,196,73,201,310,47,468,32
375: 481,255,466,246,110,372,305,422,365,396,271
376: 361,496,262,192,147,445,457,265
377: 464,83,833,37,253,104,266
378: 383,412,407,260,449,67,207,331
379: 413,369,431,7,256,460,312
380: 292,170,58,53,269,182,57,387,65,235
381: 35,94,80,203,288,115
382: 
383: 412,356,378,226,449,67,207,172
384: 497,80,328,203,168,158,350,398,272
385: 269,182,57,102,363,433,224,453,16
386: 42,471,187,96,483
387: 212,437,174,269,182,57,349,380,333,235
388: 471,267,264,43,370,42,638
389: 323,394,299,353,238,78,1007
390: 68,108,308,419,247,438,18,107,263,123
391: 273,195,75,39,341,409,400
392: 10,440,227,60,202,218,268,322,184,59
393: 355,142,454,180,480
394: 494,389,323,299,133,353,1007,368
395: 132,148,252,75,186,273,28,400
396: 482,350,1,271,466,375,82,325,403
397: 324,248,463,122,76
398: 234,274,272,80,384,149
399: 167,173,157,99,244,421,200,491,304,89
400: 409,275,395,273,391,362,28
401: 23,196,51,468,220,458
402: 66,473,135,478,344,317,190,9,166,155,124,282
403: 331,325,481,466,407,50,82,396,1
404: 21,475,100,144,332,221,229,456,244,421,157
405: 70,199,288,275,137
406: 486,218,268,339,164,206,455,276,432,98,408,52
407: 479,50,82,207,331,325,403,412,378
408: 432,478,98,52,72,276,486,406
409: 275,400,391,39,199
410: 70,199,39,63,280,203,35
411: 41,160,224,453,10,303,66,166,214
412: 383,356,378,407,449,331,225,325,430,172
413: 379,369,205,48,318,7,93
414: 419,247,438,18,494,133,105,364,230,121
415: 429,334,270,492,373,163,22,475,489,213,14
416: 250,186,132,418
417: 183,357,491,304,358,127,239,493,99,58
418: 362,28,416,132
419: 340,414,247,438,18,494,33,308,123,390,68
420: 16,151,154,363,434,192,445,102,265
421: 456,244,200,461,446,221,451,99,153,404,399
422: 372,305,316,365,26,304,198,110,375
423: 918,944,463,462,185,728
424: 11,12,49,308,300,64,290,111,123,177
425: 938,139,335,181,302,259
426: 498,209,311,125,309,228,310,47,223
427: 45,15,161,212,237,75,148,252
428: 479,50,82,278,188,0,165,481,255
429: 415,270,492,373,297,223,163,338,22,21,475,332
430: 120,443,450,225,412,356,172,348
431: 379,369,48,435,242,241,257,460
432: 478,408,52,72,455,276,131,49,406,290
433: 363,490,469,41,224,453,16,269,385
434: 363,490,154,248,192,445,16,420
435: 342,85,242,241,334,258,336,0,431,204
436: 223,338,22,13,447,360,289,228,309
437: 97,212,387,174,57,349,284,143,15
438: 340,414,419,247,18,308,364,390,68,108,289
439: 444,477,298,253,113,83,326,62,162
440: 10,303,227,392,60,218,322,184,59
441: 79,103,19,90,327,295,472,61,73
442: 181,302,113,139,787,62
443: 146,120,430,483,348,119,24
444: 439,477,298,113,86,326,62,352,314,101
445: 262,192,147,434,420,151,496,376,265
446: 91,461,221,34,217,215,229,451,153,456,421,200
447: 156,20,360,289,228,13,301,223,436,309
448: 130,671,106,689,152,262
449: 257,260,67,204,207,232,383,412,378,226
450: 146,120,430,482,225,325,234
451: 239,493,282,99,153,215,446,421,200
452: 499,44,117,194,878,4,266,114
453: 160,224,411,433,53,269,182,57,385
454: 361,496,180,393
455: 101,254,276,131,298,164,175,406,432,52
456: 244,421,200,91,446,221,34,229,153,21,404,332,157
457: 347,284,265,143,496,376,180,97,355
458: 220,196,401,468,27,32,321,476
459: 319,38,229,107,108,13,91,221,34,77,338
460: 264,256,232,242,379,369,431,257
461: 91,446,221,217,189,215,317,282,153,421
462: 463,122,128,138,279,423
463: 122,462,128,423,185,106,324,248,397
464: 83,326,377,162,253,104,266,8,287
465: 245,114,553,194,178
466: 481,255,375,246,372,82,396,271,403
467: 476,261,318,54,84,93
468: 27,32,321,196,374,51,401,458
469: 363,490,433,76,251,59,10,41,224
470: 211,149,274,146,119,488
471: 267,388,187,226,96,42,386,638
472: 236,61,295,351,441,56
473: 66,135,402,486,478,98,303,227,166
474: 81,69,285,307,366,5,71,25,141
475: 21,100,404,332,297,38,229,163,22,429,415,373
476: 467,261,318,27,220,458,54,191
477: 439,444,298,193,352,314,101,254,175
478: 432,98,408,72,486,55,227,473,135,402,190
479: 407,50,428,0,165,85,260,204,207
480: 355,142,393,250
481: 255,466,375,246,278,110,365,50,428,82,403
482: 350,396,1,225,325,234,272,450
483: 96,172,348,443,386,24
484: 278,188,89,110,100,144,373,157,213,165,255
485: 202,159,283,44,117,330,3
486: 218,268,406,339,478,98,408,52,227,473
487: 243,219,78,277,17,171,193,313
488: 119,211,470
489: 36,345,163,209,311,415,334,492
490: 363,434,469,433,76,251,59,248
491: 417,183,357,304,127,493,99,200,399,167,40
492: 429,415,334,270,373,163,311,36,345,489,14,342
493: 127,239,451,282,99,9,200,58,417,357,491
494: 394,299,133,315,368,340,414,419,247
495: 179,277,126,343,238,313,243,1007
496: 361,454,376,180,147,445,457,265
497: 384,328,81,285,141,158,63,280
498: 426,209,311,125,310,47,32,321,36
499: 337,44,452,117,8,4,266,287
500: 785,810,696
501: 538,773
502: 914,848
503: 645
504: 546,1014,942,516,802,764
505: 520,703,621,861
506: 1013,852,732,517
507: 577,823
508: 534,891,578
509: 795,668,832,636,890
510: 362
511: 952,973,921,581,744
512: 768
513: 992,872
514: 978,652,708
515: 1013,681
516: 942,504,802
517: 732,506
518: 830,584
519: 767
520: 505,946,778,995
521: 720,751
522: 690,529,921,610
523: 962,643,605,826
524: 977,808,736
525: 772,858,687,617
526: 762,673
527: 960
528: 885
529: 690,522,958,610
530: 
531: 533,966
532: 802,764,882
533: 531,845,966
534: 866,713,508,891,705
535: 672,724,586,883,1012
536: 925
537: 625,612,1008
538: 773,501,962,574
539: 754,917
540: 
541: 900,639,704
542: 627,734
543: 734
544: 
545: 678,950
546: 504,806
547: 557,567
548: 
549: 693,635
550: 867,664,821,761
551: 996
552: 647,963,801,740
553: 841,194,465
554: 733,576
555: 601,708
556: 562
557: 661,897,547
558: 1010,605,817
559: 676,721,960
560: 916,197
561: 691,642
562: 617,556
563: 739,945,565,964
564: 932
565: 945,965,563
566: 43,645
567: 547,875
568: 864,772,851
569: 792
570: 774,619,994
571: 592
572: 593,818,932
573: 604
574: 962,538
575: 580,784,827
576: 554
577: 178,507
578: 614,508,742
579: 873
580: 575,827
581: 921,610,511,875
582: 730,669
583: 838,674
584: 830,518,968
585: 604,698
586: 724,535,883,886,831
587: 
588: 986,854,1010,627
999: 915
590: 
591: 657,684,962
592: 571,800
593: 761,818,572
594: 916,969,744
595: 910,920,907
596: 
597: 998,804,822,758,861,668
598: 903,646,789,982,940,650
599: 684,913,657
600: 865,846
601: 555
602: 
603: 712
604: 630,573,585
605: 1010,558,826,523
606: 868
607: 686,697
608: 685,700
609: 724
610: 921,529,522,958,581
611: 624
612: 968,537
613: 
614: 578,891,780,892,742
615: 641
616: 980,876,810
617: 562,858,525
618: 743,989
619: 774,570,633,760,994
620: 970,797
621: 824,778,505
622: 711
623: 
624: 611
625: 537,855,770,1008
626: 
627: 542,1010,588,734
628: 
629: 879,956
630: 604,923
631: 
632: 843
633: 760,976,654,774,619
634: 673,644
635: 988,549
636: 743,668,509,890
637: 677,703,786,889
638: 42,471,388
639: 707,704,541
640: 729,873
641: 615
642: 691,715,561,885
643: 826,523
644: 888,634
645: 566,503
646: 903,598,940
647: 887,702,552
648: 952,807
649: 989,936
650: 800,598,982,940
651: 
652: 920,514
653: 685
654: 899,633,774
655: 
656: 696
657: 591,684,599
658: 874,767,745,862,667
659: 917
660: 959
661: 897,557,726,958
662: 1011,953,901
663: 885,777
664: 867,550,761
665: 
666: 
667: 735,874,658,862
668: 832,822,597,509,636
669: 582
670: 688
671: 130,448,6,689,979
672: 535
673: 634,526
674: 928,583,838,1011
675: 796,701,812,755,759,908
676: 725,559,964
677: 995,703,637
678: 545,710
679: 
680: 929
681: 515
682: 825
683: 694
684: 599,657,591
685: 608,653
686: 607,763
687: 525
688: 670
689: 185,106,728,884,979,448,671
690: 529,522
691: 642,715,561
692: 737,906
693: 911,695,549
694: 683,859
695: 911,693
696: 500,785,656
697: 607
698: 585
699: 893,991,783
700: 608
701: 675,759,906
702: 709,887,647
703: 677,505,637,861,829,786
704: 810,639,541,900,785
705: 891,713,534,863
706: 837
707: 639
708: 514,555
709: 702,923,968
710: 678
711: 622
712: 603
713: 994,866,534,705
714: 839,924
715: 691,642
716: 909,734
717: 981
718: 987
719: 820
720: 521,751
721: 559,960
722: 733
723: 
724: 586,609,535,883,831
725: 676
726: 730,661
727: 
728: 185,689,944,423,884
729: 873,640
730: 582,726
731: 24
732: 852,517,506
733: 722,554
734: 543,627,542,716
735: 667,874,854
736: 524,977,783,789
737: 692
738: 1014,942
739: 563,860
740: 951,552,963
741: 988
742: 954,578,614
743: 618,636,890
744: 952,511,594
745: 874,658
746: 816,1009
747: 
748: 973
749: 923,828
750: 1015
751: 955,521,720
752: 
753: 
754: 539,917
755: 812,675
756: 74,23
757: 
758: 824,814,861,998,804,597
759: 908,675,701,906
760: 633,619
761: 593,821,664,550,818
762: 526,799
763: 842,686
764: 532,802,504
1011: 953,928,674,662
766: 975
767: 519,658
768: 851,512
769: 856
770: 855,625,1008,884
771: 863,994
772: 858,525,568
773: 538,501
774: 570,619,654,633,797
775: 791
776: 
777: 972,782,663,847
778: 520,621
779: 
780: 902,614,892
1009: 746
782: 972,777,847
783: 789,699,736
784: 575,991
785: 500,704,900,696
786: 889,703,637,829,832
787: 37,253,139,442,113,62
788: 827,930
789: 783,736,598,982
1008: 625,537,770
791: 775,983
792: 569
793: 
794: 986,909
795: 509,890
796: 675,888
797: 620,970,774
798: 
799: 762
800: 650,592
801: 963,552
802: 532,764,504,942,516
803: 990
804: 815,998,822,597,814,758,824,842
805: 919,938
806: 546
807: 834,648,952
808: 524
809: 849,846,936
810: 704,616,500
811: 961
812: 755,675,908
813: 935
814: 758,824,842,998,804
815: 998,804,822,842,905
816: 746
817: 957,558
818: 761,593,572
819: 
820: 719
821: 550,761
822: 815,998,804,597,668,849
823: 507
824: 758,621,814,998,804
825: 682
826: 605,643,523
827: 788,580,575
828: 749
829: 861,703,786,832
830: 518,584
831: 724,586
832: 668,861,829,786,509
833: 37,878,104,377
834: 807
835: 974
836: 985
837: 905,706
838: 583,953,674
839: 714,956
840: 291
841: 553
842: 763,814,815,804,905
843: 632
844: 939
845: 897,533
846: 936,809,865,600
847: 972,782,777
848: 502
849: 809,822
850: 
851: 568,768
852: 732,506
853: 959
854: 986,588,735
855: 944,770,625
856: 769
1012: 883,985,535
858: 772,525,617
859: 694,1015
860: 739
861: 829,505,703,758,597,832
862: 957,874,658,667
863: 771,705
864: 568
865: 600,846
866: 534,904,713
867: 664,550,871
868: 606
869: 976,956
870: 
871: 867
872: 983,513,992
873: 729,640,579
874: 658,745,862,667,735
875: 581,567
876: 911,616
877: 
878: 194,914,833,104,4,452
879: 629,976,956
880: 
881: 
882: 992,532
883: 886,985,1012,535,724,586
884: 770,689,728
885: 663,642,528
886: 883,985,586
887: 647,702
888: 644,796
889: 786,637
890: 509,795,743,636
891: 705,534,508,614
892: 614,780
893: 699
894: 
895: 971,939
896: 
897: 661,557,845
898: 
899: 654
900: 541,704,785
901: 978,662
902: 780
903: 646,598
904: 866
905: 837,842,815
906: 701,692,759
907: 595
908: 759,675,812
909: 794,716
910: 595
911: 695,693,876
998: 815,804,822,597,814,758,824
913: 599
914: 502,878
915: 999
916: 969,594,560
917: 659,754,539
918: 423,233,944
919: 805,938,197
920: 652,595
921: 973,610,522,581,511
922: 
923: 749,630,709
924: 714
925: 536
926: 
927: 
928: 674,1011
929: 680
930: 788
931: 
932: 572,564
933: 
934: 
935: 813
936: 846,809,649
937: 
938: 425,197,139,919,805,181
939: 844,895
940: 646,598,650
941: 
942: 516,504,738,1014,802
1007: 243,78,495,353,238,389,394,299
944: 855,423,918,185,728
945: 965,563,565
946: 520,995
947: 950
948: 95,312,2,43
949: 
950: 947,545
951: 740,963,978
952: 511,973,648,744,807
953: 1011,838,662
954: 742
955: 751
956: 869,629,839,879
957: 862,817
958: 529,661,610
959: 853,660
960: 527,721,559
961: 811
962: 523,591,574,538
963: 801,552,951,740,978
964: 563,676
965: 945,565
966: 531,533
967: 
968: 612,584,709
969: 916,594
970: 620,797
971: 895
972: 782,777,847
973: 921,748,952,511
974: 989,835,984
975: 766
976: 869,879,633
977: 524,736
978: 901,514,963,951
979: 689,671
980: 616
981: 717
982: 789,598,650
983: 872,791
984: 974
985: 883,886,1012,836
986: 588,854,794
987: 718
988: 741,635
989: 649,618,974
990: 803
991: 784,699
992: 513,872,882
1010: 558,605,588,627
994: 713,570,619,771
995: 677,946,520
996: 551
997: 
1013: 506,515
1014: 738,504,942
1015: 859,750