0: 85,165,204,14,428,270,188,255,213,342,242,50,479
1: 82,466,375,50,403,396,482,325,331
2: 84,93,379,7,312,95
3: 202,159,485,283,330,138,279,128,60,140
4: 104,377,194,266,464,499,245,452
5: 210,307,354,474,366,134,40,357,167,183,304,422,316,26
6: 361,376,262,130,147
7: 379,369,413,2,84,93,256,312
8: 162,276,287,164,326,266,83,464,337,499,452,206
9: 53,358,214,166,66,155,124,282,344,127,239,493,417
10: 59,440,227,184,218,473,98,303,41,160,224,411,166
11: 12,352,175,64,477,487,193,314,17,455,219,300,49
12: 11,175,64,477,17,424,219,300,49,131,111,123
13: 459,297,319,18,68,438,108,447,360,289,436,338
14: 0,85,165,345,415,270,334,492,213,342
15: 45,116,148,252,97,437,212,161,237,427
16: 192,420,151,265,363,490,434,469,224,453,433,102,385
17: 487,193,243,315,78,11,12,352,64,219,300
18: 68,247,438,108,414,494,230,390,20,364,289,13
19: 103,441,327,88,296,121,156,201,301,79
20: 156,447,228,360,364,289,414,230,121,18,68,301
21: 373,100,429,144,332,229,475,38,297,22,404,157,415,270,213
22: 223,311,436,338,489,475,38,297,319,21,429,415,163
23: 29,220,401,27,458
24: 120,483,348,443,119,146,96
25: 307,474,366,305,316,81,69,497,346,141
26: 372,305,316,134,40,304,365,198,422,307,5,366
27: 468,458,191,220,23,31,54,261,476
28: 391,400,362,273,75,195,395,418,132,341
29: 220,23,458,261
30: 401,374,236,51,73,74,196
31: 54,205,318,321,27,191,48,125,136,476,467,241,413
32: 498,209,426,321,310,47,374,468,196,125
33: 308,219,300,315,78,299,64,494,340,419,390
34: 475,459,38,297,319,77,263,108,91,461,221,229,404,456,332
35: 80,328,203,199,410,70,288,381,94
36: 258,48,125,136,336,311,489,498,209,426,321,345,163,334,492
37: 197,377,253,464
38: 475,459,297,319,34,91,229,22,404,21,429,144,332
39: 199,280,341,410,409,63,391,400,70
40: 134,357,491,167,183,99,304,365,198,422,210,5,26
41: 160,224,411,433,10,59,440,184,303,490,469,251
42: 388,471,187,386
43: 264,388,370
44: 337,499,245,452,117,283,202,159,485,206
45: 15,116,148,186,252,97,142,355,395,427
46: 353,323,238,368,281,293,129,367
47: 73,201,310,301,374,32,426,196
48: 36,258,125,136,336,321,345,31,205,318,241,435
49: 294,290,131,111,455,11,12,175,64,424,300,72,123
50: 481,82,1,188,255,0,204,428,403,407,479
51: 30,236,61,472,56,74
52: 101,298,254,455,276,477,432,406,408,72,131
53: 9,358,214,166,155,160,224,453,411,269,182,380,58,292
54: 31,205,318,27,191,220,136,261,476,467
55: 294,290,131,111,190,478,72,402,215,317,344,189,217
56: 472,351,320,756,51,74
57: 269,143,385,349,182,380,235,170,284,387,212,174,150
58: 380,170,65,292,53,358,214,127,493,417,134,357,491,183
59: 10,440,392,227,184,92,60,469,251,41,224,411
60: 92,140,3,202,268,322,279,59,440,392,184
61: 295,441,472,73,201,79,374,236,51
62: 302,86,113,439,442,83,253,464,162,326
63: 81,69,285,497,71,195,273,39,280,341
64: 11,12,352,175,193,17,78,33,308,424,219,300,49
65: 380,235,170,58,134,357,183,174,150,333,210,354
66: 473,135,402,98,303,155,124,478,190,227,282,317,344,9,166
67: 232,449,260,378,267,256,226,383,370,471
68: 18,247,438,108,414,77,447,20,360,364,289,13,459,319,338
69: 63,81,285,333,216,307,354,474,25,237,71,195
70: 137,405,39,199,409,35,275,288,381
71: 237,75,195,427,161,216,63,81,69,285,273
72: 432,478,408,52,455,49,55,290,131,190,135,402
73: 201,310,301,79,47,61,441,30,374,236,196
74: 56,30,51
75: 237,71,195,395,427,216,252,28,273
76: 92,128,140,397,184,490,434,248,469,251
77: 107,123,177,390,263,68,438,108,91,461,459,319,34
78: 243,1007,315,495,487,193,313,17,299,64,33,219
79: 73,201,301,19,61,103,441,156,236
80: 35,384,328,203,158,149,274,398,381,94
81: 63,69,285,497,474,25,366,71,346,141
82: 481,466,375,50,1,255,428,372,403,396
83: 266,253,464,62,113,439,8,162,164,326,298
84: 2,93,286,240,7,948
85: 0,165,204,14,428,345,270,342,242,435,479,260
86: 62,302,113,439,139,181,109,171,193,314,444
87: 343,281,371,293,353
88: 296,230,105,121,368,329,367,359,19,103,327
89: 278,484,213,404,157,399,244,100,144,365,173,246,110
90: 103,295,441,327,329,359,222,249
91: 461,217,221,229,77,263,108,446,459,38,319,34,456
92: 76,128,60,140,397,279,59,392,184,490,251
93: 2,84,286,318,240,467,7,413
94: 115,381,112,35,80,328,203,470,149,211,382
95: 2,264,312
96: 386,172,430,187,24,483,348
97: 284,437,387,143,347,457,355,45,15,116
98: 66,473,135,402,303,486,268,218,432,478,408,10,440,227
99: 239,451,493,417,399,200,244,421,40,491,167,198,173
100: 21,373,429,144,332,404,157,244,270,173,110,188,484,213,89
101: 298,52,254,444,455,439,326,352,175,477,432,131
102: 269,143,385,349,433,420,445,151,16,265,457,284
103: 19,90,295,441,327,329,88,296,121,79
104: 4,377,194
105: 88,296,230,121,368,329,367,414,133,394
106: 185,152,324,448
107: 77,123,177,390,263,308,424,247,438,108,459
108: 18,68,438,77,107,263,360,289,91,13,459,297,319,34
109: 259,335,425,139,181,277,86,171,313
110: 365,198,422,173,246,157,399,244,100,278,188,484,89,372,481
111: 49,55,294,290,131,12,424,123,177,189,217
112: 115,381,94,203,211,382
113: 62,302,86,439,181,442,83,314,298,444,352
114: 465,178,194,245,452,117
115: 288,381,112,94,382
116: 45,15,186,252,347,97,437,142,355
117: 337,44,245,452,114,178,283,330,159,485
118: 129,329,367,293,208,359,291
119: 24,443,470,274,211,488
120: 24,348,443,146,430,225,450,274
121: 88,296,230,105,414,19,103,156,447,20,364,289,301
122: 463,397,423,462,138,279,128,140
123: 77,107,177,390,263,12,308,424,300,419,49,111,438
124: 66,402,155,153,215,282,317,344,9,358,214,166,127,239
125: 36,258,48,136,336,489,498,32,209,426,321,191,492,31
126: 179,277,495,259,335
127: 239,451,493,417,155,124,282,9,358,214,58,357,491
128: 92,76,140,3,463,397,122,138,279,248
129: 118,329,367,281,293,208,46,353,368,359
130: 262,147,448,152,6
131: 49,55,290,111,190,101,52,455,12,175,477,432,478,72
132: 418,416,148,252,395,28,362,273
133: 414,494,394,340,419,323,368,296,230,105,364
134: 40,357,491,167,183,65,58,304,210,307,5,26
135: 66,473,402,98,303,486,218,432,478,408,72,190,227,317,344
136: 36,258,48,125,498,321,468,191,31,54,205,318
137: 70,405,288
138: 463,462,122,279,145,233,330,3,128
139: 181,442,969,197,109,425,302,86
140: 92,76,128,60,330,3,202,122,279,392,184
141: 168,346,474,25,305,81,285,497,158
142: 250,480,393,355,45,116,186
143: 269,102,385,349,57,151,265,457,97,284,437,387
144: 21,373,100,429,332,229,475,38,404,157,456,244,484,213,89
145: 231,283,233,330,178,462,138,279
146: 24,120,443,234,482,225,450,274
147: 262,130,154,192,445,361,6,376,496
148: 45,15,186,252,395,132,416
149: 470,274,398,234,80,384,203,443,94,211
150: 174,161,333,216,57,235,170,65,387,212,210,354,427
151: 192,420,445,16,265,363,434,102,143,385,496
152: 169,324,185,106,434,248,262,130,448,154
153: 215,282,344,189,446,124,461,221,239,451,493,200,456,421
154: 262,147,448,169,152,324,434,248,192,420
155: 66,473,402,303,124,282,344,411,9,53,214,166,127
156: 447,20,228,360,364,289,121,19,201,310,301,79
157: 404,399,200,456,244,229,21,100,144,332,173,110,484,89
158: 80,384,328,497,168,346,141,280,410
159: 3,202,485,337,44,117,287,206,322,339
160: 41,224,453,411,433,10,303,53,214,166,182,292
161: 174,150,333,216,212,354,15,237,71,427
162: 8,287,164,326,266,83,253,464,62,439,499,298
163: 415,270,334,492,475,223,311,22,338,489,209,429,36
164: 8,162,276,287,326,266,83,499,298,254,206,339,406
165: 0,85,14,428,373,415,270,334,188,484,213
166: 9,53,358,214,10,66,473,303,155,124,160,411,182
167: 134,40,357,491,99,451,493,417,399,200,304,365,198,173,5
168: 350,346,141,271,497,272,384,328,158,398
169: 152,324,397,434,248,154
170: 380,235,65,58,292,358,269,57,182,357,183,174,150
171: 487,193,313,314,181,335,109,86
172: 96,386,430,187,226,356,483,348
173: 304,365,198,246,110,99,157,399,200,244,100,167,484,89
174: 150,161,333,269,349,57,380,235,170,65,437,387,212
175: 11,12,352,64,477,101,455,424,49,290,131
176: 222,249,291
177: 77,107,123,263,424,294,111,189,461,217
178: 465,114,117,145,231,283,330
179: 126,277,371,495,343,243,238
180: 347,457,496,445,361,454,376,393,355
181: 139,335,109,425,302,86,113,171,314
182: 269,385,349,57,160,224,453,433,53,358,214,166,380,170,292
183: 134,40,357,491,417,235,170,65,58,292,333,210,5
184: 10,59,440,392,218,92,76,60,140,251,41
185: 106,463,423,152,324
186: 45,116,148,250,142,355,416
187: 226,356,430,42,471,96,386,172
188: 278,484,255,213,100,270,110,0,165,428,481,50
189: 153,215,282,317,344,446,55,294,290,111,190,177,263,461,217
190: 55,294,290,131,432,478,408,72,66,135,402,317,344,189
191: 468,27,458,321,125,136,31,54,318,476
192: 420,445,151,16,265,434,262,147,154,376
193: 487,171,313,314,17,86,78,444,11,352,64,477
194: 104,4,114,245,452
195: 237,71,75,395,63,69,285,497,28,391,273,280,341
196: 468,458,73,47,30,401,374,32,321
197: 37,969,139,442,253
198: 304,365,422,173,246,110,99,399,200,244,40,491,167,26
199: 39,280,410,409,35,328,70,288
200: 404,157,399,456,244,421,153,221,99,451,493,167,198,173
201: 73,310,301,79,47,19,61,156,228,374,426
202: 3,159,485,337,44,330,206,268,322,60,140,392
203: 35,80,384,328,410,149,381,112,94
204: 0,85,428,342,242,50,207,407,479,260
205: 31,54,318,48,136,336,467,241,431,369,413
206: 268,322,339,337,499,44,8,276,287,164,202,159
207: 378,407,479,204,257,242,449,260,331,383
208: 293,118,129,291
209: 498,32,426,310,223,311,436,309,489,163,492,36,125
210: 307,354,474,5,65,134,40,357,183,150,333
211: 382,488,470,149,119,112,94
212: 284,437,387,57,235,174,150,161,333,15,237,427
213: 278,188,484,89,21,373,100,144,415,270,0,165,14,428
214: 9,53,358,166,303,155,124,160,411,127,417,182,58,292
215: 153,282,317,344,189,446,55,294,402,124,461,217,239,421
216: 150,161,333,354,474,237,71,75,427,69,285
217: 91,461,221,55,294,111,177,263,215,189,446
218: 486,268,322,339,408,10,440,392,227,184,473,135,98
219: 33,308,300,487,17,315,78,11,12,64,340
220: 29,23,27,458,54,261,476
221: 91,461,217,229,153,446,34,404,200,456,421
222: 359,249,291,176,329,90,327
223: 311,436,309,22,338,489,360,475,297,209,429,415,163
224: 41,160,453,411,433,10,59,363,469,251,53,16,385,182
225: 430,325,450,412,331,378,482,356,120,146
226: 187,356,383,67,449,412,370,471,172
227: 10,59,440,392,486,268,218,408,66,473,135,98,303,411
228: 156,447,20,360,201,310,301,311,436,309,426
229: 91,461,221,475,459,38,319,34,404,157,456,421,21,144,332
230: 88,296,105,121,414,133,494,18,20,364
231: 145,283,233,178
232: 67,449,260,257,242,431,460,267,256,383
233: 145,231,462,138
234: 272,396,482,450,149,274,398,443,146
235: 380,170,65,292,269,57,183,387,212,174,150,333
236: 30,374,51,61,472,73,79
237: 71,75,195,395,427,212,161,333,216,15,252,69,285
238: 46,353,323,299,179,495,343,281,1007,389
239: 99,127,451,493,417,124,153,215,282,344,446,9,421
240: 306,261,476,467,84,93,286
241: 342,431,435,258,48,336,31,205,369,413
242: 257,342,431,435,0,85,204,207,232,260
243: 1007,315,389,78,335,179,277,495,487,313,17
244: 404,157,399,200,456,421,99,451,100,144,198,173,110,89
245: 337,499,44,452,117,4,194,465,114
246: 304,365,198,422,173,110,278,484,255,89,372,316,481,375
247: 18,68,438,308,414,494,419,107,390,364
248: 363,490,434,251,463,397,76,128,169,152,324,154,420
249: 359,222,176,90,295,327,351
250: 480,142,186,416
251: 363,490,248,469,92,76,59,184,41,224
252: 45,15,116,148,237,75,395,427,132,273
253: 83,464,197,37,442,377,62,302,439,162
254: 101,298,52,455,276,287,164,326,432,406
255: 278,188,484,246,0,428,481,82,375,50,403,479
256: 267,264,312,379,7,369,460,67,232,370
257: 242,431,435,369,460,207,232,449,260
258: 36,48,125,136,336,489,498,345,334,492,241,435
259: 335,109,425,126,277
260: 67,232,449,85,204,257,242,431,460,207,378,479
261: 240,306,476,467,27,29,220,54
262: 130,147,448,154,152,192,445,6,376
263: 77,107,123,177,294,438,108,189,91,461,217,459,34
264: 267,256,312,95,388,370,43
265: 192,445,151,16,102,143,349,376,347,457,496,284
266: 83,464,4,377,499,452,8,162,164
267: 256,264,312,460,67,232,449,370,471
268: 486,206,322,339,218,276,202,406,408,60,440,392,227,98
269: 102,143,385,349,57,182,453,433,53,380,235,170,292,174
270: 345,415,163,334,21,373,100,429,188,213,0,85,165,14
271: 372,305,316,466,375,168,350,346,396
272: 234,396,482,466,168,350,384,398
273: 28,391,362,252,71,75,195,395,63,132,341
274: 470,149,398,234,482,80,120,443,119,146
275: 400,409,70,405
276: 8,287,164,326,52,254,486,206,268,339,432,406
277: 126,179,495,259,335,109,487,313,243
278: 188,484,255,213,89,365,246,110,428,372,481
279: 122,138,145,330,3,485,92,128,60,140
280: 39,199,341,410,195,63,285,497,328,158
281: 87,343,293,46,353,238,129
282: 153,215,317,344,189,446,66,402,155,124,9,127,239,451,421
283: 145,231,330,178,44,117,3,485
284: 97,437,387,212,265,102,143,349,57,347,457,496
285: 63,81,69,497,216,474,237,71,195,141,280,341
286: 84,93,240,306
287: 8,162,276,164,337,499,254,159,206,322,339,406
288: 115,381,199,35,70,137
289: 156,447,20,360,364,414,121,18,68,108,13,436,338
290: 49,55,294,131,111,190,455,175,478,72,317,189
291: 359,222,176,208,118,329
292: 380,235,170,58,160,453,53,358,214,417,269,182,183
293: 208,87,281,46,353,118,129
294: 49,55,290,111,190,424,177,263,215,317,189,461,217
295: 61,90,103,441,249,472,351
296: 88,230,105,121,133,19,103,327,364
297: 13,475,459,38,319,34,108,360,223,22,338,21,429,332
298: 101,52,254,444,455,83,113,439,162,164,326,477
299: 353,323,238,495,1007,315,389,78,33,394,340
300: 33,308,424,219,17,11,12,64,419,49,123,390
301: 73,201,310,79,47,121,19,441,156,447,20,228
302: 62,86,113,439,139,181,442,253,314
303: 66,473,135,98,155,10,440,227,41,160,411,214,166
304: 365,198,422,173,246,399,134,40,491,167,5,372,316,26
305: 372,316,26,271,422,474,25,366,375,350,346,141
306: 240,261,476,286
307: 210,354,474,5,25,366,134,333,26,69
308: 33,424,219,300,64,494,340,419,107,123,390,247
309: 223,311,436,489,447,228,360,310,498,209,426
310: 73,201,301,47,156,447,228,436,309,32,209,426
311: 223,436,309,22,338,489,228,498,209,426,163,492,36
312: 267,256,264,379,7,460,2,95
313: 487,171,193,335,109,277,495,243,78
314: 487,171,193,181,302,86,113,439,444,11,352,477
315: 243,1007,389,78,17,299,33,219,394,340,419
316: 372,305,26,271,304,365,422,246,5,25,366,481,375
317: 215,282,344,189,446,478,55,294,290,190,66,135,402,124
318: 31,54,205,191,48,136,476,467,369,413,93
319: 13,475,459,38,297,34,77,68,108,91,229,22,338,332
320: 56,351
321: 498,32,426,468,196,191,36,48,125,136,31
322: 486,206,268,339,218,337,287,202,159,60,392
323: 46,353,238,299,368,389,367,133,394,340
324: 169,152,463,397,423,185,106,248,154
325: 225,450,412,331,1,403,407,396,482
326: 8,162,276,164,83,62,439,101,298,254,444
327: 19,90,103,441,329,367,359,222,249,88,296
328: 35,80,384,203,158,168,199,280,410,398,94
329: 118,129,367,368,359,222,291,88,105,90,103,327
330: 145,283,178,117,3,202,485,138,279,140
331: 225,325,450,412,1,207,378,403,407,383
332: 21,373,100,429,144,229,475,38,297,319,34,404,157,456
333: 174,150,161,216,235,65,183,212,210,307,354,237,69
334: 345,415,163,270,492,489,373,429,36,258,336,165,14,342
335: 259,109,425,181,126,277,487,171,313,243
336: 36,258,48,125,345,334,492,205,241,342,431,435
337: 499,44,245,452,117,8,287,202,159,485,206,322
338: 223,311,436,22,68,447,360,289,13,475,297,319,163
339: 486,206,268,322,218,276,287,164,159,406,408,392
340: 133,494,394,419,315,323,299,33,308,219
341: 39,280,409,195,63,285,28,391,400,273
342: 241,242,431,435,345,334,336,0,85,204,14
343: 87,281,179,371,495,353,238
344: 153,215,282,317,189,55,190,66,473,135,402,155,124,9,239
345: 415,270,334,492,36,258,48,336,85,14,342,435
346: 168,350,141,25,366,305,271,81,158
347: 180,457,496,265,454,376,97,284,393,355,116
348: 24,120,483,443,430,96,172
349: 269,102,143,385,57,182,453,265,380,284,387,174
350: 168,346,305,271,466,272,396,384,398
351: 472,56,249,320,295
352: 11,175,64,477,113,487,193,314,17,101,444
353: 46,323,238,299,87,343,281,293,389,129
354: 210,307,474,5,366,65,150,161,333,216,69
355: 480,142,393,347,180,457,97,45,116,186
356: 187,226,383,378,430,225,412,471,172
357: 134,40,491,167,183,358,127,493,417,170,65,58,210,5
358: 9,53,214,166,124,127,493,417,182,170,58,292,357
359: 222,249,291,118,129,329,367,88,90,327
360: 156,447,20,228,289,68,108,13,297,223,436,309,338
361: 6,454,376,147,180,496
362: 28,391,400,273,395,418,132
363: 490,434,248,469,251,224,433,420,151,16
364: 156,447,20,289,414,133,296,230,121,18,68,247
365: 304,198,422,173,246,110,399,40,167,278,89,372,316,26,481
366: 307,354,474,5,25,422,305,316,26,81,346
367: 118,129,329,46,323,368,359,88,105,327
368: 46,323,129,329,367,133,394,88,105
369: 379,7,413,460,205,318,257,241,431,435,256
370: 388,471,67,267,256,264,226,43
371: 179,87,343
372: 305,316,26,271,304,365,422,246,110,278,481,82,375
373: 21,100,429,144,332,475,415,270,334,484,213,165
374: 30,401,236,61,73,201,47,32,196
375: 481,82,466,1,246,255,372,305,316,271
376: 361,6,454,262,147,192,445,265,347,180,457,496
377: 104,4,37,266,253,464
378: 207,407,479,67,449,260,225,412,331,356,383
379: 7,369,413,460,431,2,256,312
380: 235,170,65,58,292,453,53,269,385,349,57,182,174
381: 288,115,112,94,35,80,203,70,382
382: 211,115,381,112,94
383: 226,356,207,378,67,232,449,412,331
384: 80,328,203,158,168,350,272,410,149,398
385: 269,102,143,349,57,182,224,453,433,151,16,380
386: 96,172,187,42
387: 97,284,437,212,143,349,57,235,457,174,150
388: 42,370,471,264,43
389: 243,1007,315,495,353,323,238,299
390: 77,107,123,33,308,300,494,419,18,247,438
391: 28,400,362,273,195,395,39,341,409
392: 59,440,227,184,202,268,322,339,218,92,60,140
393: 480,142,355,454,347,180,496
394: 133,494,340,419,315,323,299,368,105
395: 237,75,195,427,45,148,252,132,28,391,362,273
396: 234,272,482,271,82,466,1,350,325
397: 463,423,122,92,76,128,169,324,490,248
398: 149,274,168,350,234,272,80,384,328
399: 157,200,456,244,99,451,493,491,167,304,365,198,173,110,89
400: 28,391,362,39,341,409,275
401: 30,374,468,196,458,23
402: 66,473,135,98,155,124,478,408,72,55,190,215,282,317,344
403: 407,479,255,428,82,466,50,1,325,331
404: 157,200,456,244,421,221,229,38,34,21,100,144,332,89
405: 70,137,409,275
406: 432,408,276,287,164,52,254,486,268,339
407: 207,378,403,479,204,50,449,325,412,331
408: 432,478,406,72,52,486,268,339,218,190,227,473,135,402,98
409: 39,199,341,391,400,275,70,405
410: 39,199,280,497,35,384,328,203,158
411: 41,160,224,453,10,59,227,473,303,155,53,214,166
412: 430,225,325,450,331,378,407,449,226,356,383
413: 379,7,369,31,205,318,467,241,93
414: 133,494,419,230,105,121,18,68,247,20,364,289
415: 345,163,270,334,492,475,223,22,489,21,373,429,213,165,14
416: 418,132,250,148,186
417: 99,127,239,451,493,9,358,214,58,292,357,491,167,183
418: 132,416,28,362
419: 414,133,494,394,340,315,33,308,300,123,390,247
420: 192,445,151,16,363,490,434,248,433,154,102
421: 404,200,456,244,153,215,282,446,461,221,229,99,239,451,493
422: 304,365,198,246,110,40,5,366,372,305,316,26,481
423: 463,397,462,122,185,324
424: 308,300,12,175,64,49,294,111,107,123,177
425: 259,335,109,139,181
426: 498,32,209,321,228,201,310,47,311,309,36,125
427: 237,71,75,395,437,212,150,161,216,45,15,252
428: 0,85,165,204,278,188,255,213,82,50,403,479
429: 21,373,100,144,332,475,38,297,223,22,415,163,270,334
430: 225,450,412,187,356,120,348,96,172
431: 257,241,342,242,435,336,205,379,369,460,232,260
432: 478,406,408,72,276,101,52,254,455,486,131,190,135,98
433: 41,160,224,453,363,490,469,420,16,269,102,385,182
434: 363,490,248,469,76,169,152,154,192,420,151,16
435: 257,241,342,242,431,345,258,48,336,85,369
436: 223,311,309,22,338,489,447,228,360,289,310,13,209
437: 97,284,387,212,143,457,174,15,116,427
438: 18,68,247,108,77,107,123,390,263,13,459
439: 62,302,86,113,83,253,314,162,326,101,298,444
440: 10,59,392,227,184,268,218,60,473,98,303,41
441: 19,61,90,103,295,327,73,301,79
442: 139,197,253,62,302,113
443: 24,120,348,119,146,234,450,470,149,274
444: 101,298,455,86,113,439,193,314,326,352,477
445: 192,420,151,265,262,147,102,376,180,457,496
446: 153,215,282,317,189,91,461,217,221,239,451,456,421
447: 156,20,228,360,364,289,121,68,310,301,13,436,309,338
448: 262,130,154,106,152
449: 67,232,260,257,207,378,407,267,412,226,383
450: 430,225,325,412,331,234,482,120,443,146
451: 99,127,239,493,417,153,282,446,399,200,456,244,421,491,167
452: 337,499,44,245,117,4,194,266,114,8
453: 160,224,411,433,469,53,16,269,385,349,182,380,292
454: 361,376,347,180,480,393
455: 101,298,52,254,444,11,175,477,432,72,49,290,131
456: 404,157,399,200,244,421,153,446,91,461,221,229,34,451,144,332
457: 347,180,496,445,265,102,143,376,97,284,437,387,355
458: 468,27,196,191,401,29,220,23
459: 13,38,297,319,34,77,107,263,68,438,108,91,461,229
460: 379,369,257,431,232,260,267,256,312
461: 91,217,221,229,294,77,177,263,153,215,189,446,459,34,456,421
462: 463,423,122,138,145,233
463: 397,423,462,122,138,128,185,324,248
464: 266,83,253,37,4,377,62,8,162
465: 114,178,245
466: 481,82,375,1,271,403,350,272,396
467: 240,261,476,31,54,205,318,413,93
468: 27,196,458,191,401,32,321,136
469: 363,490,434,251,76,59,41,224,453,433,16
470: 149,274,443,119,94,211,488
471: 42,388,370,67,267,187,226,356
472: 56,351,61,295,236,51
473: 66,135,402,98,303,155,218,478,408,10,440,227,344,411,166
474: 210,307,354,5,25,366,216,305,81,69,285,141
475: 38,297,319,34,229,223,22,338,21,373,429,144,332,415,163
476: 240,306,261,467,27,191,220,31,54,318
477: 11,12,352,175,193,314,101,298,52,444,455,131
478: 432,408,72,486,55,290,131,190,66,473,135,402,98,317
479: 207,378,403,407,255,0,85,204,428,50,260
480: 250,142,393,355,454
481: 82,466,375,50,365,422,246,110,278,188,484,255,372,316
482: 234,272,396,1,225,325,450,274,146
483: 24,348,96,172
484: 278,188,255,213,89,157,373,100,144,173,246,110,165,481
485: 3,202,159,337,44,117,283,330,279
486: 268,322,339,218,276,432,478,406,408,227,135,98
487: 171,193,313,314,17,335,277,243,78,11,352,219
488: 211,470,119
489: 223,311,436,309,22,498,209,415,163,334,492,36,258,125
490: 363,434,248,469,251,397,92,76,41,433,420,16
491: 134,40,357,167,183,99,127,451,493,417,399,58,304,198
492: 345,415,163,334,311,489,209,36,258,125,336,14
493: 99,127,239,451,417,153,9,358,399,200,421,58,357,491,167
494: 414,133,394,340,419,33,308,230,390,18,247
495: 126,179,277,343,313,243,1007,389,78,238,299
496: 347,180,457,147,445,151,265,361,376,284,393
497: 63,81,285,25,195,168,141,280,410,158
498: 32,209,426,321,311,309,489,36,258,125,136
499: 337,44,245,452,4,266,8,162,287,164,206
500: 696,937,704
501: 773
502: 916,511,921,648
503: 566,793,724
504: 532,802,748
505: 597,621,611,889
506: 732,848
507: 584
508: 619,976,866,891
509: 829,795,786
510: 741
511: 502,916,921,875,581
512: 957,735,768,556,558
513: 
514: 979,679,671
515: 577
516: 765,942,532
517: 848,681
518: 
519: 851,862
520: 729,677,621,611
521: 828
522: 529,610,744,958
523: 627,574
524: 934,808,903,598
525: 877,609
526: 673,800,675
527: 960,852,721
528: 688
529: 610,522,958
530: 877
531: 897,533,567,557,560,938
532: 504,546,882,942,516,802
533: 897,531,753,661,567
534: 747,596
535: 551,672,996
536: 765,942,738,565,764
537: 884,589,689
538: 962,665
539: 752,754
540: 757
541: 549,704,967,707
542: 605,986,574,993,734
543: 602,716
544: 
545: 947
546: 532,764,791,882,942
547: 557,787,807
548: 955
549: 704,876,541
550: 600
551: 535,672,871,883
552: 740,612,968
553: 841,577
554: 576
555: 708,601
556: 617,768,858,512,817
557: 567,531,547
558: 781,735,512
559: 563
560: 938,897,531,919
561: 820
562: 858,772,817
563: 559,964
564: 719
565: 738,536
566: 503,793,645
567: 557,690,661,531,533
568: 864
569: 838,583,662,901
570: 774,771,760,994
571: 650,592,940,908
572: 670
573: 
574: 627,523,605,542,734
575: 580
576: 554,811
577: 515,553
578: 911,727
579: 737
580: 893,784,977,575
581: 875,787,807,744,916,511
582: 
583: 569
584: 608,507,823
585: 923,887,647
586: 
587: 746,748,610
588: 667,909,794
589: 709,537
590: 988,693
591: 684,687
592: 571
593: 
594: 969
595: 659,899,868,928,910
596: 747,695,534
597: 505,637
598: 903,524,646
599: 
600: 550,649,990
601: 920,708,555
602: 543,716
603: 736,808
604: 923
605: 986,542,574,734
606: 869,899,879,917,797
607: 950
608: 584,653
609: 877,525
610: 529,748,587,522,958
611: 621,520,505
612: 702,968,552
613: 786
614: 742,615
615: 614
616: 810,693
617: 556,768,858,817
618: 835,890
619: 924,976,508,713,866
620: 760,994,717,771
621: 611,520,505
622: 792
623: 
624: 881
625: 770,823
626: 
627: 523,826,574
628: 979
629: 920,708,839
630: 
631: 766,975
632: 
633: 713,866,760,863
634: 788,796,930,762,673
635: 790
636: 890
637: 832,597
638: 
639: 
640: 873,651
641: 774
642: 894,972
643: 826,962
644: 796,930,982
645: 948,566
646: 598
647: 887,923,585,749
648: 502,916,914,952
649: 803,600
650: 571,940,769
651: 640
652: 662
653: 608
654: 956,869,924
655: 813
656: 941,967
657: 971,844
658: 767,853
659: 899,868,595,917
660: 850,767
661: 753,567,533
662: 569,838,901,652
663: 782,847
664: 990
665: 962,538
666: 771,970,774
667: 588,794
668: 912,832,758
669: 870,730
670: 572,715,836
671: 514,679
672: 551,535,883
673: 526,634,796,762,982
674: 751,828
675: 526,800,755
676: 857
677: 995,520
678: 
679: 979,514,671
680: 
681: 725,517
682: 825,799
683: 694
684: 687,591
685: 830
686: 778,824,814
687: 684,591
688: 528
689: 537
690: 726,567
691: 831,883,985
692: 
693: 590,988,616
694: 683
695: 747,596,911
696: 500,785
697: 
698: 828,720
699: 789,991
700: 
701: 737,755,906
702: 923,612,968
703: 
704: 549,541,500
705: 891,780
706: 929
707: 967,541,915,900
708: 819,555,601,920,629
709: 770,589
710: 946
711: 
712: 
713: 633,866,619,760
714: 819
715: 670,836
716: 602,543
717: 760,994,620
718: 
719: 564
720: 887,698,749,953
721: 852,960,527
722: 
723: 811
724: 996,503
725: 681
726: 730,690
727: 578,911
728: 918,855
729: 520
730: 669,726
731: 864
732: 506
733: 
734: 993,605,542,574
735: 957,512,558
736: 603
737: 701,579
738: 565,536
739: 
740: 552,884
741: 510
742: 614
743: 849,890,809
744: 958,522,581
745: 874,957
746: 587
747: 695,596,534
748: 504,610,587
749: 887,720,647
750: 859
751: 674
752: 907,539
753: 661,897,533
754: 539,896
755: 800,675,906,701
756: 56
757: 540
758: 804,912,668,846
759: 906,812
760: 994,620,717,713,633,570
761: 818
762: 634,673
763: 814
764: 925,791,882,536,546
765: 536,942,516,965
766: 631,843
767: 658,660
768: 874,617,556,957,512
769: 650
770: 625,709
771: 994,620,666,570,774
772: 562
773: 501
774: 570,641,771,994,666
775: 
776: 
777: 894,885
778: 686,946,824
779: 
780: 705
781: 558,854,986
782: 663
783: 991,789
784: 977,580
785: 696
786: 509,613
787: 875,581,807,916,547
788: 634,930,827
789: 903,699,783,991
790: 988,635
791: 882,983,764,546
792: 622
793: 566,503
794: 588,667
795: 829,509,832
796: 634,930,644,982,673
797: 606
798: 984,974
799: 682
800: 755,526,675,906
801: 
802: 872,504,532
803: 649,936
804: 758,998
805: 845,966
806: 925
807: 875,787,581,547
808: 603,934,524
809: 936,849,743,905
810: 616,954,876
811: 723,576
812: 759
813: 655
814: 763,686
815: 998
816: 973
817: 826,617,556,858,562
818: 761
819: 708,714
820: 561
821: 932
822: 865
823: 944,584,625
824: 861,686,778
825: 682
826: 817,643,627
827: 788
828: 698,521,674
829: 795,509,832
830: 685
831: 691,883
832: 637,829,795,668
833: 
834: 841,878,914
835: 618,974
836: 985,670,715
837: 
838: 569,662
839: 879,629,868
840: 898
841: 834,878,553
842: 
843: 766
844: 657,939
845: 805,919
846: 758,912,849
847: 663
848: 506,517
849: 743,912,846,809
850: 660
851: 519
852: 527,721
853: 658
854: 781,986
855: 944,728,918
856: 
857: 676
858: 562,617,556,817
859: 750
860: 
861: 824
862: 874,519
863: 633
864: 731,568
865: 905,822,936
866: 713,633,619,976,508
867: 
868: 659,899,595,910,920,839
869: 606,654,924
870: 987,669
871: 996,551
872: 992,987,802
873: 640
874: 768,862,745,957
875: 787,581,807,916,511
876: 549,954,810,937
877: 525,609,530
878: 841,834
879: 839,899,606
880: 981
881: 624
882: 791,764,546,532
883: 551,672,831,691
884: 537,740,978
885: 777
886: 
887: 720,647,585,749,953
888: 908
889: 505
890: 636,743,618
891: 705,508
892: 
893: 580,991
894: 777,642,972
895: 971
896: 754
897: 531,533,753,560
898: 840
899: 659,868,595,879,917,606
900: 999,707,941,933
901: 569,662
902: 
903: 789,524,598
904: 
905: 865,809,936
906: 759,800,755,701
907: 928,752
908: 888,940,571
909: 588
910: 928,920,868,595
911: 578,695,727
912: 668,758,846,849
913: 
914: 952,648,834
915: 707,999
916: 502,511,875,787,581,648
917: 659,899,606
918: 728,944,855
919: 845,560
920: 629,601,910,708,868
921: 502,511
922: 945
923: 585,604,702,647
924: 619,976,869,654
925: 806,764
926: 
927: 
928: 910,907,595
929: 706
930: 634,788,796,644,982
931: 
932: 821
933: 999,900,941
934: 524,808
935: 
936: 809,865,905,803
937: 876,500
938: 560,531
939: 844
940: 908,650,571
941: 656,900,933
942: 765,536,516,546,532
1007: 243,315,389,78,495,238,299
944: 823,918,855
945: 922
946: 710,778
947: 997,545
948: 84,645
949: 
950: 607
951: 963
952: 914,648
953: 887,720
954: 810,876
955: 548
956: 654
957: 735,512,745,768,874
958: 744,529,610,522
959: 
960: 527,721
961: 
962: 643,665,538
963: 978,951
964: 563
965: 765
966: 805
967: 707,541,656
968: 702,612,552
969: 594,197,139
970: 981,666
971: 657,895
972: 894,642
973: 816
974: 984,798,835
975: 631
976: 619,924,508,866
977: 784,580
978: 963,884
979: 514,679,628
980: 
981: 970,880
982: 644,796,930,673
983: 791,992
984: 974,798,989
985: 836,691
986: 605,542,781,854
987: 870,872
988: 590,693,790
989: 984
990: 664,600
991: 783,699,893,789
992: 872,983
993: 734,542
994: 760,620,717,771,570,774
995: 677
996: 871,724,535
997: 947
998: 815,804
999: 900,915,933