0: 188,165,342,85,428,50,479
1015: 
2: 803,286,680,649
3: 279,330,918,653,60,485,128,140,184
4: 587,841,553,194,145,245
5: 210,307,366,40,134,316
6: 514,728,740,555,454,361
7: 413,503,54,431,369,93,256
8: 499,266,464,878,83,162,337,452,287
9: 53,358,214,155,160,239,124,58,493
10: 303,440,392,59,411,473,218,227,251
11: 424,12,17,64,33,308,300
12: 424,49,11,17,175,131,300
13: 459,68,18,419,289,360,338,319,38
14: 342,435,242,270,100,492,334,165
15: 437,45,427,212,237,161,252,75
16: 102,457,445,151,385,57,349
17: 352,193,175,477,64,12,11
18: 438,419,340,390,289,230,414,459,68,13,360
19: 296,103,79,441,121,364,301
20: 310,228,301,79,447,309,156
21: 404,144,244,484,332,475,429,373,100
22: 223,436,429,338,319,309,297,475,38
23: 306,51,220,458,261
24: 348,430,383,731,356,772
25: 168,346,366,305,474,69,81
26: 422,305,304,198,316,365,173,375,372
27: 458,476,401,191,36,468,136
28: 362,418,988,853,132
29: 240,989,458,476,846,318,261,467
30: 51,220,401,607,196,374,32,468
31: 336,258,36,345,136,205,369,93
32: 498,191,321,468,47,196,30,401
33: 308,300,78,219,64,11,340,123
34: 221,38,77
35: 70,410,199,39,409,63,280,203,94
36: 498,191,468,27,258,31,136,205
37: 914,104,744,921,253,377,560,464
38: 332,297,34,221,459,13,77,319,22
39: 410,35,409,63
40: 417,491,134,357,210,5,304,316
41: 166,224,433,251,59,411,363,469
42: 386,645
43: 724,996,793,803,370,95
44: 117,206,202
45: 437,15,212,142,355,186,148,252,395
46: 353,323,238,281,87,840,368
47: 196,201,374,310,228,321,32
48: 431,369,334,85,242,241,232,264
49: 424,12,455,131,432,290,55,111
50: 82,428,407,188,0,85,207,479,403
51: 220,30,401,607,236,837,23
52: 455,432,276,339,408,406,190,72,290
53: 9,358,214,155,160,166,239,182,58,127
54: 467,84,205,93,7,503
55: 294,111,432,49,190,290,135,317
56: 320,295,545,176,814
57: 269,182,292,385,16,380,387,349,235
58: 183,170,9,53,358,160,182,292,127,493
59: 10,303,392,411,92,184,251,469,41
60: 202,485,322,3,128,140,184
61: 472,73,997,103,79,201,374
62: 253,377,560,875,442,464,83,439
63: 81,285,280,391,273,409,203,410,35,39
64: 78,219,487,193,17,11,33
65: 235,354,333,183,170,134,210,307
66: 478,402,303,473,166,214,155
67: 264,267,257,948,431,312,226
68: 459,13,77,390,18,419,108
69: 474,341,307,366,71,25
70: 410,35,199,203,115,94,288,405
71: 150,216,354,333,210,307,69,341,391
72: 190,227,290,52,408,406,440
73: 472,61,997,236,621,201,374,607
74: 686,837,295,814,236
75: 510,195,427,15,237,252
76: 363,490,469,122,324,92,251,248,855
77: 459,68,91,108,217,34,221,38
78: 219,64,487,1007,193,389,315,33
79: 19,103,472,61,228,20,301,201
80: 234,384,272,274,350,328,398,768
81: 63,285,280,474,341,168,25,158,497,141,203
82: 428,50,407,246,255,396,403
83: 326,162,439,62,377,442,8,464
84: 54,467,240,503
85: 342,242,232,0,48,50,204,479
86: 139,787,314,109,171,113,477,352,444
87: 712,655,856,293,238,281,46,840
88: 121,230,414,359,133,367,327,296
89: 278,157,110,144,244,173,399,198
1022: 565
91: 107,263,108,77,217,461,221
92: 140,184,251,122,324,392,59,469,76
93: 431,369,256,336,31,54,205,7,503
94: 115,288,398,203,70,35,149
95: 370,267,312,43
96: 609,645,172,471,858
97: 116,142,102,457,262,284,496,437
98: 190,227,135,473,478
99: 153,200,421,451,491,493,167,399
100: 373,415,270,21,484,157,213,165,14
101: 298,113,477,254,175,455,131
102: 457,16,262,445,387,349,284,97
103: 296,19,79,441,472,61
104: 37,914,253,377,266,464,878
105: 359,368,133,323,394,247
106: 128,423,918,185,823,625
107: 263,123,91,108,300,390,294,177
108: 107,123,91,390,459,68,77
109: 314,313,171,533,425,277,302,139,86
110: 278,157,89,173,198,246,375
111: 294,55,177,424,49,300
112: 519,660,470,617,767
113: 298,101,477,86,787,442,439,444
114: 145,653,577,553,499,452,117,485
115: 94,288,398,70,470,149,617,381,667
116: 142,355,97,262,671,347,496,437,819
117: 337,44,452,206,114,653,202,485
118: 840,208,769,129,368
119: 864,568,767
120: 450,146,331,482,412,348,430,443
121: 230,88,364,133,296,19,301
122: 128,423,324,92,140,184,855,76
123: 107,108,33,308,300,390,177
124: 451,282,239,402,344,9,155
125: 426,209,498,489,163,345,492,258
126: 495,243,277,179,753,313,238
127: 417,134,493,53,358,58,183,170
128: 122,423,106,3,279,330,918,60,140
129: 359,368,118,208,367,327,329
130: 702,689,662,740
131: 455,432,101,175,424,12,49
132: 252,395,250,924,362,28,418
133: 359,105,247,367,438,121,230,88,414
134: 417,40,127,183,65,210,5
135: 190,227,290,98,55,478,402,344,317
136: 467,205,191,36,27,476,31
137: 405,850,288,667
138: 462,231,537,178,465,577
139: 86,787,533,302,109,171
140: 92,184,251,3,60,485,322,128,122,423
141: 158,497,168,81
142: 116,355,97,284,437,45,186,395
143: 457,265,445,679
144: 21,404,244,484,229,475,456,399,157,89
145: 114,653,245,577,4,553,465,330
146: 120,450,331,234,272,768,488,443
147: 979,601,770,152,154,884,944
148: 186,45,395
149: 768,470,617,274,115,94,398,381
150: 237,216,71,161,174,354,333
151: 192,445,385,152,434,265,420,16
152: 248,154,490,434,979,147,192,151
153: 200,421,99,215,446,451,282
154: 152,248,855,770,944,979,147,192
155: 9,53,214,66,478,402,344,239,124
156: 311,426,209,309,310,20,223,436
157: 278,89,110,144,244,484,100,213
158: 328,497,141,168,346,271,81,384
159: 486,218,408,406,206,268,202,322
160: 9,53,214,166,453,433,182,58
161: 237,150,387,174,333,15,212
162: 326,83,439,8,499,266,464,254,337,339,164,287
163: 489,345,492,223,209,125,415,270
164: 339,287,326,162,298,254,455,276
165: 213,188,0,270,100,278,342,14
166: 453,224,433,41,303,411,66,53,214,160
167: 173,399,357,200,99,491,304
168: 346,25,474,81,158,497,141
1031: 1008,233,231,537,507
170: 58,183,182,292,127,380,65,235
171: 314,109,313,302,139,86,352
172: 388,1023,471,858,731,356,96
173: 167,399,357,200,244,89,110,26,304,198
174: 380,387,349,235,333,212,150,161
175: 352,17,101,477,455,131,12
176: 351,778,56,320,545,697
177: 294,111,424,300,107,263,123
178: 465,233,681,138,537
179: 753,343,277,655,495,126,238
180: 819,839,671,347
181: 425,259,302,197,845,533
182: 269,57,292,453,53,160,58,170
183: 58,170,417,134,127,65,235,210
184: 92,140,251,3,60,322,218,122,392,59
185: 612,823,625,507,552,106,448
186: 250,393,148,142,355,437,45,819,395
187: 383,449,412,260,388,226,356
188: 213,165,0,278,342,246,428,50
189: 215,344,317,294,263,461,282
190: 72,227,290,135,98,52,55,478
191: 498,321,32,36,468,426,27,258,136
192: 445,151,152,154,434,979,265
193: 352,17,314,78,64,487
194: 502,517,4,587,465,245
195: 273,510,75,237,216,341,391
196: 47,201,374,30,401,607,32,468
197: 335,845,259,181
198: 26,304,365,173,89,110,246,375
199: 70,410,35,405
200: 153,421,456,99,244,167,173,399
201: 47,196,374,79,73,61,228
202: 60,485,322,653,44,117,206,268,218,159
203: 328,497,81,63,280,70,35,94,398
204: 207,479,85,232,264,257,260
205: 54,467,136,36,336,31,93
206: 337,44,452,117,268,287,202,159
207: 204,479,50,407,257,378,449,260
208: 222,769,118,129,368,329
209: 311,426,156,125,310,223,436,415,163
210: 5,307,183,40,134,65,354,333,71
211: 483,772,687,348
212: 437,45,15,387,174,284,161
213: 188,165,484,100,278,157
214: 9,53,155,160,303,66,166
215: 189,344,446,461,282,153,421
216: 237,150,71,341,195,391
217: 446,461,229,91,77,332,221
218: 408,159,202,322,184,10,440,392
219: 78,64,494,315,33,308,340
220: 51,30,401,23,468,458,261
221: 332,297,34,38,91,459,77,217,229
222: 208,291,769,950,327,329,249
223: 22,436,429,311,209,156,373,415,163
224: 166,453,433,41,411
225: 403,378,325,482,407,396,412,450,331
226: 388,1023,267,67,257,449,187,260
227: 190,72,135,98,408,10,440,473,478
228: 310,20,301,79,47,201
229: 446,217,332,221,421,456,404,144
230: 289,121,88,364,414,133,18,360
231: 462,138,537,1031,918,823,507
232: 85,242,48,431,204,479,264,257
233: 848,681,178,1008,1031,537
234: 272,80,274,450,146,768,488
235: 65,333,57,292,183,170,380,174
236: 621,295,73,74,837,51,607
237: 150,216,161,427,15,75,195
238: 353,281,46,179,87,655,495,126,389
239: 451,282,124,9,53,358,155,493
240: 29,989,318,467,84
241: 242,345,334,336,48,369
242: 342,85,435,241,14,232,334,48,369
243: 495,126,277,314,313,487,1007
244: 21,144,484,200,456,173,399,157,89
245: 145,577,194,4,587,553,465
246: 481,375,255,278,110,188,198,82,428
247: 494,394,359,133,105,438,414
248: 152,855,154,324,490,434,76
249: 327,329,441,222,950
250: 186,393,416,395,132,924,418
251: 92,140,184,10,392,59,411,469,76,41
252: 395,132,45,15,75
253: 62,377,560,875,938,921,37,914,104,744
254: 298,101,326,162,439,339,164,455,276
255: 481,246,375,82,428,396,403
256: 431,369,93,7,413,503,264,948
257: 264,67,232,207,204,260,226
258: 336,31,125,498,191,36,345
259: 425,181,302,335,197,935
260: 449,187,207,204,257,388,226
261: 318,936,220,23,458,476,846,29
262: 102,457,376,679,671,496,116,97
263: 107,91,294,177,189,317,461
264: 67,257,948,232,48,431,256,204
265: 979,192,445,151,679,143,457
266: 8,499,464,878,104,377,841,553,162,337
267: 67,948,312,226,1023,370,95
268: 339,287,337,206,202,486,408,406,159
269: 182,57,292,420,453,433,385
270: 373,415,100,163,492,334,165,14
271: 372,350,466,481,346,158,384
272: 234,384,80,350,325,482,450,146
273: 510,409,195,63,285,391,275
274: 234,80,328,398,768,149,617
275: 400,273,409,988,410
276: 52,455,432,254,339,164,406
277: 425,302,179,753,109,313,243,126
278: 157,89,110,213,188,165,246,428
279: 3,330,918,577,462,485,128
280: 81,63,285,497,203,35
281: 353,238,46,87,655,840
282: 451,239,124,189,215,344,153
1019: 546,1009
284: 387,349,102,142,97,437,212
285: 81,63,280,391,474,341,273,409
286: 803,2,379,996
287: 339,164,268,8,162,337,452,206,406
288: 115,94,70,405,137,381,667
289: 230,364,414,438,18,13,360
290: 190,72,135,52,432,49,55
291: 222,769,934,812,950
292: 269,182,57,58,170,380,235
293: 856,650,87,712
294: 55,111,177,107,263,189,317
295: 56,320,814,236,621,74
296: 19,103,367,327,441,121,88
297: 332,475,221,38,319,22,429,404,373
298: 113,101,477,254,442,326,439,164,455
299: 389,394,353,323
300: 33,308,390,424,12,11,111,177,107,123
301: 228,20,121,364,19,79,447,309
302: 425,259,181,277,533,139,109,171
303: 10,440,59,411,473,66,478,166,214
304: 26,198,316,40,167,173,357
305: 422,26,316,365,366,346,25,372
306: 23,842,936
307: 210,5,366,65,354,71,69,341
308: 33,300,390,219,11,419,340,123
309: 360,447,338,310,20,301,22,436,156
310: 228,20,309,47,426,209,156,321
311: 209,156,223,436
312: 379,413,267,67,948,370,95
313: 314,109,171,425,277,243,126,487
314: 109,313,171,86,243,352,193,487
315: 494,389,394,78,219,487,1007,340
316: 305,26,304,40,357,5,366
317: 189,344,135,294,55,263,402
318: 261,936,846,240,29,989
319: 360,447,338,459,13,297,38,22
320: 56,295,176,814,697
321: 498,191,32,468,310,47,426
322: 60,202,485,218,408,159,140,184,392
323: 353,46,840,389,394,299,368,105
324: 122,423,625,92,248,855,490,76
325: 225,403,482,481,350,466,396,272,331
326: 83,162,439,298,254,164
327: 367,329,249,441,222,129,88,296
328: 158,497,203,384,80,274,398
329: 367,327,249,208,222,769,129
330: 3,279,918,145,653,577,462,485,128
331: 120,450,146,225,378,325,482,412,348,430
332: 297,475,221,38,217,229,21,404
333: 65,235,354,380,174,210,150,71,161
334: 345,492,270,336,342,435,242,241,14,48
335: 547,197,935,259
336: 258,31,345,334,205,241,369,93
337: 452,117,206,8,499,266,162,268,287
338: 360,447,319,309,13,22,436
339: 164,268,287,162,254,52,276,406
340: 438,18,419,219,494,315,33,308,390
341: 474,69,307,216,71,195,81,285,391
342: 85,435,242,14,334,188,165,0,479
343: 179,753,712,655
344: 189,215,317,135,402,155,282,124
345: 489,163,492,334,125,336,258,31,241
346: 168,25,422,305,365,372,271,158
347: 671,496,116,355,819,839,180
348: 430,24,120,331,443,211,772,687
349: 380,387,174,284,385,57,102,457,16
350: 466,271,325,482,384,272,80,450
351: 778,176,697
352: 193,17,175,444,86,314,171,477,487
353: 323,238,281,46,495,1007,389,394,299
354: 65,333,210,307,150,71
355: 116,142,347,496,45,819,186,393
356: 731,383,187,388,172,430,24
357: 167,173,417,491,40,304,316
358: 9,53,239,58,417,127,493
359: 129,368,133,105,247,367,88
360: 447,338,319,309,18,289,230,364,13
361: 454,6,514,555
362: 28,418,988,853,747,132,693
363: 490,434,469,76,433,41,420
364: 289,121,230,19,360,447,301
365: 422,305,26,198,481,375,346,372
366: 5,307,305,316,69,25
367: 327,329,129,359,133,88,296
368: 129,359,105,323,46,118,208
369: 48,431,93,256,336,31,242,241,7
370: 471,95,267,312,1023,43
1020: 
372: 466,271,422,305,26,365,481,375,346
373: 415,270,100,297,475,223,429,21,404,484
374: 47,196,201,73,61,30,607
375: 481,246,255,110,26,198,365,372,396
376: 679,555,457,262,671,496
377: 253,62,560,37,104,266,464,83
378: 225,403,407,207,449,412,331
379: 312,413,503,948,286
380: 387,174,349,57,292,170,235,333
381: 667,115,288,470,149,519,660
1016: 647
383: 449,412,187,430,24,356
384: 272,80,350,466,271,158,328
385: 445,151,434,269,57,420,16,349
386: 42
387: 380,174,349,284,57,102,437,212,161
388: 226,1023,172,187,260,356
389: 494,394,299,315,495,353,323,238,78,1007
390: 308,300,18,419,340,107,123,108,68
391: 63,285,216,71,474,341,273,510,195
392: 10,440,59,411,322,218,92,184,251
393: 250,186,416,355,819,839,395,924
394: 494,389,247,299,315,353,323,105
395: 252,132,142,45,250,186,393,148,418
396: 466,481,375,255,82,225,403,325
1014: 802
398: 115,94,328,497,203,80,274,149
399: 167,173,200,456,99,144,244,89
400: 275,988,853
401: 51,220,30,607,196,32,468,27,458
402: 66,478,135,344,317,155,124
403: 225,378,325,482,255,82,50,407,396
404: 21,144,229,332,297,475,456,373
405: 137,850,70,199,288
406: 486,408,159,339,268,287,52,276,72
407: 82,50,207,479,225,403,378,449
408: 486,218,406,159,268,52,322,72,227,440
409: 273,510,63,285,275,410,35,39
410: 70,35,199,39,409,63,275
411: 10,303,392,59,473,251,469,166,224,433,41
412: 383,449,187,225,378,120,331,430
413: 7,503,256,948,379,312
414: 289,230,88,247,133,438,18
415: 373,270,100,223,429,209,163,492
416: 250,393,819,839,590,924
417: 491,40,134,127,493,358,183,357
418: 362,28,747,250,395,132,924
419: 438,18,340,308,390,68,13
420: 269,363,434,453,433,151,385
421: 153,200,456,99,215,446,229
422: 305,26,365,346,372
423: 128,122,324,106,918,625,140,855
424: 12,49,11,131,300,111,177
425: 259,181,277,302,533,753,109,313
426: 209,156,125,310,498,191,321
427: 15,237,75
428: 82,50,278,188,0,246,255
429: 223,22,436,297,475,21,373,415
430: 348,24,383,412,120,331,356,772
431: 48,369,93,256,232,7,264,67,948
432: 52,455,131,276,49,290,55
433: 166,453,224,41,411,363,434,469,160,269,420
434: 363,490,152,248,433,192,151,385,420
435: 342,242,14,334
436: 223,22,429,338,309,311,209,156
437: 45,15,212,387,284,116,142,97,186
438: 18,419,340,494,247,133,289,414
439: 326,83,162,62,787,442,298,113,254
440: 10,303,392,473,218,408,72,227
441: 327,249,296,19,103,472,997
442: 787,62,560,875,83,439,298,113
443: 568,488,120,450,146,348,772,687
444: 352,86,113,477
445: 192,151,385,265,679,102,143,457,16
446: 217,461,229,215,153,421
447: 360,338,319,309,364,20,301
448: 770,463,185,625,552,855,944
449: 383,412,187,260,407,207,378,226
450: 120,146,331,350,225,482,234,272,443
451: 282,239,124,153,99,491,493
452: 337,117,206,553,8,499,114,653,287
453: 166,224,433,160,269,182,420
454: 361,6,514,868
455: 52,131,432,276,298,101,254,175,164,49
456: 200,421,229,404,144,244,399
457: 102,143,16,262,265,445,376,679,349,97
458: 27,476,846,220,401,23,468,261,29
459: 68,13,77,18,108,319,221,38
1034: 940,977,789,888
461: 446,217,263,91,189,215
462: 231,138,537,577,279,330,918,823
463: 448,770,552
464: 8,499,266,37,104,62,377,83,162
465: 178,517,194,502,681,145,245,138
466: 372,350,271,396,481,325,384
467: 54,84,136,205,476,240,29
468: 191,321,32,36,196,220,30,401,27,458
469: 363,490,76,92,251,59,411,433,41
470: 149,617,115,381,112,519,660
471: 370,1023,172,858,609,96
472: 73,61,997,441,1026,103,79
473: 10,303,440,411,227,98,66,478
474: 69,341,168,25,81,285,391
475: 332,297,22,429,21,404,144,373
476: 27,458,846,261,467,136,29
477: 298,113,101,86,352,17,175,444
478: 66,402,190,227,135,98,303,473,155
479: 207,204,0,342,85,232,50,407
480: 949,606,891
481: 246,375,255,365,372,466,271,396,325
482: 225,403,325,350,272,120,450,331
483: 211,772
484: 21,144,244,373,100,157,213
485: 60,202,322,114,653,117,3,279,330,140
486: 408,406,159,268
487: 78,64,1007,314,313,495,243,352,193,315
488: 568,443,767,234,146,768,617
489: 163,345,492,125
490: 363,434,469,76,324,152,248
491: 417,40,493,451,99,167,357
492: 489,163,345,334,125,415,270,14
493: 417,491,127,9,358,451,239,99,58
494: 389,394,247,315,219,438,340
495: 243,126,179,353,238,487,1007,389
496: 671,347,376,555,262,116,355,97
497: 158,328,141,203,168,81,280,398
498: 191,321,32,36,426,125,258
499: 8,266,464,878,841,553,162,114,337,452
500: 874,876
501: 
502: 194,834,833,517,587,465
503: 7,413,54,84,93,256,379
504: 516,730,945,738,522
505: 
506: 
507: 612,185,823,1031,231,584
508: 902,570,705
509: 835,818,990
510: 273,75,409,195,391
511: 872,730,648,529
512: 864
513: 
514: 6,728,953,740,454,361
515: 732,973
516: 504,730,945,872
517: 194,502,1013,681,465
518: 951,830
519: 112,660,470,381,667
520: 597,861,815
521: 792
522: 559,738,504
523: 716,538
524: 646,940,800,789,1030
525: 
526: 824,579,737
527: 960
528: 
529: 648,730,872,511
530: 556,877
531: 
532: 992,983,1018
533: 425,181,302,139,109
534: 780
535: 638,793,609
536: 802,546
537: 462,231,138,233,178,1031
538: 523,716
539: 910
540: 696
541: 909,874,745,999,707
542: 
543: 826,794
544: 
545: 56,176,1026
546: 1019,1009,536
547: 335,813
548: 752,880
549: 639
550: 761,593,798
551: 905,600
552: 612,185,801,448,463
553: 4,841,499,266,878,145,114,245,452
554: 903,650
555: 376,6,361,671,496
556: 530,877
557: 919,744,875,938
558: 1010,602,716
559: 522,738,960
560: 253,62,377,875,938,37,744,442
561: 
1033: 774,654
563: 676,585,700,931,721
564: 847,670
565: 1022,732,852
566: 672,803,984,724,996,638
567: 748,919
568: 488,443,767,687,119
569: 
570: 508,902
571: 934,903,898
572: 
573: 721
574: 734,773,794
575: 788,827
576: 582
577: 145,114,653,245,462,138,279,330
578: 1028
579: 824,526
580: 930,796,991
581: 594,921,916,610,914
582: 576
583: 749
584: 801,978,1008,612,507
585: 563,676,700,725
586: 886
587: 4,841,833,194,502,245
588: 854,627
999: 745,957,1032,541
590: 596,416,924
591: 734,643,913,826
1026: 545,472,997,621
593: 761,550,1012
594: 581
595: 917,907
596: 590,628,891
597: 520
598: 977,808,783,736
599: 831
600: 984,551
601: 979,147,884,689,944,728
602: 1010,558
1030: 940,646,524
604: 709,674,923
605: 684,915
606: 956,480
607: 51,30,401,73,236,621,196,374
608: 964,709
609: 645,96,471,793,535
610: 916,581,833
611: 
612: 185,823,625,507,552,584,801
613: 618
614: 616
615: 937
616: 614
617: 768,470,149,274,115,488,112
618: 890,613
619: 
620: 
621: 236,1026,295,73,997,607
622: 
623: 
624: 626,703
625: 612,185,823,423,324,106,448,770,855
626: 624,703
627: 588
628: 708,839,596
629: 963
630: 964,709
631: 
1025: 834
633: 970
1013: 848,681,517
635: 862
636: 804,809
637: 
638: 724,793,672,566,535
639: 779,549,785
640: 651
641: 863
642: 
643: 826,591
644: 
645: 609,96,858,42
646: 524,675,1030
647: 1016,920,887,662
648: 529,511,952
649: 929,680,2
650: 554,903,898,293
651: 640
652: 708,868
653: 145,114,577,452,117,3,330,202,485
654: 1033
655: 87,712,179,753,343,238,281
656: 967,810
657: 972
658: 
659: 976
660: 112,519,470,381,667
661: 718,958
662: 953,740,647,130
663: 691,932,820,670
664: 
1028: 578
666: 
667: 381,115,288,137,519,660
668: 
669: 
670: 820,691,663,564,971
671: 347,496,376,555,262,116,180
672: 566,724,996,638
673: 
674: 923,604
675: 646,701,755
676: 563,585,700
677: 
678: 756
679: 376,979,265,445,143,457,262
680: 649,2
681: 848,233,1013,517,178,465
682: 
683: 
684: 877,605,915,817
685: 843
686: 74,837,763
687: 211,772,348,568,443
688: 885
689: 702,884,130,601,740,728
690: 952
691: 663,820,670,971
692: 799
693: 362,853,747
694: 
695: 949
696: 540
697: 351,176,320
698: 751
1017: 
700: 563,676,585,721
701: 906,755,800,675
702: 884,689,944,130,740
703: 624,626
704: 
705: 970,508
706: 804,936,809
707: 876,541,909
708: 868,652,839,628
709: 964,608,630,604
710: 947,908
711: 
712: 87,655,343,293
713: 949,869,742
1024: 745
715: 777
716: 523,558,538
717: 
718: 661
719: 820
720: 
721: 573,931,563,700
722: 805
723: 733
724: 996,43,638,793,672,566
725: 585
726: 
727: 1027
728: 6,514,884,689,601,740
729: 
730: 504,516,872,511,529
731: 858,356,172,24
732: 515,565,852
733: 723
734: 591,574,913,773
735: 1029,957
736: 783,598
737: 526,824
738: 504,559,522
739: 
740: 662,953,130,702,689,6,514,728
741: 954,742
742: 954,741,869,713
743: 832,849
744: 37,914,921,557,253,560,938
745: 999,957,874,541,909,1024
746: 973
747: 362,418,853,954,693
748: 567
749: 583
750: 808,783,859
751: 698,923
752: 548,880
753: 179,343,935,425,277,655,126
754: 797
755: 701,906,675
756: 678
757: 
758: 
1029: 735,957
760: 904
761: 593,798,550
762: 991,906
763: 686
1023: 388,226,172,267,471,370
1011: 1021,801,978,968,901
766: 
767: 568,488,112,119
768: 149,617,234,80,274,146,488
769: 208,222,291,934,118,329
770: 448,463,625,855,154,884,944,147
771: 780
772: 483,211,687,348,430,24,443
773: 574,734
774: 1033
775: 922,925
776: 
777: 715
778: 351,176
779: 639,785
780: 771,534
1009: 1019,546,816
782: 
783: 750,859,598,736
784: 788
785: 639,779
786: 849
787: 139,86,442,875,439,113
788: 827,575,784
789: 800,888,940,1034,524
1008: 1031,233,584
791: 806
792: 521
793: 724,43,638,609,535
794: 574,543
795: 
796: 930,580,888
797: 754
798: 761,550
799: 692
800: 789,888,524,701
801: 584,978,1011,612,552
802: 536,1014
803: 286,2,996,43,566
804: 706,636,809
805: 813,722
806: 791,992
1021: 1011,830,901
808: 750,598
809: 929,706,804,636
810: 980,656,900
811: 
812: 950,291
813: 935,805,547
814: 56,320,295,74
815: 842,861,520
816: 1009,945
817: 684,915
818: 835,509
819: 839,180,347,116,355,186,393,416
820: 670,719,691,663
821: 867
822: 829
823: 612,185,625,507,462,231,918,106
824: 579,526,737
825: 881
826: 643,591,543
827: 788,575
828: 838
829: 822
830: 518,1021
831: 599
832: 743
833: 834,610,502,587
834: 1025,833,502
835: 818,990,509
836: 
837: 74,686,236,51
838: 828,920
839: 819,180,347,708,393,416,628
840: 118,87,856,323,281,46
841: 4,587,553,499,266,878
842: 861,815,306
843: 685
844: 
845: 197,181
846: 458,476,318,261,29
847: 564
848: 233,1013,681
849: 786,743
850: 405,137
851: 
852: 565,732
853: 362,28,988,747,400,693
854: 588,941,926
855: 248,154,625,122,423,324,448,770,76
856: 898,293,87,840
1012: 593
858: 731,172,471,645,96
859: 750,783
860: 
861: 842,815,520
862: 959,635
863: 641
864: 119,512
865: 
1032: 999
867: 821
868: 708,652,454
869: 891,949,742,713
870: 1018
871: 
872: 511,516,730,529
873: 
874: 500,745,957,541
875: 253,62,560,938,557,787,442
876: 707,500,967
877: 684,530,556
878: 8,499,266,104,841,553
879: 956,976
880: 752,548
881: 825
882: 
883: 
884: 702,689,944,770,147,601,728
885: 688
886: 586
887: 920,647
888: 800,789,796,1034
889: 995
890: 618,974
891: 869,596,480,949
892: 937
893: 
894: 
895: 962
896: 
897: 
898: 856,650,903,571,934
899: 994
900: 810
901: 968,1021,1011
902: 508,570
903: 554,650,898,571
904: 760,981
905: 551
906: 701,755,762
907: 917,595
908: 710
909: 541,745,707
910: 539
911: 
998: 946
913: 591,734
914: 37,104,744,581,921,916,253
915: 605,684,817
916: 610,581,914
917: 907,595
918: 3,279,330,462,231,823,128,423,106
919: 567,557
920: 838,647,887
921: 581,37,914,744,253
922: 775
923: 674,604,751
924: 250,393,416,132,590,418
925: 775
926: 941,854
927: 
928: 
929: 809,989,649
930: 796,580
931: 721,563
932: 663
933: 
934: 571,898,291,769
935: 813,335,259,753
936: 318,261,306,706
937: 615,892
938: 253,560,875,557,744
939: 
940: 1034,789,1030,524
941: 926,854
1027: 727
1007: 78,487,495,243,353,389,315
944: 702,884,448,770,154,147,601
945: 816,504,516
946: 998
947: 710
948: 264,267,67,431,256,413,379,312
949: 480,869,891,695,713
950: 812,222,291,249
951: 518
952: 690,648
953: 662,740,514
954: 741,742,747
955: 
956: 879,976,606
957: 745,999,735,1029,874
958: 661
959: 862
960: 527,559
961: 
962: 895
963: 629
964: 608,709,630
965: 
966: 
967: 876,656
968: 901,1011
1018: 983,532,870
970: 633,705
971: 670,691
972: 657
973: 746,515
974: 890
975: 
976: 659,879,956
977: 598,1034
978: 584,801,1011
979: 147,265,601,152,154,192,679
980: 810
981: 904
982: 991
983: 992,532,1018
984: 600,566
985: 
986: 1010
987: 
988: 362,28,853,275,400
989: 240,29,318,929
990: 835,509
991: 762,580,982
992: 983,806,532
1010: 558,986,602
994: 899
995: 889
996: 724,43,803,286,672,566
997: 472,73,61,441,1026,621