0: 85,165,204,14,428,270,188,213,242,342,255,479,50
1: 82,466,403,407,50,331,482,396,325
2: 84,93,379,7,312,95,948
3: 202,159,485,283,330,138,279,60,140
4: 104,377,194,266,464,499,245,452,8
5: 210,307,354,366,134,40,357,167,183,304,422,316,26
6: 361,376,262,130,147
7: 379,369,413,2,84,93,312
8: 162,276,287,164,326,4,266,464,337,499,452,206
9: 53,358,214,166,155,66,124,282,344,127,239,417
10: 59,440,184,227,218,473,303,251,41,160,224,411,166
11: 12,352,175,477,193,314,17,444,455,300,219,64,49,424
12: 11,352,175,477,17,455,300,219,64,49,131,111,424,123
13: 459,38,297,319,34,18,68,438,108,447,360,289,436,338
14: 0,85,165,415,270,334,492,336,345,342
15: 45,116,148,252,97,437,161,212,427
16: 192,420,151,363,434,224,453,433,469,143,385,102
17: 487,193,315,78,11,12,352,219,64
18: 68,247,438,108,364,414,230,390,20,289,13
19: 103,441,296,121,156,20,201,301,79
20: 156,447,228,360,289,296,230,121,19,18,68,364,301
21: 373,100,332,144,475,38,22,404,157,429,415,270,213
22: 223,311,436,338,475,38,297,319,21,429,415,163,489
23: 29,220,27,458,401
24: 120,146,348,443,119,96,483
25: 81,69,285,497,307,474,366,305,316,168,346,141
26: 372,305,316,134,40,304,365,422,307,5,366
27: 468,458,191,220,23,31,54,318,467,261,476
28: 391,400,362,273,75,395,418,132,341
29: 220,23,261
30: 51,374,236,73,196,401
31: 54,205,318,467,27,191,321,48,125,136,241,413
32: 498,209,426,310,47,374,468,196,321,125
33: 308,300,219,64,315,78,394,299,494,419,340,390
34: 13,475,459,38,297,319,77,108,91,461,221,229,404,456,332
35: 80,328,203,199,410,70,288,381
36: 258,48,125,136,336,345,311,498,209,426,163,334,492,489
37: 197,377,253,464
38: 13,475,459,297,319,34,91,229,22,404,21,332,144,429
39: 199,280,341,410,409,63,391,400,70
40: 134,357,491,167,183,99,304,198,422,210,5,26
41: 160,224,453,411,433,469,10,59,440,184,303,251,166
42: 388,471,187,386
43: 264,388,370
44: 337,499,245,452,117,283,202,159,485,206
45: 15,116,148,186,252,97,437,355,142,427,416
46: 353,323,368,281,293,129,367
47: 73,201,310,301,228,374,309,498,32,426,196
48: 36,258,125,136,336,345,31,205,318,241,435
49: 55,294,290,131,111,424,455,11,12,175,300,72
50: 403,407,479,188,0,204,428,481,82,255,1
51: 30,236,61,472,56,74
52: 101,298,254,455,276,477,486,432,406,408,72,131
53: 9,358,214,166,155,160,224,453,411,269,182,380,292
54: 31,205,318,467,468,27,191,136,476,413
55: 49,294,290,131,111,190,478,72,402,215,317,344,189,217
56: 472,351,320,756,51
57: 269,182,143,385,349,380,235,170,284,387,174,150,212
58: 380,170,65,292,358,214,127,493,417,134,357,491,183
59: 10,440,184,227,392,92,76,60,251,41,224,411,469
60: 92,140,3,202,268,322,392,279,59,440,184
61: 295,441,472,73,201,79,51,374,236
62: 302,86,113,439,442,83,253,326
63: 81,69,285,497,71,195,141,273,39,280,341
64: 33,308,300,219,17,78,11,12,352,175,424
65: 380,235,170,58,134,357,183,174,150,333,210,354
66: 473,135,402,124,303,478,98,227,282,317,344,9,166,155
67: 232,449,378,267,226,383,471,370
68: 18,247,438,108,364,447,20,360,289,13,459,297,319,338
69: 63,81,285,25,333,216,307,354,474,237,71,195
70: 137,405,39,199,409,35,275,288
71: 237,75,195,427,161,216,354,474,63,81,69,285,273
72: 432,478,406,408,52,455,49,55,290,131,190,135,402
73: 201,310,301,79,47,61,441,30,374,236,196
74: 756,51
75: 237,71,195,395,427,216,252,285,28,273,341
76: 92,128,140,59,184,397,490,248,251,469
77: 107,177,390,263,438,108,91,217,459,319,34
78: 243,1007,315,495,487,193,313,17,299,33,219,64
79: 73,201,301,19,61,103,295,441,156,236
80: 35,384,328,203,158,149,398,381,94
81: 63,69,285,497,25,474,366,71,346,141
82: 481,466,375,255,1,278,428,372,271,403,50,396
83: 266,253,464,62,113,439,162,164,326,298
84: 2,93,286,240,7,95,948
85: 0,165,204,14,428,270,345,435,242,342,479,260
86: 62,302,113,439,139,181,109,171,193,314
87: 343,281,371,293,353
88: 296,230,105,121,368,329,367,359,327,103
89: 278,188,484,213,110,404,157,399,244,100,144,365,198,173,246
90: 103,295,441,359,222,249,327
91: 461,217,221,229,77,263,446,459,38,319,34,456
92: 76,128,60,140,392,279,59,184,397,490,251
93: 2,84,286,318,467,240,7,413
94: 211,382,80,203,470,149,381,112
95: 2,84,264,312,948
96: 386,172,483,187,24,348
97: 284,437,387,143,347,457,355,45,15,116
98: 432,478,406,408,486,268,218,440,227,66,473,135,402,303
99: 127,239,451,493,417,399,200,244,421,40,491,167,198,173
100: 21,373,332,144,404,157,244,270,173,188,484,89,213,110
101: 298,52,254,444,455,439,326,352,175,477
102: 269,143,385,349,433,420,445,151,16,265,284
103: 19,90,441,327,88,296,121,79
104: 4,377,194
105: 88,296,230,121,368,329,367,414,133
106: 185,152,324,448
107: 77,123,177,390,263,308,247,438,108,459
108: 18,68,438,77,107,263,360,289,13,459,297,319,34
109: 259,335,425,139,181,86,171,313
110: 278,188,484,89,213,157,244,100,365,198,422,173,246,372,481
111: 49,55,294,290,131,424,12,300,123,177,189,217
112: 115,381,203,211,382,94
113: 62,302,86,439,181,442,83,314,298,444,352
114: 465,178,194,245,452,117
115: 288,381,112,382
116: 45,15,148,186,252,347,97,437,355,142
117: 44,245,452,114,178,283,330,159,485
118: 129,329,367,293,208,359,291
119: 24,443,470,274,488
120: 24,146,348,443,430,225,450,274,172
121: 88,296,230,105,414,19,103,364,156,447,20,289,301
122: 463,279,462,138,423,128,140,397
123: 107,177,390,263,12,308,300,419,111,424,438
124: 66,402,153,215,282,317,344,9,214,166,155,127,239
125: 36,258,48,136,336,498,32,209,426,191,321,492,489,31
126: 179,277,259,335,313
127: 99,239,451,493,417,124,153,282,9,358,214,155,58,491
128: 92,76,140,463,122,279,397,248
129: 118,329,367,281,293,208,46,368,359
130: 262,147,448,152,6
131: 49,55,290,111,190,52,455,12,175,477,432,478,72
132: 418,416,148,252,395,28,362,273
133: 414,494,419,340,323,394,368,367,230,105
134: 40,357,491,167,183,170,65,58,304,333,210,307,354,5,26
135: 66,473,402,303,486,432,478,408,72,98,190,227,317,344
136: 36,258,48,125,498,468,191,321,31,54,205,318
137: 70,405,275,288
138: 145,283,233,330,3,122,279,462
139: 181,442,969,109,425,302,86
140: 92,76,128,60,330,3,202,122,279,184
141: 168,346,474,305,63,81,285,497,25,384,158
142: 355,480,393,45,116,186,250
143: 269,385,349,57,102,151,16,265,457,496,97,284,387
144: 21,373,100,332,229,475,38,404,157,456,244,429,484,89,213
145: 231,283,233,330,138,178,279
146: 24,120,348,443,482,225,450,274,234
147: 262,130,448,192,445,361,6,376,496
148: 45,15,116,186,252,395,132,416
149: 470,274,398,234,80,384,203,94
150: 174,161,333,216,212,57,235,65,387,210,354,427
151: 192,420,445,16,265,363,434,143,385,102,457,496
152: 169,324,106,434,248,262,130,448,154
153: 215,282,344,189,446,124,461,221,127,239,451,493,200,456,421
154: 262,448,169,152,324,434,248,192,420
155: 9,53,214,166,66,473,402,124,303,344,411,127
156: 447,20,228,360,289,121,19,201,310,301,79,436
157: 404,399,200,456,244,21,100,332,144,173,484,89,110
158: 80,384,328,497,168,346,141,280,410
159: 3,202,485,337,499,44,117,287,206,322,339
160: 41,224,453,411,433,469,10,303,53,214,166,182
161: 174,150,333,216,212,354,15,237,71,427
162: 8,287,164,326,266,83,253,464,439,499,298,254
163: 429,415,270,334,492,489,475,223,311,22,338,209,36
164: 8,162,276,287,326,266,83,499,298,254,206,339,406
165: 0,85,204,14,428,373,415,270,334,188,484,213
166: 9,53,358,214,155,10,66,473,124,303,41,160,411
167: 134,40,357,491,99,451,493,399,200,304,365,198,173,5
168: 350,346,141,305,271,497,25,272,384,328,158,398
169: 152,324,397,434,248,154
170: 380,235,65,58,292,358,417,182,57,134,357,183
171: 487,193,313,314,181,335,109,86,352
172: 96,386,483,430,187,226,356,120,348
173: 304,365,198,246,99,157,399,200,244,100,167,484,89,110
174: 150,161,333,212,349,57,380,235,65,284,437,387
175: 11,12,352,477,101,455,64,49,290,131,424
176: 222,249,291
177: 77,107,123,390,263,294,111,424,189,217
178: 465,114,117,145,231,283
179: 126,277,495,371,343,238,243
180: 347,457,496,445,361,454,376,355,393
181: 139,335,109,425,302,86,113,171,314
182: 269,385,349,57,160,224,453,433,53,214,380,170,292
183: 134,40,357,491,417,235,170,65,58,292,333,210,5
184: 10,59,440,202,268,218,392,92,76,60,140,251,41
185: 106,423,463,324
186: 45,116,148,355,142,250,416
187: 226,356,430,42,471,96,386,172
188: 278,484,89,213,110,100,270,0,165,428,481,255,50
189: 153,215,282,317,344,446,55,294,290,111,190,177,263,461,217
190: 55,290,131,432,478,408,72,135,402,317,344,189
191: 468,27,458,321,125,136,31,54,318,476
192: 420,445,151,16,265,434,262,147,154,376
193: 487,171,313,314,17,86,78,11,352
194: 104,4,114,245,452
195: 237,71,75,395,63,69,285,391,273,280,341
196: 468,458,401,321,73,47,30,374,32
197: 37,969,442,253
198: 304,365,422,173,246,99,399,244,40,491,167,89,110
199: 39,280,410,409,35,328,70
200: 404,157,399,456,244,421,153,221,99,239,451,493,167,173
201: 73,310,301,79,47,19,61,156,228,374,426
202: 3,159,485,44,330,206,268,322,392,60,140,184
203: 35,80,384,328,410,149,381,112,94
204: 0,85,165,428,257,242,342,207,407,479,50,260
205: 31,54,318,467,48,136,336,241,431,369,413
206: 268,322,339,337,499,44,8,276,287,164,202,159
207: 378,403,407,479,331,204,257,242,449,260,383
208: 293,118,129,291
209: 498,32,426,310,223,311,436,309,163,492,489,36,125
210: 307,354,474,5,65,134,40,357,183,150,333,216
211: 382,488,94,470,112
212: 174,150,161,333,57,235,284,437,387,15,237,427
213: 278,188,484,89,110,21,373,100,144,270,0,165,428
214: 9,53,358,166,155,124,160,411,127,417,182,58,292
215: 153,282,317,344,189,446,55,294,402,124,461,217,239,421
216: 150,161,333,210,354,474,237,71,75,427,69,285
217: 91,461,221,55,294,111,77,177,263,215,189,446
218: 486,268,322,339,392,408,98,10,440,184,227,473
219: 33,308,300,64,487,17,315,78,11,12,340
220: 29,23,27,458,261,476
221: 91,461,217,229,153,446,34,404,200,456,421,332
222: 359,249,291,327,176,90
223: 311,436,309,22,338,360,475,297,209,429,415,163,489
224: 41,160,453,411,433,469,10,59,363,490,251,53,16,182,385
225: 430,325,450,412,331,482,356,120,146
226: 187,356,383,67,412,471,172
227: 10,59,440,486,268,218,392,408,98,66,473,135,303,411
228: 156,447,20,360,201,310,301,47,311,436,309,426
229: 91,461,221,475,459,38,319,34,404,456,421,332,144
230: 88,296,105,121,414,133,494,18,364,20,289
231: 145,283,233,178
232: 67,449,260,257,431,460,267,256
233: 145,231,330,138,462
234: 149,274,398,482,272,396,450,146,443
235: 380,170,65,292,269,57,183,387,174,150,333,212
236: 30,51,374,61,295,472,73,79
237: 71,75,195,395,427,161,333,216,212,252,69,285
238: 343,281,179,495,1007,389,353,323,299
239: 99,127,451,493,417,124,153,215,282,344,446,9,200,421
240: 306,261,476,467,84,93,286
241: 257,435,431,342,258,48,336,31,205,369,413,460
242: 257,435,431,342,0,85,204,207,260
243: 1007,315,389,78,335,179,277,495,487,313
244: 404,157,399,200,456,421,99,451,100,144,198,173,89,110
245: 499,44,452,117,4,194,465,114
246: 304,365,198,422,173,278,484,89,110,372,316,481,375,255
247: 18,68,438,364,308,414,494,419,107,390
248: 363,490,434,76,128,169,152,324,397,154,420
249: 222,176,90,295,351
250: 480,142,186,416
251: 363,490,92,76,10,59,440,184,41,224,469
252: 45,15,116,148,237,75,395,427,132
253: 83,464,197,37,442,377,62,302,439,162
254: 101,298,52,444,455,162,276,287,164,326,432,406
255: 481,82,375,246,278,188,484,0,428,403,479,50
256: 267,264,312,379,369,460,232,370
257: 241,435,242,431,204,369,460,207,232,449,260
258: 36,48,125,136,336,345,498,334,492,489,241,342
259: 335,109,425,126,277,313
260: 232,449,85,204,257,435,242,431,207,378,407,479
261: 240,306,476,27,29,220,467
262: 130,147,448,154,152,192,445,6,376
263: 77,107,123,177,294,438,108,189,91,461,217,459
264: 267,256,312,95,388,370,43
265: 192,445,151,143,349,102,376,347,457,496,284
266: 83,464,4,377,499,452,8,162,164
267: 256,264,312,460,67,232,471,370
268: 486,206,322,339,218,392,202,98,60,440,184,227
269: 182,143,385,349,57,102,453,433,53,380,235,292,387
270: 429,415,163,334,21,373,100,345,188,213,0,85,165,14
271: 372,305,316,481,82,466,375,168,350,346,396
272: 482,396,168,350,384,398,234
273: 28,391,362,71,75,195,395,63,132,341
274: 470,149,398,234,450,120,146,443,119
275: 400,409,70,137,405
276: 8,287,164,326,52,254,486,206,339,432,406
277: 126,179,495,259,335,487,313,243
278: 188,484,89,213,110,365,246,428,372,481,82,375,255
279: 122,462,145,330,138,3,92,128,60,140
280: 39,199,341,410,195,63,285,497,328,158
281: 87,343,238,293,46,353,129
282: 153,215,317,344,189,446,66,402,124,9,127,239,451,421
283: 145,231,330,138,178,44,117,3,485
284: 97,437,387,265,143,349,57,102,347,457,174,212
285: 63,81,69,497,25,216,474,237,71,75,195,141,280,341
286: 84,93,240,306
287: 8,162,276,164,326,337,499,254,159,206,322,339,406
288: 115,381,35,70,137
289: 156,447,20,360,414,230,121,18,68,108,364,13,436,338
290: 49,55,294,131,111,190,424,175,478,72,317,189
291: 359,222,208,118,176
292: 380,235,170,58,53,358,214,417,269,182,183
293: 208,87,281,46,353,118,129
294: 49,55,290,111,424,177,263,215,317,189,461,217
295: 61,90,441,249,472,351,79,236
296: 88,230,105,121,327,19,103,20
297: 13,475,459,38,319,34,68,108,360,223,22,338,332,429
298: 101,52,254,444,455,83,113,439,162,164,326,477
299: 353,323,394,495,238,1007,315,389,78,33,340
300: 33,308,219,64,11,12,419,49,111,424,123,390
301: 73,201,310,79,47,121,19,441,156,447,20,228
302: 62,86,113,439,139,181,442,253,314
303: 66,473,135,98,10,440,227,41,160,411,166,155
304: 365,198,422,173,246,399,134,40,491,167,5,372,316,26
305: 372,316,26,271,474,366,375,25,168,350,346,141
306: 240,261,476,286
307: 210,354,474,5,366,134,333,316,26,69,25
308: 33,300,219,64,494,419,340,424,107,123,390,247
309: 223,311,436,447,228,310,47,498,209,426,489
310: 73,201,301,47,156,447,228,311,436,309,498,32,209,426
311: 223,436,309,22,338,228,310,498,209,426,163,492,489,36
312: 267,256,264,379,7,460,2,95
313: 487,171,193,259,335,109,126,277,495,243,78
314: 487,171,193,181,302,86,113,439,444,11,352,477
315: 243,1007,389,78,17,394,299,33,219,340
316: 372,305,26,271,304,365,422,246,307,5,366,375,25,346
317: 215,282,344,189,446,478,55,294,290,190,66,135,402,124
318: 31,54,205,467,27,191,48,136,476,413,93
319: 13,475,459,38,297,34,77,68,108,360,91,229,22,338,332
320: 56,351,756
321: 468,196,191,498,32,426,125,136,31
322: 486,206,268,339,218,392,337,287,202,159,485,60
323: 46,353,394,299,368,238,389,367,133,340
324: 169,152,397,423,463,185,106,248,154
325: 225,450,412,1,403,407,331,482,396
326: 8,162,276,287,164,83,62,439,101,298,254,444
327: 359,222,329,367,88,296,90,103,441
328: 35,80,384,203,158,168,199,280,410,398
329: 118,129,367,368,359,327,88,105
330: 145,283,233,138,117,3,202,485,279,140
331: 207,378,403,407,1,225,325,412,383
332: 21,373,100,144,221,229,475,38,297,319,34,404,157,456,429
333: 174,150,161,216,212,235,65,134,183,210,307,354,237,69
334: 429,415,163,270,492,489,36,258,336,345,165,14,342
335: 259,109,425,181,126,277,487,171,313,243
336: 36,258,48,125,345,334,492,205,14,241,435,431,342
337: 499,44,452,8,287,159,485,206,322
338: 223,311,436,22,68,447,360,289,13,475,297,319,163
339: 486,206,268,322,218,392,276,287,164,159,406,408
340: 133,494,419,315,323,394,299,33,308,219
341: 39,280,409,75,195,63,285,28,391,400,273
342: 241,435,242,334,492,258,336,345,0,85,204,14
343: 87,281,238,179,495,371,389,353
344: 153,215,282,317,189,55,190,66,473,135,402,124,9,155,239
345: 36,258,48,336,415,270,334,492,489,85,14,435,342
346: 168,350,141,366,305,316,271,81,25,158
347: 180,457,496,265,454,376,97,284,355,393,116
348: 24,120,146,443,430,96,172,483
349: 269,182,143,385,57,102,265,380,284,387,174
350: 168,346,305,271,466,272,396,384,398
351: 472,56,249,320,295
352: 11,12,175,477,113,487,171,193,314,17,101,444,64
353: 46,323,299,87,343,281,238,293,389
354: 210,307,474,5,366,65,134,150,161,333,216,71,69
355: 480,142,393,347,180,457,97,45,116,186
356: 187,226,383,378,430,225,412,471,172
357: 134,40,491,167,183,358,493,417,170,65,58,210,5
358: 9,53,214,166,127,493,417,170,58,292,357
359: 222,291,327,118,129,329,88,90
360: 156,447,20,228,289,68,108,13,297,319,223,436,338
361: 6,454,376,147,445,180,496
362: 28,391,400,273,418,132
363: 490,434,248,251,224,433,469,420,151,16,385
364: 18,68,247,414,230,121,447,20,289
365: 304,198,422,173,246,399,167,278,89,110,372,316,26,481
366: 307,354,474,5,422,305,316,26,81,25,346
367: 118,129,329,46,323,368,327,133,88,105
368: 46,323,394,129,329,367,133,494,88,105
369: 379,7,413,460,205,257,241,435,431,256
370: 388,471,67,267,256,264,43
371: 179,87,343
372: 305,316,26,271,304,365,422,246,278,110,481,82,375
373: 21,100,332,144,475,429,415,270,484,213,165
374: 30,236,61,73,201,47,32,196,401
375: 481,82,466,255,422,246,278,372,305,316,271,396
376: 361,6,454,262,147,192,445,265,347,180,496
377: 104,4,37,266,253,464
378: 207,403,407,479,331,67,449,260,412,356,383
379: 7,369,413,460,431,2,256,312
380: 235,170,65,58,292,453,53,269,182,349,57,174
381: 288,115,112,35,80,203,382,94
382: 211,94,115,381,112
383: 226,356,207,378,331,67,449,412,471
384: 80,328,203,158,168,350,141,272,410,149,398
385: 269,182,143,349,57,102,363,224,453,433,151,16
386: 96,172,187,42
387: 97,284,437,269,143,349,57,235,174,150,212
388: 42,471,370,264,43
389: 243,1007,315,495,343,238,353,323,299
390: 77,107,123,177,33,308,300,494,419,18,247,438
391: 28,400,362,273,195,395,39,341,409
392: 268,322,339,218,202,92,60,59,440,184,227
393: 355,480,142,454,347,180
394: 323,299,368,315,33,133,494,419,340
395: 237,75,195,427,148,252,132,28,391,273
396: 482,272,271,82,466,375,1,350,325,234
397: 169,324,463,122,92,76,128,490,248
398: 149,274,234,168,350,482,272,80,384,328
399: 404,157,200,456,244,99,451,493,491,167,304,365,198,173,89
400: 28,391,362,39,341,409,275
401: 468,196,458,30,374,23
402: 66,473,135,124,478,408,72,98,55,190,215,282,317,344,155
403: 207,378,407,479,50,331,428,82,466,255,1,325
404: 157,399,200,456,244,421,221,229,38,34,21,100,332,144,89
405: 70,137,275
406: 432,478,408,72,98,276,287,164,52,254,486,339
407: 207,378,403,479,50,331,204,1,449,260,325,412
408: 432,478,406,72,98,52,486,339,218,190,227,473,135,402
409: 39,199,341,391,400,275,70
410: 39,199,280,497,35,384,328,203,158
411: 41,160,224,453,469,10,59,227,473,303,53,214,166,155
412: 430,225,325,450,378,407,331,226,356,383
413: 379,7,369,31,54,205,318,467,241,93
414: 133,494,419,230,105,121,18,247,364,289
415: 429,163,270,334,492,489,475,223,22,21,373,345,165,14
416: 418,132,45,148,186,250
417: 99,127,239,493,9,358,214,170,58,292,357,491,183
418: 132,416,28,362
419: 414,133,494,340,394,33,308,300,123,390,247
420: 192,445,151,16,363,490,434,248,433,154,102
421: 404,200,456,244,153,215,282,446,461,221,229,99,239,451
422: 304,365,198,246,40,110,5,366,372,316,26,481,375
423: 463,122,462,185,324
424: 49,294,290,111,11,12,175,308,300,64,123,177
425: 259,335,109,139,181
426: 498,32,209,228,201,310,47,311,309,321,36,125
427: 237,71,75,395,437,150,161,216,212,45,15,252
428: 0,85,165,204,278,188,484,213,82,255,403,479,50
429: 415,163,270,334,489,475,38,297,223,22,21,373,332,144
430: 225,450,412,187,356,120,348,172
431: 257,241,435,242,336,205,379,369,460,232,260
432: 478,406,408,72,98,276,52,254,455,486,131,190,135
433: 41,160,224,453,469,363,490,420,16,269,182,385,102
434: 363,490,248,169,152,154,192,420,151,16
435: 257,241,242,431,342,48,336,345,85,369,460,260
436: 223,311,309,22,338,156,447,228,360,289,310,13,209
437: 97,284,387,457,174,212,45,15,116,427
438: 18,68,247,108,77,107,123,390,263,13,459
439: 62,302,86,113,83,253,314,162,326,101,298,444
440: 10,59,184,227,268,218,392,98,60,473,303,251,41
441: 19,61,90,103,295,327,73,301,79
442: 139,197,253,62,302,113
443: 24,120,146,348,119,450,470,274,234,488
444: 101,298,254,455,113,439,314,326,11,352,477
445: 192,420,151,265,262,147,102,361,376,180,457,496
446: 153,215,282,317,189,91,461,217,221,239,451,456,421
447: 156,20,228,360,289,121,68,364,310,301,13,436,309,338
448: 262,130,147,154,106,152
449: 67,232,260,257,207,378,407,383
450: 430,225,325,412,482,274,234,120,146,443
451: 99,127,239,493,153,282,446,399,200,456,244,421,491,167
452: 337,499,44,245,117,4,194,266,114,8
453: 41,160,224,411,433,469,53,16,269,182,385,380
454: 361,376,347,180,393
455: 101,298,52,254,444,11,12,175,477,432,72,49,131
456: 404,157,399,200,244,421,153,446,91,461,221,229,34,451,332,144
457: 347,180,496,445,151,265,143,97,284,437,355
458: 468,27,196,191,401,220,23
459: 13,38,297,319,34,77,107,263,68,438,108,91,461,229
460: 379,369,257,241,435,431,232,267,256,312
461: 91,217,221,229,294,263,153,215,189,446,459,34,456,421
462: 463,122,279,233,138,423
463: 122,462,423,128,185,324,397
464: 266,83,253,37,4,377,8,162
465: 114,178,245
466: 481,82,375,1,271,403,350,396
467: 31,54,205,318,27,240,261,476,413,93
468: 27,196,458,191,401,321,32,136,54
469: 41,160,224,453,411,433,76,59,363,490,251,16
470: 149,274,443,119,211,488,94
471: 42,388,370,67,267,187,226,356,383
472: 56,351,61,295,51,236
473: 66,135,402,303,218,478,408,98,10,440,227,344,411,166,155
474: 210,307,354,366,216,305,71,81,69,285,25,141
475: 38,297,319,34,229,223,22,338,21,373,332,144,429,415,163
476: 240,306,261,27,191,220,54,318,467
477: 11,12,352,175,314,101,298,52,444,455,131
478: 432,406,408,72,98,486,55,290,131,190,66,473,135,402,317
479: 207,378,403,407,50,0,85,204,428,255,260
480: 355,142,393,250
481: 82,466,375,255,365,422,246,278,188,110,372,271,50
482: 272,396,1,225,325,450,398,234,146
483: 96,172,24,348
484: 278,188,89,213,110,157,373,100,144,173,246,165,428,255
485: 3,202,159,337,44,117,283,330,322
486: 268,322,339,218,276,52,432,478,406,408,98,227,135
487: 171,193,313,314,17,335,277,243,78,352,219
488: 211,470,443,119
489: 429,415,163,334,492,223,311,309,22,498,209,36,258,125,345
490: 363,434,248,251,92,76,397,224,433,469,420
491: 134,40,357,167,183,99,127,451,493,417,399,58,304,198
492: 415,163,334,489,311,209,36,258,125,336,345,14,342
493: 99,127,239,451,417,153,358,399,200,58,357,491,167
494: 414,133,419,340,394,368,33,308,230,390,247
495: 179,277,343,238,313,243,1007,389,78,299
496: 347,180,457,147,445,151,265,143,361,376
497: 63,81,285,25,168,141,280,410,158
498: 32,209,426,310,47,311,309,321,489,36,258,125,136
499: 337,44,245,452,4,266,8,162,287,164,159,206
500: 696,937,704
501: 773
502: 916,511,921,648
503: 793,566,724
504: 802,532,748
505: 889,611
506: 848,732
507: 577
508: 619,976,866,891
509: 829,795
510: 741
511: 502,916,921,744,875,581
512: 957,735,768,558
513: 
514: 671,979,679
515: 577
516: 532,942
517: 848,681
518: 
519: 851,862
520: 729,677
521: 828
522: 921,529,610,744,958
523: 627,574
524: 934,808,603
525: 609,877
526: 673,800
527: 960,721
528: 
529: 610,522,744,958
530: 877,913
531: 897,533,567,557,560,938
532: 546,516,882,942,504
533: 897,531,753,661,567
534: 747,596
535: 551,672,996
536: 764,738,565,765
537: 884,589,689
538: 962,665
539: 752
540: 757
541: 549,704,967,707
542: 605,986,574,993,734
543: 602,716
544: 927
545: 678,947
546: 532,764,791,882,942
547: 557,787,807,594
548: 955
549: 704,876,810,541
550: 600,990
551: 535,672,996,871,883
552: 740,612,968
553: 841
554: 
555: 708,601,920,629
556: 617,858,768,817
557: 567,531,547
558: 781,735,512
559: 563
560: 938,897,531,845
561: 820
562: 772,858,817
563: 559
564: 719
565: 738,536
566: 645,948,503
567: 557,690,531,533
568: 864,731
569: 838,583,662,901
570: 641,774,994,863
571: 940,908
572: 670
573: 
574: 627,523,605,542
575: 580,930
576: 811
577: 515,507
578: 695,727
579: 737
580: 893,784,977,575
581: 875,807,744,511
582: 
583: 569
584: 608,823
585: 923,647,887
586: 886
587: 746,748,610
588: 667,794,909
589: 709,537
590: 988,693
591: 684,687
592: 
593: 818,761
594: 969,547
595: 659,899,928,910,868
596: 747,695,534
597: 637
598: 903,646
599: 772
600: 550,649
601: 708,555
602: 543
603: 736,524,808
604: 923
605: 986,542,627,574
606: 869,899,879,917,797
607: 950,814
608: 584,653
609: 877,525
610: 529,748,587,522
611: 621,505
612: 709,702,968,552
613: 786
614: 742
615: 
616: 810
617: 556,858,768
618: 890
619: 924,976,713,508,866
620: 771,717,760,994
621: 611
622: 792
623: 
624: 881
625: 770
626: 
627: 523,605,574
628: 979
629: 920,708,819,555,839
630: 
631: 975
632: 
633: 866,713,760,863
634: 788,796,930,673,762
635: 790
636: 890
637: 597
638: 
639: 779
640: 873,651
641: 570,774
642: 894,972
643: 826,817,962
644: 930,796,982
645: 566,948,680
646: 940,650,598
647: 923,585,887,749
648: 502,916,914,952
649: 803,600
650: 646,940
651: 640
652: 662
653: 608
654: 956,869,924
655: 813
656: 941,785
657: 844,971
658: 767
659: 899,595,917
660: 850,767,745
661: 753,533
662: 652,569,838,901
663: 847
664: 990
665: 684,962,538
666: 771,970
667: 588,794
668: 912,832,758
669: 870,718,730
670: 572,836
671: 514,679
672: 551,535,883
673: 526,634,796,982
674: 751,828
675: 755,692,800,906
676: 857
677: 995,520
678: 545
679: 979,671,514
680: 645
681: 725,517
682: 799,825
683: 694
684: 687,591,665
685: 830
686: 778,824
687: 684,591
688: 
689: 537
690: 567
691: 831,883,985
692: 675
693: 590,988,790
694: 683
695: 747,596,578,911
696: 500,937,785
697: 
698: 828,720
699: 789,991
700: 
701: 737,755,906
702: 612,968
703: 861
704: 549,876,541,500,967
705: 891,780
706: 822,929
707: 967,541,900
708: 819,555,601,920,839,629
709: 612,770,589
710: 946
711: 
712: 
713: 619,717,760,866,633
714: 819
715: 836
716: 543
717: 797,713,620,760
718: 669
719: 564
720: 887,749,698,953
721: 960,527,852
722: 859
723: 811
724: 996,871,503
725: 681
726: 730
727: 578,911
728: 855,918
729: 520,873
730: 987,669,726
731: 864,568
732: 506
733: 
734: 542,993
735: 957,512,794,558
736: 603
737: 701,579
738: 565,536
739: 945
740: 552
741: 510
742: 614
743: 849,846,809
744: 958,529,522,511,581
745: 660,874,957
746: 587
747: 695,596,534
748: 504,610,587
749: 887,720,647,953
750: 859
751: 674,828
752: 907,539
753: 661,966,897,533
754: 896
755: 675,800,906,701
756: 320,56,74
757: 540
758: 804,912,668
759: 906,800,812
760: 994,717,713,620,633
761: 818,593
762: 634
763: 814
764: 536,925,791,882,546
765: 942,536,965
766: 843
767: 658,660
768: 862,617,556,957,512
769: 
770: 625,709
771: 970,620,994,666,774
772: 562,599
773: 501
774: 570,641,771,994
775: 
776: 
777: 894,885
778: 946,686,824
779: 639
780: 705,891
781: 558,854,986
782: 885
783: 991,903,789
784: 977,580
785: 696,656
786: 613
787: 875,807,547
788: 634,796,827,930
789: 903,699,783,991
790: 988,635,693
791: 882,764,546
792: 622
793: 503
794: 588,667,735
795: 829,509
796: 634,788,644,930,982,673
797: 717,606
798: 974,984
799: 825
800: 526,675,755,906,759
801: 
802: 504,872
803: 649,936
804: 758,998
805: 845,966
806: 925
807: 875,787,581,547
808: 934,524,603
809: 849,743,905,936
810: 616,954,549,876
811: 723,576
812: 759
813: 655
814: 763,607
815: 998
816: 965,973
817: 826,643,556,858,562
818: 761,593
819: 708,629,714
820: 561,885
821: 932
822: 706,865
823: 944,584
824: 861,778,686
825: 682,799
826: 643,817
827: 788
828: 521,698,751,674
829: 795,832,509
830: 685
831: 691,883,886
832: 829,668
833: 878,834
834: 878,914,833,841
835: 974
836: 985,670,715
837: 929
838: 569,662,901
839: 879,868,920,708,629
840: 898
841: 553,878,834
842: 
843: 766
844: 657,971
845: 805,897,560,919
846: 912,849,743,905
847: 663
848: 506,952,517
849: 743,912,846,905,809
850: 660
851: 519
852: 721
853: 
854: 781,986
855: 728,918
856: 
857: 676
858: 617,556,562,817
859: 722,750
860: 
861: 824,703
862: 768,874,519
863: 633,570
864: 731,568
865: 905,936,822
866: 633,619,976,713,508
867: 
868: 839,920,910,595
869: 606,654,924
870: 987,669
871: 996,724,551
872: 992,987,802
873: 640,729
874: 862,745,957
875: 787,581,807,916,511
876: 549,704,954,810,937
877: 530,609,525
878: 834,833,841
879: 839,899,606
880: 981
881: 995,624
882: 791,764,532,546
883: 551,672,831,691
884: 537,978
885: 782,777,820
886: 586,831
887: 720,749,585,647,953
888: 908
889: 505
890: 636,618
891: 705,780,508
892: 
893: 580,991
894: 642,777,972
895: 971
896: 754
897: 531,533,753,966,845,560
898: 840
899: 659,595,879,917,606
900: 999,707,941,933
901: 569,838,662
902: 
903: 789,783,598
904: 
905: 865,936,846,849,809
906: 759,800,675,755,701
907: 752
908: 888,940,571
909: 588
910: 920,928,595,868
911: 695,727
912: 668,758,846,849
913: 530
914: 952,648,834
915: 999
916: 502,511,875,648
917: 659,899,606
918: 944,855,728
919: 845
920: 910,708,555,839,868,629
921: 522,502,511
922: 945
923: 585,647,604
924: 619,976,869,654
925: 806,764
926: 
927: 544
928: 910,595
929: 837,706
930: 644,575,634,788,796
931: 
932: 821
933: 999,900,941
934: 524,808
935: 
936: 865,905,809,803
937: 876,696,500
938: 560,531
939: 844
940: 646,650,908,571
941: 656,999,900,933
942: 765,532,546,516,965
1007: 243,315,389,78,495,238,299
944: 823,918
945: 922,739
946: 778,710
947: 997,545
948: 645,566,2,84,95
949: 
950: 607
951: 963
952: 914,848,648
953: 887,720,749
954: 810,876
955: 548
956: 654
957: 735,512,768,874,745
958: 744,529,522
959: 
960: 527,721
961: 
962: 643,665,538
963: 978,951
964: 
965: 816,765,942
966: 753,897,805
967: 707,704,541
968: 702,612,552
969: 594,197,139
970: 771,981,666
971: 657,844,895
972: 642,894
973: 816
974: 798,835,984
975: 631
976: 619,924,508,866
977: 784,580
978: 963,884
979: 679,628,514
980: 
981: 970,880
982: 644,796,673
983: 
984: 989,798,974
985: 836,691
986: 605,542,781,854
987: 870,872,730
988: 590,693,790
989: 984
990: 664,550
991: 783,699,893,789
992: 872
993: 542,734
994: 760,771,620,570,774
995: 677,881
996: 871,724,551,535
997: 947
998: 815,804
999: 900,915,941,933