0: 85,165,204,242,428,213,14,270,334,345,188,255,260,342,479
1: 82,271,375,50,403,407,331,272,396,482,466,325
2: 7,84,93,379,413,369,431,286,256,95,312
3: 202,60,485,159,330,283,44,145,178,322,206,138,122,279,140,184
4: 114,245,452,337,104,194,464,377,8,162,266,499
5: 40,357,491,134,183,26,167,304,307,354,366,210
6: 361,130,147,448,192,445,376,180,496
7: 2,84,93,379,413,205,318,31,369,431,256,312
8: 162,266,326,499,164,287,253,464,377,83,4,452,337,298,254,276
9: 53,155,166,214,358,282,124,127,239,493,417,292,58
10: 59,440,218,227,251,98,184,92,76,41,224,469,411,303
11: 12,17,175,352,477,193,78,64,300,49,424
12: 11,17,175,477,64,300,308,49,290,131,123,424,111
13: 108,38,297,319,338,360,77,18,68,289,364,20,436
14: 163,270,334,489,345,415,213,336,188,0,85,165,204,242,428,342
15: 395,71,75,252,284,437,161,427,212,237,45,116,148
16: 102,151,265,269,385,490,160,469,433,453,363,420
17: 11,12,352,477,171,193,313,487,243,78,444,64,219,300
18: 68,289,364,414,438,419,494,77,247,390,20,13,108
19: 79,103,295,441,61,296,230,156,121,301
20: 156,447,121,18,68,289,364,13,297,338,360,436
21: 89,100,213,144,332,373,429,229,34,38,338,475,157,404,22,163,270,415,484
22: 163,270,334,489,415,38,338,360,475,223,311,436,21,373,429
23: 196,220,458,468,401,29,27
24: 120,483,348,443,172,119,146,96,488
25: 305,346,307,366,474,81,141,168,350
26: 167,422,304,5,40,307,366,305
27: 54,318,31,467,476,32,321,23,220,458,468,191,261,136,240
28: 391,273,362,400,195,418,132,341
29: 261,23,220,476
30: 74,374,236,401,61,51,73,196
31: 27,54,205,318,467,321,191,48,125,136,258,369,241,7,413
32: 47,209,309,498,426,321,196,458,468,191,125,136,27
33: 64,419,219,300,308,78,315,394,340,133,494,424,247,414
34: 108,38,297,319,338,475,91,461,221,459,229,456,404,21,144,332,429
35: 39,199,410,409,80,158,203,328,381,70,137,405,115,288
36: 492,125,136,336,258,223,311,209,498,163,334,489,345
37: 442,253,464,377,83,104,62,162
38: 13,108,34,297,319,338,360,475,91,459,229,404,21,144,332,429,22
39: 199,280,341,410,35,409,195,63,497,391,273,400,328,405
40: 5,357,491,417,99,134,26,167,198,304,307,210
41: 160,224,469,411,433,453,363,92,10,59,440,251,76,490,303
42: 388,43,187,226,471
43: 95,264,312,370,42,388
44: 114,245,117,452,337,499,287,178,3,485,159,283,322,206
45: 116,142,148,186,97,437,427,237,395,252,15
46: 368,394,238,299,323,353,281,343,118,129,367,133,105
47: 32,309,498,426,228,73,201,310,301,374,196,458
48: 492,125,136,336,258,54,205,318,31,342,369,431,435,241,413
49: 55,294,290,131,455,11,12,175,477,300,72,123,177,424,111
50: 1,82,375,278,188,481,255,204,428,207,403,407,479
51: 56,320,472,351,441,61,73,30,74,374,236
52: 478,406,408,432,72,326,164,101,298,254,455,276
53: 9,303,166,214,358,160,224,453,269,385,170,292,380,182,58
54: 27,205,318,31,467,476,321,220,468,191,48,125,136,258,240,413
55: 49,294,290,131,190,478,72,177,111,402,215,317,344,189
56: 51,320,472,351,441,61,74,236
57: 170,183,292,174,380,182,235,102,143,349,269,385,284,387,65,150,427,212
58: 134,170,183,292,380,182,235,9,53,166,214,358,127,417,357,491
59: 10,440,218,227,251,184,60,392,92,128,140,76,41,411
60: 3,202,485,159,330,283,392,268,322,138,92,122,128,279,140,59,440,184
61: 19,79,295,441,51,56,472,351,73,201,301,30,374,236
62: 314,86,113,302,181,37,442,253,464,83,162,326,439,444
63: 285,497,71,75,195,391,273,39,280,341,410
64: 33,219,300,308,487,243,78,315,11,12,17,424
65: 150,161,333,427,212,216,57,134,170,183,174,380,235,357,354,210
66: 473,135,402,227,282,344,303,155,214,124
67: 232,256,267,370,383,449,378,412,264,226,471,388
68: 18,289,364,414,438,77,107,247,263,390,20,459,13,108,297,319
69: 307,354,366,474,161,333,216,237,71,75,81,141,285,497
70: 137,275,405,199,410,35,409,203,328,381,288
71: 75,195,252,15,161,333,216,237,69,354,474,63,81,285
72: 52,478,408,432,455,175,49,55,290,131,190,135
73: 201,310,301,79,441,61,51,30,374,236,47,196
74: 30,374,236,51,56,472
75: 395,71,195,252,15,216,237,69,63,285,273
76: 248,490,397,434,92,128,140,10,59,251,184,41,469,363
77: 107,123,177,247,263,390,419,18,68,289,438,91,461,217,459,13,108,297,319
78: 243,1007,277,495,315,193,313,487,11,17,33,64,219,300
79: 19,90,103,295,441,61,296,472,73,201,301,236
80: 384,94,158,203,328,381,35,149,274,398,112
81: 141,285,497,216,69,307,354,366,474,25,346,71,168
82: 1,271,375,50,481,255,372,316,403,407,479,466
83: 37,442,253,464,62,113,302,8,162,266,326,164,101,298,439
84: 2,7,93,379,413,318,286,312
85: 0,165,204,242,428,14,270,334,345,492,336,257,342,435,241
86: 62,314,113,302,181,109,171,193,313,444,352
87: 281,371,343,293,353
88: 296,230,105,368,118,367,329,359,327,103,121
89: 21,100,213,144,332,373,229,157,173,456,244,399,404,198,365,278,110,246,484
90: 79,103,295,441,359,176,222,327,249,472,351
91: 461,217,221,421,446,459,229,77,263,108,34,38,297,319,456,404,332
92: 122,128,279,140,202,60,392,10,59,440,251,184,76,248,490,397,41
93: 2,7,84,413,205,318,467,240,306,286
94: 384,80,203,381,149,274,398,470,382,115,288,211,112
95: 43,264,312,2,379,256,267,370,388
96: 386,172,430,187,24,120,483,348
97: 284,437,387,143,265,347,355,457,427,45,116,142
98: 10,440,218,227,486,392,268,478,406,408,473,135
99: 157,173,200,244,399,127,239,451,493,40,491,167,198,304
100: 21,89,213,144,332,373,429,157,173,404,270,415,278,188,110,484
101: 298,439,254,444,455,83,314,113,326,352,477,52
102: 16,143,151,349,265,269,385,433,453,57,380,182,457,284,387
103: 19,79,90,295,441,329,359,222,327,88,296
104: 194,37,464,377,4,452,266
105: 88,230,46,368,323,118,129,367,329,133
106: 152,185,324,154,169,262,448
107: 77,123,177,424,247,263,390,111,419,294,68,438,189,461,217,459
108: 13,34,38,297,319,338,360,77,263,390,18,68,289,438,91,461,459
109: 171,193,313,425,259,335,314,86,181,277
110: 278,188,246,484,372,157,173,399,89,100,213,144,373,198,422,365
111: 107,123,177,424,247,390,12,175,300,308,49,55,294,290,131,189,217
112: 211,80,94,203,381,149,274,470,382,115,288
113: 62,314,86,302,181,442,253,83,326,101,298,439,444
114: 4,44,245,117,452,337,194,465
115: 382,288,35,94,203,381,137,211,112
116: 45,142,148,186,355,97,284,437,427,395,15
117: 114,44,245,452,337,465,178,485,159,283,206
118: 129,208,367,329,359,46,353,222,327,291,88,105
119: 149,274,398,470,146,24,443,211,488
120: 24,483,348,443,482,172,450,430,146,96
121: 156,20,88,296,230,19,364
122: 92,128,279,140,145,3,60,330,233,138,462,463,324,248,397
123: 77,107,177,424,247,263,390,111,12,419,300,308,49,294,438,217
124: 127,239,451,493,417,66,153,282,344,9,155,214,358
125: 492,36,48,136,336,258,311,32,209,309,498,426,321,191,54,31
126: 179,259,335,277,495
127: 124,239,451,493,417,282,9,358,99,200,58,491
128: 92,122,279,140,60,138,462,463,59,251,184,324,76,169,248,397
129: 118,208,367,329,359,281,343,293,46,353,291,105
130: 262,147,448,445,361,6,376
131: 49,55,294,290,190,455,12,175,477,478,432,72,111
132: 418,148,416,395,28,273,362
133: 340,494,315,46,368,394,299,323,33,105,414
134: 170,183,174,380,235,58,5,40,357,65,150,333,307,354,210
135: 66,473,402,486,478,408,432,72,190,227,98,344
136: 492,36,48,125,336,258,32,209,498,321,468,191,27,54,205,318,31,241
137: 70,405,35,115,288
138: 233,423,462,463,145,231,3,60,330,283,122,128,279,140
139: 425,197,442,62,86,302,181
140: 92,122,128,279,3,202,60,159,330,392,138,59,440,251,184,76,248,397
141: 81,285,497,69,366,474,25,346,168,280,158
142: 45,116,148,186,347,355,393,97,437,250,480
143: 102,151,349,265,269,385,57,174,380,457,97,284,387,212
144: 21,89,100,213,332,373,429,229,34,38,475,157,173,456,244,404,110,484
145: 231,178,3,330,283,233,138,462,122,279
146: 119,274,398,234,396,482,450,24,120,348,443
147: 262,130,448,152,154,192,420,445,6,376
148: 45,116,142,186,416,395,252,15,132
149: 119,274,398,470,384,80,94,203,381,211,112
150: 65,161,333,427,212,216,237,57,134,174,380,235,284,437,387,354,210
151: 16,102,143,265,269,385,433,453,363,420,445,457,496
152: 106,185,324,154,169,397,434,262,147,448,192,420
153: 215,282,317,344,189,461,221,421,446,124,239,451,493,200,456,244
154: 169,248,490,397,434,106,152,185,324,262,147,192,420
155: 9,303,166,214,358,66,473,402,282,344,124
156: 447,20,228,121,296,19,364,310
157: 99,173,200,456,244,399,404,221,421,229,21,89,100,144,332,198,365,110
158: 384,80,203,328,141,497,168,199,280,410,35
159: 3,202,60,485,330,283,44,117,337,287,392,268,339,322,206,279,140,184
160: 41,224,469,411,433,453,53,303,166,214,358,16,349,269,385,170,292,380,182
161: 65,150,333,427,212,216,237,174,437,69,354,71,252,15
162: 8,266,326,499,164,37,253,464,377,83,62,4,298,439
163: 14,22,270,334,489,345,415,475,223,311,21,213,373,429,36
164: 8,162,266,326,499,287,83,298,439,254,276,339,52,406
165: 0,85,204,428,213,373,14,270,334,415,278,188,255,484,479
166: 9,53,303,155,214,358,160,224,469,411,453,170,292,182,58
167: 26,198,422,304,365,493,99,173,200,399,5,40,491
168: 350,25,346,81,141,497,272,384,158
169: 154,248,490,397,434,463,128,106,152,185,324,262
170: 57,134,183,292,174,380,182,235,58,160,53,166,358,417,349,269,357,65
171: 109,193,313,487,335,314,86,181,277,444,17,352
172: 225,450,430,187,356,24,120,483,348,96,386
173: 99,157,200,456,244,399,404,89,100,144,167,198,365,110,246,484
174: 57,134,170,183,380,235,143,349,269,284,387,65,150,161,333,427,212
175: 11,12,352,477,455,300,72,49,290,131,111
176: 222,327,291,249,90,295,351
177: 77,107,123,424,247,263,390,111,49,55,294,290,189,461,217
178: 145,231,465,44,117,3,485,330,283
179: 126,371,277,495,389
180: 347,355,376,393,496,361,6,480,454
181: 62,314,86,113,302,139,425,442,109,171
182: 57,170,183,292,380,235,58,160,224,433,453,53,166,358,102,349,269,385
183: 57,134,170,292,174,380,182,235,58,358,417,5,357,491,65,210
184: 10,59,440,218,251,3,202,60,159,392,268,322,92,128,279,140,76
185: 106,152,324,423,463,154,169,397,262
186: 45,116,142,148,416,355,250,480
187: 226,356,471,383,172,42,96,386
188: 278,481,255,110,246,484,100,213,373,14,270,415,0,165,428,50
189: 153,215,317,55,294,290,107,177,263,111,461,217,221,446
190: 55,294,290,131,478,432,72,135,402,215,317,344
191: 220,458,468,32,498,321,125,136,258,27,54,318,31,467,476
192: 420,445,152,154,434,262,147,448,6
193: 109,171,313,487,314,86,78,444,11,17,352
194: 104,377,4,114,245,452,266
195: 71,75,252,63,285,497,28,273,39,280,341
196: 23,458,468,73,201,310,30,374,401,32,47,498,426,321
197: 139,37,442,253,62,302,181
198: 167,422,304,365,99,157,173,200,244,399,89,40,110,246
199: 39,280,341,410,35,409,400,158,203,328,70,405,288
200: 99,157,173,456,244,399,404,153,221,421,127,239,451,493,167,198
201: 73,310,301,79,61,228,374,236,47,309,426,196
202: 3,60,485,159,392,268,339,322,206,92,279,140,440,218,184
203: 384,80,94,158,328,381,199,410,35,149,70,115,288,112
204: 0,85,165,242,428,14,255,257,260,342,50,207,378,407,479
205: 54,318,31,467,48,136,336,258,369,431,435,241,7,93,379,413
206: 268,276,339,322,44,245,117,337,499,287,3,202,485,159,283
207: 378,403,407,412,331,479,204,242,428,257,260,50,232,449
208: 118,129,367,359,281,293,353,291
209: 32,309,498,426,321,223,311,489,492,36,125,136,258
210: 307,354,366,474,134,183,235,5,40,357,65,150,333,216
211: 488,112,94,119,149,470,382,115
212: 65,150,161,333,427,237,143,349,57,174,380,235,284,437,387,15
213: 21,89,100,144,373,429,14,163,270,334,415,278,188,255,110,484,0,165,428
214: 9,53,303,155,166,358,66,160,224,411,124,417,292,58
215: 153,282,317,344,189,55,294,190,461,217,421,446,239,451
216: 65,150,161,333,427,237,69,354,474,210,71,75,252,81,285
217: 91,461,221,446,459,294,77,107,123,177,263,390,111,215,189
218: 10,59,440,227,98,184,202,486,392,268,339,322,408,473
219: 33,64,300,308,487,243,1007,78,315,394,17,340,494
220: 23,458,468,191,401,29,261,27,54,467,476,240
221: 91,461,217,421,446,459,229,263,153,189,34,319,451,157,200,456,244,404
222: 176,327,291,249,118,329,359,90,103,295
223: 311,436,447,338,360,475,209,429,22,163,489,36
224: 41,160,469,411,433,453,363,10,251,53,303,166,214,269,385,182
225: 172,325,450,430,378,407,412,331,383,482,356
226: 187,356,471,412,67,267,370,383,449,264,42,388
227: 10,59,440,218,98,392,268,66,473,135,411,303
228: 156,447,201,310,301,436,47,309,426
229: 91,461,221,421,446,459,34,38,319,157,456,244,404,21,89,144,332
230: 88,296,105,329,19,364,121
231: 145,178,330,283,233,138
232: 67,256,267,383,449,242,257,260,431,435,460,379,207,378,264
233: 138,423,462,145,231,330,122
234: 272,396,482,466,450,274,398,146,443
235: 57,134,170,183,292,174,380,182,58,349,357,387,65,150,333,212,210
236: 30,74,374,401,79,441,61,51,56,472,73,201,301
237: 150,161,333,427,212,216,437,69,45,395,71,75,252,15
238: 46,368,394,299,323,353,281,371,343,1007,389
239: 124,127,451,493,417,153,215,282,344,421,9,99,200
240: 306,220,261,27,54,318,467,476,93
241: 257,342,369,431,435,460,345,492,48,136,336,258,205,31,85,413
242: 0,85,204,428,14,345,257,260,342,435,460,207,479,232
243: 1007,277,495,78,389,315,313,487,394,299,17,64,219
244: 99,157,173,200,456,399,404,153,221,421,229,451,493,89,144,198
245: 4,114,44,117,452,337,194,266,499,287,485,206
246: 278,188,481,255,110,484,372,173,89,198,422,365,316
247: 77,107,123,177,424,263,390,111,33,419,300,308,494,18,68,414,438
248: 76,154,169,490,397,434,463,92,122,128,140,251,324,363
249: 176,222,327,90,295,441,320,472,351
250: 480,355,142,186,416
251: 10,59,440,184,92,128,140,76,248,490,41,224,469,411,363
252: 395,71,75,195,15,437,161,427,216,237,45,148,285
253: 37,442,464,377,83,62,113,302,8,162,266,326,439
254: 101,298,8,326,499,164,287,486,276,339,52,406,408,432
255: 278,188,481,246,484,372,213,0,165,204,428,82,50,479
256: 67,232,267,370,449,257,369,431,435,460,2,7,379,95,264,312
257: 260,342,369,431,435,460,241,85,204,242,207,232,256,267,449
258: 492,36,48,125,136,336,209,498,321,191,345,54,205,31,241
259: 335,126,109,277
260: 257,342,435,460,0,204,242,207,378,407,479,232,267,449
261: 29,220,27,467,476,240,306
262: 130,147,448,106,152,185,154,169,192,420,445
263: 77,107,123,177,247,390,294,68,438,189,91,461,217,221,446,459,108,319
264: 43,95,312,460,379,67,232,256,267,370,226,388
265: 16,102,143,151,349,385,347,457,496,97,284,387
266: 8,162,326,499,164,287,104,194,253,464,377,83,4,245,452,337
267: 67,232,256,370,383,449,257,260,431,460,379,95,264,312,226
268: 486,392,276,339,322,206,287,202,60,159,406,408,440,218,227,98,184
269: 16,102,143,151,349,385,160,224,433,453,53,57,170,292,174,380,182,387
270: 14,22,163,334,489,345,415,21,100,213,373,429,188,484,0,85,165,428
271: 1,82,375,372,305,316,346,350,272,396,466
272: 234,396,466,346,1,271,168,350,398
273: 28,391,362,75,195,63,285,132,39,341
274: 119,149,398,470,146,234,80,94,443,488,112
275: 70,405,391,400,409
276: 486,268,339,322,206,337,8,499,164,287,298,254,52,406,408
277: 243,495,78,259,335,126,179,109,171,313,487
278: 188,481,255,110,246,484,372,89,100,213,365,165,428,50
279: 92,122,128,140,145,3,202,60,159,330,283,138,462,463,184
280: 39,199,341,410,409,195,63,141,285,497,158,328
281: 87,371,343,293,46,238,353,129,208
282: 153,215,317,344,66,402,421,446,9,155,124,127,239,451,493
283: 3,60,485,159,330,44,117,145,231,178,206,138,279
284: 97,437,387,102,143,349,265,57,174,457,150,427,212,116,15
285: 63,81,141,497,216,69,474,71,75,195,252,273,280
286: 306,2,7,84,93,413
287: 8,266,499,164,44,245,337,254,159,486,268,276,339,322,206,406
288: 382,115,199,35,94,203,328,381,70,137,405,112
289: 18,68,364,414,438,77,20,13,108,297,360
290: 49,55,294,131,190,12,175,72,177,424,111,317,189
291: 176,222,327,293,118,129,208,359
292: 57,170,183,380,182,235,58,160,453,9,53,166,214,358,417,349,269
293: 87,281,343,353,118,129,208,291
294: 49,55,290,131,190,107,123,177,424,263,111,215,317,189,217,446
295: 19,79,90,103,441,61,176,222,327,249,472,351
296: 88,230,329,19,79,103,156,121
297: 13,108,34,38,319,338,360,475,77,68,289,20,91,459,332
298: 101,439,254,444,455,83,113,8,162,326,164,276,52,406
299: 46,368,394,238,323,343,243,1007,495,389,315,340,133
300: 33,64,419,219,308,78,11,12,17,175,49,123,424,247,111
301: 73,201,310,19,79,441,61,228,236,47
302: 62,314,86,113,181,139,442,253,83,439
303: 53,155,166,214,358,10,227,66,41,160,224,469,411,453
304: 26,167,198,422,365,99,399,5,40,491
305: 25,316,346,26,422,366,271,350
306: 240,261,467,476,93,286
307: 69,354,366,474,210,134,5,40,26,333,25,81
308: 33,64,419,219,300,315,12,340,494,123,424,247,111,414
309: 32,47,209,498,426,447,228,201,310,311,125
310: 73,201,301,156,228,374,47,309,498,426,196
311: 223,436,209,309,498,22,163,489,492,36,125
312: 43,95,264,431,460,2,7,84,379,256,267
313: 109,171,193,487,335,86,243,277,495,78,17
314: 62,86,113,302,181,109,171,193,101,439,444,352
315: 243,1007,495,78,389,394,299,323,33,64,219,308,340,133,494
316: 305,346,422,481,246,372,82,271,375,350
317: 153,215,282,344,189,55,294,290,190,402,446
318: 27,54,205,31,467,476,191,48,136,240,369,7,84,93,413
319: 13,108,34,38,297,338,475,77,263,68,91,461,221,459,229,404,332
320: 51,56,472,351,249
321: 32,209,498,426,196,458,468,191,125,136,258,27,54,31
322: 486,392,268,276,339,206,44,337,287,3,202,60,485,159,218,184
323: 46,368,394,238,299,353,343,1007,389,315,367,340,133,105
324: 106,152,185,423,462,463,122,128,154,169,248,397
325: 225,450,430,1,403,407,412,331,396,482,466
326: 8,162,266,499,164,253,464,83,62,113,101,298,439,254,52
327: 176,222,291,249,118,329,359,88,90,103,295
328: 384,80,158,203,381,39,199,280,410,35,70,288
329: 118,129,367,359,222,327,88,296,230,105,103
330: 3,60,485,159,283,145,231,178,233,138,462,122,279,140
331: 207,378,403,407,412,1,383,225,325,450,430,356
332: 21,89,100,144,373,429,91,229,34,38,297,319,338,475,157,456,404
333: 65,150,161,427,212,216,237,134,174,235,69,307,354,474,210,71
334: 14,22,163,270,489,345,415,213,429,492,36,336,0,85,165
335: 259,126,109,171,313,487,277
336: 492,36,48,125,136,258,14,334,489,345,205,85,342,369,435,241
337: 4,114,44,245,117,452,8,266,499,287,485,159,276,339,322,206
338: 13,108,34,38,297,319,360,475,20,223,436,21,332,429,22
339: 486,392,268,276,322,206,337,499,164,287,254,202,159,406,218
340: 133,494,315,368,394,299,323,33,419,219,308,414
341: 39,199,280,410,409,195,63,497,28,391,273,400
342: 257,260,369,431,435,460,241,14,345,492,48,336,0,85,204,242
343: 87,281,371,389,46,238,299,323,353,129
344: 153,215,282,317,55,190,66,135,402,155,124,239
345: 14,163,270,334,489,492,36,336,258,0,85,242,342,241
346: 25,305,316,366,271,81,141,168,350,272
347: 355,376,393,180,457,496,265,97,480,454,142
348: 24,120,483,443,172,450,430,146,96
349: 102,143,265,269,385,160,453,57,170,292,174,380,182,235,284,387,212
350: 168,25,305,316,346,271,375,272,466
351: 51,56,320,472,176,249,90,295,441,61
352: 11,17,175,477,314,86,171,193,487,101,444
353: 46,368,238,323,87,281,371,343,293,118,129,208,367
354: 69,307,366,474,210,134,5,65,150,161,333,216,71,81
355: 347,393,180,457,496,97,250,480,454,116,142,186
356: 187,226,471,412,331,383,172,225,430
357: 5,40,491,417,134,170,183,235,58,65,210
358: 9,53,303,155,166,214,160,124,127,417,170,183,292,182,58
359: 118,129,208,367,329,222,327,291,88,90,103
360: 13,108,38,297,338,475,289,447,20,223,436,22
361: 6,130,376,180,454
362: 28,391,273,418,132
363: 41,224,469,433,453,251,76,248,490,434,420,16,151,385
364: 18,68,289,414,438,230,156,20,121,13
365: 167,198,422,304,157,173,399,89,278,110,246,484,372
366: 69,307,354,474,210,5,26,25,305,346,81,141
367: 118,129,208,329,359,46,368,323,353,88,105
368: 46,394,238,299,323,353,367,340,133,88,105
369: 257,342,431,435,460,241,48,336,205,318,31,2,7,379,413,256
370: 67,256,267,383,449,43,95,264,226,471,388
371: 87,281,343,179,389,238,353
372: 278,481,255,110,246,422,365,316,82,271,375
373: 21,89,100,213,144,332,429,475,22,163,270,415,188,110,484,165
374: 30,74,236,401,61,51,73,201,310,47,426,196,458
375: 1,82,271,50,481,372,316,350,466
376: 347,393,180,457,496,130,147,445,361,6,454
377: 37,253,464,104,194,4,452,8,162,266,499
378: 207,403,407,412,331,479,204,260,67,232,383,449,225
379: 2,7,84,413,205,369,431,435,460,232,256,267,95,264,312
380: 57,134,170,183,292,174,182,235,58,160,453,53,102,143,349,269,385,387,65,150,212
381: 80,94,203,328,35,149,70,382,115,288,112
382: 115,288,94,381,470,211,112
383: 67,232,267,370,449,378,412,331,225,187,226,356,471
384: 80,94,158,203,328,168,149,398
385: 16,102,143,151,349,265,269,160,224,469,433,453,363,53,57,380,182,387
386: 96,172,187,471
387: 97,284,437,102,143,349,265,269,385,57,174,380,235,150,427,212
388: 42,67,370,43,95,264,226,471
389: 243,1007,495,315,179,371,343,394,238,299,323
390: 77,107,123,177,424,247,263,111,419,18,68,414,438,217,459,108
391: 28,273,362,400,63,39,341,409,275
392: 486,268,339,322,202,60,159,92,140,59,440,218,227,98,184
393: 347,355,376,180,457,496,480,454,142
394: 46,368,238,299,323,243,1007,389,315,33,219,340,133,494
395: 75,252,15,237,45,116,148,132
396: 234,272,482,466,1,271,403,325,450,146
397: 76,154,169,248,490,434,462,463,92,122,128,140,152,185,324
398: 119,149,274,470,146,234,272,482,384,80,94
399: 99,157,173,200,456,244,404,421,451,493,89,167,198,304,365,110
400: 28,391,39,199,341,409,275,405
401: 30,374,236,23,196,220,458,468
402: 66,473,135,478,55,190,282,317,344,155
403: 207,378,407,331,479,1,82,50,396,466,325
404: 157,173,200,456,244,399,91,221,421,229,34,38,319,21,89,100,144,332
405: 70,137,275,400,39,199,35,409,288
406: 52,478,408,432,164,287,298,254,486,268,276,339,98
407: 207,378,403,412,331,479,204,260,1,82,50,225,325
408: 52,478,406,432,72,254,486,268,276,218,98,473,135
409: 39,199,280,341,410,35,391,400,70,275,405
410: 39,199,280,341,35,409,63,497,158,203,328,70
411: 41,160,224,469,433,10,59,440,227,251,303,166,214
412: 207,378,407,331,67,383,449,225,325,430,226,356
413: 2,7,84,93,379,48,54,205,318,31,467,369,431,241
414: 18,68,289,364,438,33,419,308,340,133,494,247,390
415: 14,22,163,270,334,489,475,21,100,213,373,429,188,484,165
416: 148,186,250,132
417: 124,127,239,493,9,214,358,170,183,292,58,40,357,491
418: 132,28,362
419: 33,300,308,340,494,77,107,123,424,247,390,18,414,438
420: 192,445,152,154,490,434,363,262,147,16,151
421: 91,461,221,446,229,153,215,282,239,451,493,157,200,456,244,399,404
422: 26,167,198,304,365,110,246,372,305,316
423: 233,138,462,463,185,324
424: 107,123,177,247,390,111,11,12,33,64,419,300,308,49,294,290
425: 139,335,86,181,109,171
426: 32,47,209,309,498,321,228,201,310,374,196,458,468,125
427: 65,150,161,333,212,216,237,57,174,97,284,437,387,45,116,252,15
428: 0,85,165,204,242,213,14,270,278,188,481,255,50,207,479
429: 21,100,213,144,332,373,34,38,338,475,223,22,163,270,334,415
430: 172,225,325,450,412,331,482,356,120,348,96
431: 257,342,369,435,460,241,48,205,2,7,379,413,232,256,267,312
432: 52,478,406,408,72,254,455,486,131,190,135
433: 41,160,224,469,411,453,363,490,16,102,151,269,385,182
434: 76,154,169,248,490,397,152,363,192,420
435: 257,260,342,369,431,460,241,48,336,205,85,242,379,232,256
436: 223,311,447,20,228,13,338,360,22
437: 97,284,387,150,161,427,212,237,45,116,142,252,15
438: 18,68,289,364,414,419,494,77,107,123,247,263,390,108
439: 101,298,444,253,83,62,314,113,302,162,326,164
440: 10,59,218,227,251,98,184,202,60,392,268,92,140,41,411
441: 19,79,90,103,295,61,249,51,56,472,351,73,301,236
442: 37,253,464,83,197,139,62,113,302,181
443: 24,120,348,234,482,450,119,274,470,146,488
444: 101,298,439,62,314,86,113,171,193,17,352,477
445: 192,420,262,130,147,151,6,376,496
446: 91,461,217,221,421,459,229,294,263,153,215,282,317,189,451,456
447: 156,20,228,360,223,436,309
448: 262,130,147,106,152,192,6
449: 67,232,256,267,370,383,257,260,460,207,378,412,226
450: 172,225,325,430,331,234,396,482,146,120,348,443
451: 124,127,239,493,153,215,282,221,421,446,99,200,456,244,399
452: 4,114,44,245,117,337,104,194,377,8,266,499
453: 41,160,224,469,433,363,53,303,166,16,102,151,349,269,385,292,380,182
454: 480,361,347,355,376,393,180
455: 101,298,175,477,52,478,432,72,49,131
456: 157,173,200,244,399,404,153,91,461,221,421,446,229,34,451,89,144,332
457: 347,355,376,393,496,102,143,151,265,97,284
458: 23,196,220,468,191,374,401,32,47,426,321,27
459: 91,461,217,221,446,229,77,107,263,390,68,108,34,38,297,319
460: 257,260,342,369,431,435,241,242,379,232,256,267,449,264,312
461: 91,217,221,421,446,459,229,77,107,177,263,153,215,189,108,34,319,456
462: 233,138,423,463,145,330,122,128,279,324,397
463: 138,423,462,122,128,279,185,324,169,248,397
464: 37,442,253,377,83,104,62,4,8,162,266,326,499
465: 114,44,245,117,178,283
466: 234,272,396,482,1,82,271,375,403,350,325
467: 27,54,205,318,31,476,220,191,261,240,306,93,413
468: 23,196,220,458,191,401,32,426,321,136,27,54,476
469: 41,160,224,411,433,453,363,10,251,76,490,303,166,16,385
470: 119,149,274,398,94,443,382,211,488,112
471: 187,226,356,67,370,383,42,388,386
472: 51,56,320,351,249,79,90,295,441,61,74,236
473: 66,135,402,486,478,408,218,227,98,155
474: 69,307,354,366,210,333,216,25,71,81,141,285
475: 34,38,297,319,338,360,223,21,144,332,373,429,22,163,415
476: 27,54,318,467,220,468,191,29,261,240,306
477: 11,12,17,175,352,101,444,455,49,131
478: 52,406,408,432,72,455,55,131,190,98,473,135,402
479: 207,378,403,407,481,255,0,165,204,242,428,260,82,50
480: 250,454,347,355,393,180,142,186
481: 278,188,255,246,372,428,316,82,375,50,479
482: 234,396,466,1,225,325,450,430,398,146,120,443
483: 24,120,348,172,96
484: 278,188,255,110,246,173,21,89,100,213,144,373,270,415,365,165
485: 3,202,60,159,330,283,44,245,117,337,178,322,206
486: 392,268,276,339,322,287,254,406,408,432,218,98,473,135
487: 171,193,313,335,243,277,495,78,17,352,64,219
488: 211,119,274,470,24,443
489: 14,22,163,270,334,345,415,223,311,209,492,36,336
490: 76,154,169,248,397,434,92,251,41,469,433,363,420,16
491: 5,40,357,127,493,417,99,183,58,167,304
492: 36,48,125,136,336,258,311,209,334,489,345,85,342,241
493: 124,127,239,451,417,153,282,421,9,99,200,244,399,491,167
494: 340,133,315,394,33,419,219,308,247,18,414,438
495: 243,1007,277,78,389,315,126,179,313,487,299
496: 347,355,376,393,180,457,445,151,265,6
497: 63,81,141,285,69,195,168,39,280,341,410,158
498: 32,47,209,309,426,321,310,311,196,191,36,125,136,258
499: 8,162,266,326,164,287,464,377,4,44,245,452,337,254,276,339,206
500: 696,785,704,980
501: 538
502: 
503: 566,724,996
504: 546,748,532,516,882,802
505: 611
506: 952,681,848
507: 515,823,577,625,855
508: 654,866,976
509: 795,889,786
510: 988
511: 916,875,522,581,958
512: 556,817,858,735,826,957
513: 870,669
514: 979,679
515: 507,823,577
516: 882,764,942,504,532
517: 681,848
518: 766,631
519: 862,851
520: 729,677
521: 647,828,698
522: 581,958,511
523: 574,962
524: 603,808,789,934
525: 
526: 675,673,762
527: 563,857
528: 885
529: 610
530: 638,609
531: 919,938,969,567,547
532: 504,546,748,516,882,872,802
533: 661,753,567,897
534: 596,911,904
535: 609,638
536: 738,565,925
537: 740,884,689,978
538: 971,501
539: 754,896
540: 
541: 707,696
542: 716
543: 602
544: 784,927
545: 812
546: 504,748,532
547: 557,807,567,744,531,969
548: 955
549: 704,876,937
550: 798,835
551: 664,871
552: 838,887,749,720
553: 577
554: 576,733
555: 714,708,819
556: 512,817,617,568,858
557: 547,807,744,787,875
558: 735,957,781
559: 964
560: 805,845
561: 820,782
562: 858,568,772,913,599
563: 964,527
564: 943
565: 536,738,922,765
566: 724,793,503,996
567: 744,533,897,547,531
568: 772,617,556,562,858
569: 662,801,953,583
570: 774,771,994
571: 592,947
572: 943,836
573: 
574: 523,627,962
575: 580,893,634,827
576: 554
577: 553,507,515
578: 742,705,596,695
579: 873,737,701
580: 575,893
581: 958,522,744,511,875
582: 987,730,690
583: 953,569
584: 608,823
585: 
586: 
587: 816,746
588: 667
589: 689,612
590: 693
591: 971
592: 940,769,571
593: 
594: 807,833
595: 928,652,659
596: 534,911,705,578,695
597: 637
598: 646,903
599: 913,562
600: 649
601: 
602: 543
603: 524,808
604: 630
605: 716
606: 654,924
607: 686,814,763
608: 584,653
609: 535,530,638
610: 529,958
611: 995,624,505
612: 968,978,589,740
613: 
614: 892,742
615: 
616: 693,635,790,810
617: 568,556
618: 890
619: 633,713,866,924,760
620: 666,771,970,880,797,717
621: 
622: 792
623: 785
624: 995,881,611
625: 823,507,855,944
626: 
627: 574
628: 714
629: 839,708
630: 604
631: 518,975
632: 931
633: 619,713,866,780
634: 788,827,575
635: 790,693,988,616
636: 912,832,849
637: 597,829
638: 530,535,609
639: 790,810
640: 729,651,677
641: 570,774
642: 
643: 826
644: 
645: 948,680,724
646: 598,903,888,908
647: 521,698
648: 833,916
649: 600,664
650: 856,940
651: 640
652: 595,928
653: 608
654: 508,866,924,606
655: 898,840
656: 933,941,967,900,999
657: 895,939,844
658: 767,745
659: 868,595,928,907
660: 
661: 690,533,726,753
662: 569,801
663: 847
664: 551,871,649,996
665: 962
666: 771,970,620
667: 794,588
668: 703
669: 718,987
670: 985,715,836,688
671: 951
672: 831
673: 762,526
674: 828
675: 526,692
676: 739,973
677: 640,729,520
678: 755
679: 514,979
680: 948,645,724
681: 517,848,506
682: 825,799
683: 859,694
684: 
685: 
686: 607
687: 972
688: 670,985
689: 589,728,918,537,740
690: 661,582,730,726
691: 886,715,883,985
692: 675,799,737
693: 590,616,635
694: 683
695: 596,578,727
696: 500,785,704,541
697: 756
698: 720,521,647,828
699: 789,783,903
700: 960,721
701: 755,579
702: 887,749
703: 668
704: 549,937,980,500,696
705: 891,596,578
706: 929,837,815
707: 541,967,900,915,941
708: 819,555,629
709: 770
710: 778,950,946
711: 752,792,896
712: 750
713: 619,633,924,760
714: 555,628
715: 886,691,670,985
716: 605,854,986,542
717: 797,771,620
718: 669
719: 
720: 698,953,887,552,838
721: 700
722: 
723: 811
724: 566,503,645,680
725: 
726: 661,690
727: 742,695
728: 918,689
729: 640,677,520
730: 582,987,690
731: 864
732: 816,952
733: 554
734: 993
735: 957,512,558
736: 
737: 692,579
738: 536,565,922
739: 676
740: 537,884,689,612,978
741: 
742: 578,892,614,727
743: 890,809,989,936
744: 567,581,547,557
745: 794,658,874,767
746: 587,816
747: 
748: 504,546,532,802
749: 702,887,968,552
750: 712
751: 
752: 711,792,896
753: 661,533,897
754: 539,907
755: 701,906,678
756: 697
757: 
758: 
759: 906,800
760: 994,771,619,713
761: 
762: 788,673,526
763: 814,842
764: 925,942,983,516
765: 565,942,922
766: 518
767: 658,794,745
768: 874
769: 856,592,940
770: 709
771: 666,620,717,994,760,570
772: 568,913,562,858
773: 
774: 570,994,641
775: 992
776: 
777: 782,820
778: 710,950,946
779: 853
780: 633
781: 558,854
782: 777,561,820
783: 977,699
784: 544
785: 500,696,623
786: 509
787: 916,875,557,807,833
788: 634,827,762
789: 699,524,903
790: 635,639,616,810
791: 983,992,882
792: 711,752,622
793: 566
794: 745,767,667
795: 509,889
796: 930,982
797: 880,717,970,620
798: 984,835,550
799: 692,682
800: 759,906
801: 569,662
802: 872,504,748,532
803: 865,936,798,984
804: 837,998,846
805: 560,845
806: 983
807: 547,557,787,833,594
808: 524,603,934
809: 989,936,905,743,890
810: 616,639,790
811: 723
812: 545
813: 
814: 763
815: 837,706,929,822
816: 587,746,732
817: 512,556,858,826,957
818: 
819: 708,555
820: 561,777,782
821: 
822: 815
823: 584,507,515,625
824: 861
825: 682
826: 957,512,817,858,643
827: 634,788,575
828: 674,521,698
829: 
830: 
831: 672,886
832: 912
833: 648,787,916,807,594
834: 841,914
835: 798,984,989,550
836: 572,670
837: 998,804,706,815
838: 552,887,720,953
839: 629,879,910,869
840: 898,655
841: 834
842: 763,758
843: 
844: 847,657,939
845: 560,805,919
846: 804,905
847: 844,663
848: 517,681,506,952
849: 905,912,636,890
850: 
851: 864,519
852: 
853: 779
854: 716,781,986
855: 944,507,625
856: 769,650,940
857: 527
858: 562,568,772,512,556,817,826
859: 683
860: 
861: 824
862: 519
863: 
864: 731,851
865: 905,809,936,803,984
866: 508,654,619,633
867: 821
868: 659,928,910,920
869: 839,879,917,956
870: 669,987
871: 551,664,996
872: 802,882,532
873: 579
874: 768,745
875: 511,787,916,581,557
876: 549
877: 
878: 
879: 839,899,917,869
880: 797,981,970,620
881: 995,624
882: 516,791,504,532,872
883: 691,985
884: 537,740,978
885: 528
886: 691,715,831
887: 702,749,720,552,838
888: 908,646
889: 509,795
890: 618,743,849,809
891: 705
892: 742,614
893: 575,580,991
894: 972
895: 657,939,971
896: 711,752,539
897: 533,753,567
898: 840,655
899: 879,917
900: 915,999,707,967,656,941
901: 
902: 
903: 699,789,598,646
904: 534,911
905: 849,846,865,809,936
906: 759,800,755
907: 659,754
908: 888,646
909: 
910: 928,920,868,839
911: 534,596,904
912: 832,849,636
913: 772,562,599
914: 834
915: 900,999,707
916: 511,787,875,648,833
917: 899,879,869
918: 728,944,689
919: 531,938,969,845
920: 928,910,868
921: 
922: 738,565,945,765
923: 
924: 654,606,619,713
925: 764,942,536
926: 
927: 544
928: 595,910,652,659,868
929: 706,815
930: 796,991
931: 632
932: 821
933: 656,999
934: 808,524
935: 
936: 809,989,905,865,743,984
937: 954,876,549,704
938: 531,919,969
939: 657,895,844
940: 592,650,856,769
941: 656,707,967,900,999
942: 764,925,516,765
943: 572,564
944: 855,625,918
945: 922
946: 710,778
947: 571
948: 645,680
949: 
950: 710,778
951: 671
952: 506,732,848
953: 720,838,583,569
954: 937
955: 548
956: 869
957: 735,826,512,817,558
958: 581,610,522,511
959: 
960: 700
961: 
962: 665,523,574
963: 978
964: 563,559
965: 973
966: 
967: 707,900,656,941
968: 612,978,749
969: 531,919,938,547
970: 666,620,981,880,797
971: 591,538,895
972: 894,687
973: 965
974: 
975: 631
976: 508
977: 783,991
978: 612,968,537,740,884,963
979: 514,679
980: 704,500
981: 880,970
982: 796
983: 806,992,764,791
984: 798,835,865,989,936,803
985: 670,691,715,688
986: 716,854
987: 582,870,669,730
988: 510,635
989: 809,936,743,984,835
990: 
991: 893,977,930
992: 775,983,791
993: 734
994: 760,771,570,774
995: 881,611,624
996: 566,503,664,871
997: 
998: 837,804
999: 900,915,656,933,941
1007: 243,495,78,389,315,394,238,299,323,219