0: 428,165,204,14,334,270,188,342,242,85,479,260
1: 482,272,396,82,466,375,403,350,331,325,450
2: 84,286,7,312,95,948
3: 202,485,322,330,279,140,60
4: 104,377,266,114,194,499,452
5: 210,307,366,26,183,134,40,357,304,316,422
6: 361,130,147
7: 2,84,93,240,379,369,413,312
8: 164,276,287,326,266,162,337,499,44
9: 53,358,214,166,66,155,303,124,282,344,127,239,493,417
10: 59,440,227,218,184,473,303,41,160,411,166
11: 12,477,175,64,444,193,352,17,300,49
12: 11,477,175,64,17,300,49,131,111,424
13: 319,38,297,459,68,108,447,360,289,436,338
14: 0,428,165,204,492,415,334,270,345,213,342,85
15: 45,427,252,347,97,284,437,212,116
16: 420,445,151,363,434,469,224,453,433,269,102,385
17: 487,171,193,352,78,219,11,12,64
18: 68,438,390,414,494,247,230,364,107,20,289
19: 441,79,103,88,296,121,156,20,201,301
20: 156,447,228,360,289,296,230,121,364,19,18,436
21: 373,100,332,144,229,475,38,297,404,429,213
22: 223,163,436,338,475,297,311,373,415,429
23: 220,261,196,401,458,29
24: 120,443,348,483,119
25: 168,346,141,307,366,305,316,497,81,69,474
26: 210,307,366,5,134,40,304,372,305,316,422
27: 468,458,321,125,220,31,54,191,476
28: 391,273,395,132,418,400,362
29: 23,261
30: 51,374,196,401,236,73,32
31: 54,191,318,125,27,258,48,136,467,241,205,413,93
32: 468,321,47,30,374,196,498,426
33: 308,300,390,419,315,78,219,299,64,494,340
34: 91,461,221,229,77,319,38,459,404,456,332
35: 381,410,203,328,70,199,288
36: 258,345,336,489,48,136,498,209,125,311,492,334
37: 197,253,787
38: 13,475,319,297,459,91,229,34,21,332
39: 410,280,341,63,391,409,199
40: 134,357,491,99,417,183,304,198,399,167,5,26
41: 160,224,453,411,433,251,184,10,59,440,469
42: 638,386,187,388
43: 566,264,95,948,370,388
44: 337,499,117,452,245,8,202,159,485
45: 15,427,148,186,252,97,355,142,116
46: 368,389,323,394,281,353,129,367,118
47: 73,201,310,301,374,196,498,426,309,32,321
48: 36,258,345,336,136,31,191,318,241,435,205,369
49: 55,290,131,111,424,455,11,12,175,300,177
50: 207,403,407,479,188,255,428,481,82,466
51: 30,401,472,56,236,74
52: 101,455,254,276,477,339,432,406,408,72,131
53: 9,358,214,166,160,224,453,411,182,380,292
54: 31,191,318,27,220,136,467,476,93
55: 49,190,290,111,72,177,294,402,189,215,317,461
56: 472,236,295,61,351,756,74,51
57: 269,182,102,385,349,380,170,284,387,174,150,235
58: 380,292,170,183,358,127,417,134,357,491
59: 10,440,392,227,92,251,184,469,41,224,411
60: 92,128,140,184,3,202,322,279,392
61: 472,56,236,295,441,79,73
62: 83,464,253,442,302,439,113
63: 497,81,69,285,195,141,39,280,341
64: 11,12,175,487,193,17,219,33,308,300,424
65: 150,333,235,380,170,183,134,174,210,354
66: 473,135,402,155,303,124,478,98,190,227,282,317,344,9,166
67: 187,226,383,232,449,267,471
68: 18,108,438,247,364,77,107,447,360,289,13,319
69: 81,285,474,63,307,354,71,195,216,25
70: 199,405,288,410,275,409,35,137
71: 237,75,195,216,161,354,69,285,273,341
72: 432,478,408,98,455,52,55,190,290,131,111,135,402,317
73: 201,301,47,79,236,61,30,374
74: 756,56,51
75: 237,71,195,216,161,427,148,252,395,273
76: 92,251,128,140,122,248,397,363,490,469
77: 107,263,217,68,108,438,91,461,34,319,459
78: 243,1007,315,219,313,495,487,17,299,33,340
79: 441,103,19,296,295,61,73,201,301
80: 203,384,328,158,168,149,398
81: 497,69,285,474,63,25,141
82: 481,466,375,246,278,255,428,403,407,479,50,396,1
83: 62,162,464,253,439,298,164,326
84: 2,93,286,7,467,240,413,312
85: 342,435,242,431,334,345,336,0,165,204,14,260
86: 444,113,181,302,109,171,193,314
87: 343,281,293
88: 296,230,105,121,327,329,367,90,103,19
89: 278,188,484,213,110,404,244,157,100,144,365,173
90: 359,222,249,327,329,88,441,103,295
91: 461,446,221,229,34,77,263,217,294,108,319,38,459
92: 251,128,140,60,184,76,59,392,490
93: 84,7,31,54,318,467,240,205,413
94: 211,470,112,203,149,115,381
95: 948,2,256,264,312,370,43
96: 172,483,348,430,386
97: 284,437,387,212,347,457,355,116,45,15
98: 478,406,408,72,486,268,218,227,66,473,135,303
99: 451,493,417,244,421,200,456,40,491,198,399,167
100: 21,373,332,144,404,157,270,429,188,484,89,213
101: 455,52,254,444,113,298,352,326,477,175
102: 269,385,349,57,453,433,143,420,151,16,265
103: 441,79,19,327,90,88,296
104: 4,377,266,114,194
105: 88,296,230,364,368,394,327,129,367,414,133
106: 185,423,463,152,324,154,448
107: 77,123,263,217,390,247,18,68,108,438,459
108: 68,438,77,107,360,289,91,13,319,459
109: 259,335,313,181,86,171
110: 278,188,484,89,255,157,365,198,173,422,481,246
111: 49,55,190,290,131,424,12,72,123,177,294,189
112: 211,94,115,381,382
113: 439,444,298,86,302,62,352,314,101
114: 553,194,104,4,465,245,117,452
115: 381,288,94,112,382
116: 355,142,347,97,437,45,15,186
117: 44,452,114,245,178,283,330,485
118: 129,329,367,293,208,291,46,359
119: 274,146,443,24,211,470,488
120: 146,443,348,430,24,225,450
121: 88,296,230,364,19,156,447,20,289,301
122: 463,462,279,138,128,140,76,397
123: 107,177,263,217,308,300,390,419,111,424
124: 66,402,155,303,215,282,344,9,214,166,127,239
125: 498,209,468,27,321,36,258,489,136,31,191
126: 371,259,335,179,277
127: 239,451,493,417,155,124,282,9,358,214,292,58,491
128: 92,140,60,76,463,122,279,248,397,490
129: 327,329,367,118,368,323,46,359,105
130: 262,147,152,448,6
131: 49,190,290,111,424,455,52,12,477,175,432,72
132: 395,416,148,186,28
133: 414,494,247,340,368,323,394,367,230,105,364
134: 40,357,491,183,58,304,65,210,307,5,26
135: 66,473,402,303,478,408,72,98,190,227,317,344
136: 36,258,345,336,48,209,125,321,31,54,191,205
137: 70,405,288
138: 145,330,233,918,122,462,279
139: 181,442,425,197
140: 92,128,60,184,76,330,3,202,122,279
141: 168,25,346,350,305,497,81,474,63,158
142: 355,480,116,45,186,250,416
143: 445,151,265,102,349,457,496,284,387
144: 21,373,100,332,229,404,244,456,157,173,484,89,213
145: 138,283,330,231,178,233
146: 120,443,482,450,234,274,398,470,119
147: 262,130,192,445,361,6,376
148: 45,427,186,252,75,395,132,416
149: 234,274,398,203,80,384,211,94,470
150: 65,161,333,235,57,437,387,212,174,354,216
151: 143,420,445,16,265,363,192,102,385,349,496
152: 169,324,154,248,106,448,262,130,192
153: 189,215,282,344,446,221,239,451,493,421,200,456
154: 169,152,324,248,397,106,490,434,262,192,420
155: 66,473,402,303,124,344,160,411,9,214,166,127,239
156: 447,20,228,289,296,121,19,201,310,301,436
157: 404,244,200,456,100,332,144,198,173,399,484,89,110
158: 80,384,328,497,168,141,410,280
159: 202,485,322,337,44,287,206,268
160: 41,224,453,411,433,10,155,303,53,214,166,182
161: 150,333,437,212,174,427,237,71,75,216
162: 83,464,377,266,499,8,164,326
163: 223,338,22,475,311,373,492,415,270,429,489
164: 8,276,287,326,83,162,298,337,254,339
165: 0,428,14,373,334,270,278,188,484,213,255,85
166: 9,53,358,214,10,66,473,155,303,124,160,224,411
167: 304,198,173,399,99,244,200,40,357,491,422
168: 25,346,141,350,271,497,272,80,384,158,398
169: 152,324,154,248,397
170: 380,292,183,58,358,182,57,357,65,235
171: 487,193,352,314,17,181,335,109,313,86
172: 96,187,226,356,348,430,386
173: 304,365,198,399,167,404,244,157,144,89,110,422
174: 284,437,387,212,349,57,380,65,150,161,333,235
175: 11,12,477,64,352,101,455,432,49,131,424
176: 222,249
177: 123,263,217,294,300,49,55,290,111,424,189,461
178: 465,245,231,117,145,283
179: 495,277,371,126,238,343
180: 347,457,496,361,454,376,355,393
181: 139,442,302,425,259,109,86,171
182: 269,385,57,160,224,453,53,358,214,380,292,170
183: 292,170,58,417,134,40,357,65,333,235,210,5
184: 92,251,140,60,322,218,10,59,440,392,41
185: 106,423,728,324
186: 45,148,252,142,116,250,132,416
187: 226,356,67,471,172,42,386
188: 278,484,89,213,110,255,100,0,428,165,481,50
189: 215,317,344,153,55,190,111,177,217,294,402,461,446
190: 55,290,131,111,432,478,72,66,135,402,189,317,344
191: 31,54,318,125,468,27,321,220,258,48,136
192: 262,147,152,154,434,420,445,151,265,376
193: 487,171,352,314,17,313,444,86,11,64
194: 553,114,104,4,245,452
195: 237,71,75,69,285,63,391,273,341
196: 30,374,401,47,468,32,458,321,23
197: 37,253,787,139,442
198: 304,365,173,399,167,99,244,157,40,110,422,246
199: 70,288,39,410,280,409,35
200: 404,244,421,456,157,153,99,451,493,491,399,167
201: 73,310,301,47,79,19,156,374,426
202: 3,159,485,322,44,330,206,140,60,392
203: 80,328,149,398,35,381,94
204: 0,428,14,435,242,85,207,407,479,449,260,257
205: 369,413,336,48,136,31,318,241,431,93
206: 486,268,339,337,276,287,202,159,322
207: 378,407,479,50,428,204,383,449,260,331
208: 293,291,118,359
209: 498,426,125,309,311,321,492,36,258,489,136
210: 307,354,5,26,183,134,357,65,333
211: 94,470,112,488,149,119
212: 97,284,437,387,174,150,161,235,15,427,237,216
213: 188,484,89,21,373,100,144,415,270,429,165,14
214: 9,53,358,166,155,303,124,160,453,411,127,182,292
215: 189,282,317,344,153,55,402,124,461,446,239,451,421
216: 237,71,75,212,150,161,333,354,69
217: 77,107,123,177,263,294,189,91,461,446,221,459
218: 486,268,339,322,98,184,10,440,392,227,473
219: 243,315,78,487,17,64,33,300,340
220: 23,261,468,27,458,54,191,467,476
221: 91,461,446,229,34,217,153,459,404,421,456
222: 359,90,249,291,327,329,176
223: 163,436,338,22,228,360,297,309,311,489
224: 41,160,453,411,433,251,59,363,469,53,166,16,182,385
225: 331,325,450,412,356,120,430
226: 187,356,67,383,267,412,471,172
227: 10,59,440,392,486,218,98,66,473,135,303,411
228: 156,447,20,360,310,301,223,436,426,309
229: 91,221,34,38,459,404,244,421,456,21,332,144
230: 88,296,105,121,364,367,414,133,18,20
231: 465,178,233,145
232: 383,449,260,257,460,267,256,264,67
233: 231,145,138,918
234: 149,274,398,482,272,450,384,146
235: 65,150,333,269,57,380,170,183,387,212,174
236: 472,56,295,61,73,30,51,374
237: 71,75,195,216,212,161,427,252
238: 343,281,353,495,179,277,1007,389
239: 127,451,493,417,155,124,215,282,344,153,9,358
240: 467,476,318,306,84,93,286,7
241: 342,435,242,431,258,345,336,48,31,205,369,413,460
242: 342,241,435,431,85,336,0,204,460,449,260,257
243: 1007,315,78,219,335,313,495,277,487
244: 404,421,200,456,157,229,99,332,144,198,173,399,167,89
245: 465,178,553,114,194,44,117,452,283
246: 481,82,375,365,198,278,110,255,372,316,422
247: 414,133,494,340,308,390,419,364,107,18,68,438
248: 169,152,324,154,397,463,128,76,363,490,434
249: 222,90,176,351,441,295
250: 480,142,186,416
251: 92,184,76,59,440,363,490,469,41,224
252: 45,15,427,148,186,237,75,395,273
253: 197,37,442,302,62,83,464,439
254: 101,455,52,444,298,164,276,326,406
255: 278,188,484,110,428,165,481,82,246,479,50
256: 267,264,312,431,379,369,460,232,257,95
257: 232,449,260,204,435,242,431,460,256
258: 36,345,336,489,48,136,209,125,492,31,191,342,241,435
259: 335,109,425,126,181
260: 232,449,257,0,204,435,242,431,85,207,378,479
261: 23,220,458,29,476
262: 130,147,192,152,154,434,448,445
263: 77,107,123,177,217,294,308,390,424,438,91,461
264: 267,256,312,232,95,370,43
265: 143,420,445,151,192,102,376,457,496
266: 104,4,377,162,464,499,452,8
267: 256,264,232,226,67,370,471
268: 486,206,218,339,287,159,322,406,98,440,392
269: 182,102,385,349,57,453,16,380,387,235
270: 492,415,334,429,163,373,100,213,0,165,14,342
271: 168,346,350,372,305,316,466,375,396
272: 482,396,1,168,350,384,234,398
273: 28,391,252,71,75,195,395,341
274: 234,149,398,146,443,470,119
275: 400,409,70,405
276: 8,164,287,326,52,254,486,206,339,406,408
277: 495,179,371,126,335,313,238,243
278: 188,484,89,110,255,365,428,165,481,82,246
279: 122,462,138,330,3,128,140,60
280: 39,410,341,497,285,63,328,158,199
281: 238,343,353,87,293,46
282: 215,317,344,153,66,402,124,446,9,127,239,451,493,421
283: 145,330,465,245,178,117,485
284: 97,437,387,212,174,143,349,57,347,457,15
285: 497,81,69,474,63,71,195,280,341
286: 2,84,240,306
287: 8,164,276,337,159,206,268,339,406
288: 70,199,405,35,115,381,137
289: 156,447,20,360,121,364,18,68,108,438,13,436
290: 49,55,190,131,111,424,432,478,72,177,294,317
291: 208,118,359,222
292: 380,170,183,58,453,53,358,214,127,417,182
293: 208,87,281,118
294: 177,263,217,55,290,111,424,189,317,91,461,446
295: 472,56,236,61,90,249,351,441,79
296: 88,230,105,121,364,327,79,103,19,156,20,301
297: 13,475,319,38,459,360,223,436,338,22,21,429
298: 439,444,113,83,164,326,101,254
299: 368,389,323,394,1007,315,78,33,494,340
300: 33,308,390,419,219,11,12,64,49,424,123,177
301: 73,201,310,47,296,121,79,19,156,228
302: 181,442,253,62,439,113,86,314
303: 66,473,135,155,124,98,10,440,227,160,411,9,214,166
304: 365,198,173,399,167,134,40,5,26,316,422
305: 372,316,422,366,26,375,25,346,141,350,271
306: 240,286
307: 210,354,366,5,26,134,333,69,474,25
308: 33,300,390,419,64,494,247,340,424,123,263
309: 498,426,209,311,447,228,310,47,223,436
310: 201,301,47,156,228,374,426,309
311: 498,426,209,309,223,163,436,22,492,36,489
312: 256,264,379,2,84,7,95,948
313: 335,109,277,487,171,193,243,78
314: 487,171,193,352,302,444,113,86
315: 243,1007,78,219,394,299,33,419,340
316: 372,305,422,304,365,366,5,26,246,25,271
317: 189,215,282,344,72,55,190,290,294,66,135,402,461,446
318: 31,54,191,48,467,476,240,205,413,93
319: 13,475,38,297,459,77,68,108,360,91,34,338
320: 
321: 468,27,32,458,47,196,498,426,209,125,136,191
322: 3,202,159,206,268,218,339,60,184,392
323: 368,389,394,299,46,353,1007,129,133
324: 169,152,154,248,397,423,463,185,106
325: 331,225,450,412,466,403,482,1
326: 8,164,276,83,162,464,439,298,101,254
327: 129,329,367,359,222,90,88,296,105,441,103
328: 203,80,384,158,497,410,280,35
329: 327,129,367,118,359,222,90,88
330: 145,138,283,117,3,202,485,279,140
331: 225,325,450,412,207,378,403,407,1
332: 21,100,144,229,34,475,38,404,244,456,157
333: 65,150,161,235,183,174,210,307,354,216
334: 492,415,270,36,345,336,489,0,165,14,342,85
335: 259,109,313,126,277,171,243
336: 36,258,345,48,136,492,334,342,241,435,242,431,85,205
337: 499,44,8,164,287,159,206,339
338: 223,163,436,22,447,360,13,475,319,297
339: 486,206,268,218,337,164,276,287,52,322,406,408
340: 133,494,247,315,78,219,394,299,33,308,419
341: 39,280,71,195,285,63,391,273,409
342: 241,435,242,85,492,334,270,258,345,336,0,14
343: 238,281,353,371,87,495,179
344: 189,215,282,317,153,190,66,135,402,155,124,9,239
345: 36,258,336,489,48,136,492,415,334,14,342,241,435,85
346: 168,25,141,350,271,372,305,396
347: 180,457,496,97,284,355,393,116,15
348: 120,443,430,24,96,172,483
349: 269,102,385,57,143,151,457,284,437,387,174
350: 168,346,141,271,305,375,482,272,396,1,384
351: 249,472,56,295,756
352: 171,193,314,17,444,113,101,11,477,175
353: 238,343,281,389,323,46
354: 210,307,65,150,333,71,216,69,474
355: 480,142,393,116,347,180,97,45
356: 187,226,383,225,412,430,172
357: 134,40,491,358,493,417,170,183,58,167,210,5
358: 9,53,214,166,127,239,493,417,182,292,170,58,357
359: 222,90,208,291,327,129,329,118
360: 447,20,228,289,68,108,13,319,297,223,436,338
361: 6,454,376,147,180,496
362: 400,28,418
363: 490,434,469,251,76,248,224,433,420,151,16
364: 296,230,105,121,414,133,247,18,68,438,20,289
365: 304,198,173,278,89,110,372,316,422,481,246
366: 307,5,26,372,305,316,422,474,25
367: 327,129,329,118,368,46,133,88,230,105
368: 323,394,299,46,129,367,133,494,105
369: 379,205,413,460,48,241,435,431,7,256
370: 388,471,267,264,95,43
371: 126,179,277,343
372: 305,316,422,365,366,26,481,375,246,346,271,396
373: 21,100,144,475,163,22,415,270,429,484,213,165
374: 30,196,236,73,201,310,47,32
375: 481,82,466,246,372,305,350,271,396,1
376: 361,147,192,445,265,180,496
377: 104,4,266,162,464,499
378: 207,407,479,383,449,260,331,412
379: 369,413,460,431,7,256,312
380: 292,170,58,453,53,269,182,385,57,174,65,235
381: 35,115,203,288,94,112
382: 115,112,850
383: 232,449,207,378,412,226,356,67
384: 80,328,158,168,350,272,234,149,398
385: 269,182,102,349,57,224,453,433,151,16,380
386: 42,187,96,172
387: 97,284,437,212,174,143,269,349,57,150,235
388: 370,471,43,42,638
389: 323,299,46,495,238,353,1007
390: 33,308,300,419,494,247,107,123,263,18,438
391: 28,273,195,39,341,400,409
392: 59,440,227,202,322,268,218,92,60,184
393: 355,480,454,347,180
394: 368,323,299,46,315,419,414,133,494,340,105
395: 132,148,252,75,28,273
396: 482,272,1,372,82,466,375,403,346,350,271
397: 169,324,154,248,463,122,128,76,490
398: 234,149,274,168,482,272,203,80,384,146
399: 304,198,173,167,99,404,244,200,456,157,40,491
400: 362,275,409,28,391
401: 30,51,196,468,458,23
402: 66,473,135,155,124,478,72,55,190,189,215,282,317,344
403: 407,479,50,82,466,396,1,331,325
404: 244,421,200,456,157,221,229,34,21,100,332,144,173,399,89
405: 70,288,275,137
406: 432,478,408,98,276,287,455,52,254,486,268,339
407: 207,378,403,479,50,428,204,82,331,412
408: 432,478,406,72,98,276,52,486,339,135
409: 400,275,391,39,341,70,199
410: 39,280,497,328,158,70,199,35
411: 41,160,224,453,10,59,440,227,155,303,469,53,214,166
412: 331,225,325,378,407,383,226,356,430
413: 379,205,369,31,318,467,241,84,93,7
414: 133,494,247,394,419,230,105,364,18,438
415: 492,334,270,429,163,22,373,345,489,213,14
416: 132,142,148,186,250
417: 99,127,239,493,9,358,292,183,58,40,357,491
418: 132,416,28,362
419: 33,308,300,390,315,394,414,494,247,340,123,438
420: 445,151,16,265,154,363,490,434,433,192,102
421: 404,244,200,456,215,282,153,446,221,229,99,451
422: 372,305,316,304,365,198,173,167,110,366,5,26,246
423: 918,728,463,462,185,106,324
424: 49,290,131,111,12,175,64,308,300,123,177,263,294
425: 139,181,259
426: 498,209,309,311,228,201,310,47,32,321
427: 45,15,148,252,437,212,161,237,75
428: 0,165,204,14,278,188,255,82,207,407,479,50
429: 415,270,475,297,163,22,21,373,100,213
430: 120,348,225,450,412,356,96,172
431: 241,435,242,85,336,379,205,369,460,260,257,256
432: 478,406,408,72,455,52,175,190,290,131
433: 41,160,224,453,363,469,420,16,102,385
434: 363,490,154,248,262,192,420,445,16
435: 342,241,242,431,85,258,345,336,48,204,369,260,257
436: 223,338,22,156,447,20,228,360,289,13,297,309,311
437: 97,284,387,212,174,349,150,161,116,15,427
438: 18,68,108,390,419,414,247,364,77,107,263,289
439: 444,113,298,253,302,62,83,326
440: 10,59,392,227,268,218,251,184,303,41,411
441: 79,103,19,327,90,249,472,295,61
442: 139,181,302,197,253,62
443: 146,120,348,24,450,274,470,119
444: 439,113,298,86,193,352,314,101,254,11,477
445: 143,420,151,16,265,434,262,147,192,376,496
446: 91,461,221,217,294,189,215,282,317,153,451,421,456
447: 156,20,228,360,289,121,68,13,436,338,309
448: 106,152,262,130
449: 383,232,260,257,204,242,207,378,67
450: 331,225,325,482,1,234,146,120,443,430
451: 99,127,239,493,215,282,153,446,421,200,456,491
452: 499,44,117,114,194,4,266,245
453: 41,160,224,411,433,53,214,16,269,182,102,385,380,292
454: 361,180,393
455: 101,52,254,477,175,432,406,72,49,131
456: 404,244,421,200,157,153,446,221,229,34,99,451,332,144,399
457: 347,180,496,143,265,349,97,284
458: 468,27,321,196,401,23,220,261
459: 13,319,38,297,77,107,217,108,91,221,229,34
460: 379,369,241,242,431,232,257,256
461: 91,446,221,34,55,77,177,263,217,294,189,215,317
462: 463,122,279,138,918,423
463: 122,462,918,423,128,106,324,248,397
464: 62,83,162,253,377,266,326
465: 245,178,553,114,231,283
466: 481,82,375,403,50,271,396,1,325
467: 476,240,220,31,54,318,413,84,93
468: 27,32,458,321,196,401,498,125,220,191
469: 363,490,251,76,59,41,224,411,433,16
470: 211,94,488,149,274,146,443,119
471: 370,388,267,187,226,67
472: 56,236,295,61,351,441,756,51
473: 66,135,402,155,303,218,478,98,10,227,166
474: 81,69,285,307,354,366,25,141
475: 319,38,297,163,338,22,21,373,332,429
476: 467,240,27,220,261,54,318
477: 11,12,175,444,352,101,455,52,131
478: 432,406,408,72,98,486,190,290,66,473,135,402
479: 207,378,403,407,50,255,0,428,204,82,260
480: 355,142,393,250
481: 82,466,375,246,365,278,188,110,255,372,50
482: 272,396,1,350,325,450,234,398,146
483: 96,348,24
484: 278,188,89,213,110,255,157,373,100,144,165
485: 3,202,159,44,117,283,330
486: 206,268,218,339,276,478,406,408,98,227
487: 171,193,314,17,313,243,78,219,64
488: 211,470,119
489: 36,258,345,223,163,209,125,311,492,415,334
490: 363,434,469,92,251,128,76,154,248,397,420
491: 134,40,357,99,127,451,493,417,200,58,399,167
492: 415,334,270,163,209,311,36,258,345,336,489,14,342
493: 99,127,239,451,417,282,153,9,358,200,357,491
494: 414,133,247,340,368,394,299,33,308,390,419,18
495: 179,277,238,343,243,1007,78,389
496: 347,180,457,143,445,151,265,361,376
497: 81,285,63,168,25,141,410,280,328,158
498: 426,209,125,309,311,47,468,32,321,36
499: 337,44,452,4,377,266,162,8
500: 704,696,785,656
501: 773,538
502: 834,952,648,914
503: 645,566,724
504: 546,882,942,532,802
505: 597,621,677
506: 
507: 577,823
508: 866,949,534
509: 636,795,832
510: 
511: 875,807,921,744,916
512: 817,558,556,768,957
513: 992,872
514: 
515: 
516: 816,942,965
517: 
518: 685
519: 767
520: 995,677
521: 828
522: 921,610,1009,587,744
523: 643,826,627,986,574,605
524: 603,808,903,934
525: 877
526: 762,755,675
527: 721,960
528: 
529: 744,958,557,610
530: 
531: 897,845,533,966,560
532: 504,942
533: 567,661,897,531
534: 891,508
535: 672,724
536: 738
537: 1008,770,625,612,740,884
538: 962,501
539: 907,752
540: 980,623
541: 876,707,704,967
542: 854,986,716,605
543: 716
544: 
545: 678,947
546: 882,764,504
547: 581,567,875,807
548: 955
549: 616,810
550: 798,984
551: 871,996,672
552: 953,801
553: 114,194,465,245
554: 
555: 601
556: 768,512
557: 661,726,958,529
558: 512,817,957,1010,826
559: 964
560: 938,531,845
561: 777,663
562: 617
563: 739
564: 688
565: 738,922,965
566: 43,793,948,503
567: 533,958,581,547
568: 858,864
569: 838
570: 641,760,774
571: 812
572: 867
573: 631,630,604
574: 605,523
575: 644,930,788
576: 723
577: 507
578: 
579: 737
580: 784
581: 958,567,875,547
582: 730,987,669
583: 674,838
584: 653,823,830
585: 923,698,720
586: 609,883,831
587: 973,748,746,1009,522
588: 794,735,1010,854
999: 915,900
590: 911
591: 687,599,684
592: 
593: 818,761
594: 969,787,807
595: 910,868
596: 747,695
597: 505,861,703,637
598: 
599: 772,687,591
600: 803,649
601: 708,555
602: 
603: 524,808,736,903
604: 573,923
605: 574,627,523,986,542
606: 869,797,654,659,879,899
607: 950
608: 653
609: 586
610: 522,921,1009,744,529
611: 677,624
612: 709,968,537,740
613: 
614: 892,705,780,742
615: 
616: 911,549
617: 858,772,562
618: 743,809
619: 994,633
620: 917,717
621: 677,505
622: 711
623: 540,696
624: 611
625: 1008,537,770,944
626: 
627: 1010,826,523,854,986,605
628: 979
629: 868,839,869
630: 631,573
631: 630,573
632: 
633: 713,619,866,891
634: 796,788
635: 693
636: 509,890,743
637: 829,597,703
638: 42,388
639: 
640: 799,729
641: 570,760,713,863
642: 972,894
643: 817,826,523
644: 930,575,796,788,982
645: 503
646: 934,856
647: 749,702,887
648: 952,502
649: 803,865,600
650: 940,908
651: 729,873
652: 901
653: 608,823,584
654: 606,797,976
655: 
656: 785,500
657: 844,939
658: 779
659: 879,899,606
660: 767
661: 726,557,533,897
662: 953,801,838
663: 777,561
664: 871,990
665: 684
666: 
667: 794
668: 804,815,912,998
669: 870,987,582,730
670: 715,867,836
671: 978,951
672: 535,551,883
673: 796,982
674: 583
675: 906,692,526,762,755
676: 732
677: 621,520,995,611,505
678: 545,697
679: 
680: 929
681: 
682: 
683: 
684: 591,665
685: 518
686: 814,824
687: 591,599
688: 564
689: 728
690: 730
691: 836
692: 675,906
693: 988,635
694: 
695: 596
696: 500,623,785
697: 678
698: 585,828,720
699: 977,991,789
700: 960
701: 737,906,759
702: 709,968,647
703: 861,597,637
704: 500,937,876,541,967
705: 891,780,614
706: 929
707: 541,900,967
708: 601,920
709: 612,702
710: 950
711: 622
712: 808
713: 633,891,641,863
714: 956
715: 670,985,836
716: 854,986,542,543
717: 620
718: 
719: 
720: 585,698
721: 527
722: 733
723: 576,811
724: 503,535
725: 852
726: 661,557
727: 954
728: 918,423,689,185
729: 873,640,651
730: 582,987,669,690
731: 864
732: 676
733: 722,776
734: 
735: 957,874,588,794
736: 603,903
737: 701,579
738: 536,565,765
739: 945,563
740: 612,537,884,963
741: 
742: 780,614
743: 890,618,636,809
744: 958,529,522,921,610,511
745: 874
746: 1009,748,587
747: 596
748: 587,746
749: 647,887,953
750: 859
751: 828
752: 539
753: 897,845,966
754: 896
755: 800,526,675,906
756: 74,351,472,56
757: 
758: 804
759: 701
760: 774,994,570,641
761: 818,593
762: 526,675
763: 
764: 546,882,925
765: 942,738
766: 843
767: 660,519
768: 556,862,957,512
769: 840,898
770: 1008,537,625
771: 970,774
772: 599,858,913,617
773: 501
774: 760,970,771,570
775: 
776: 733
777: 782,561,663
778: 861,824
779: 658
780: 705,614,742
1009: 746,587,522,610
782: 777
783: 789
784: 580,893
785: 656,696,500
786: 795,890
787: 594,197,37
788: 634,575,827,644,930
789: 783,699,991
1008: 537,770,625
791: 806
792: 
793: 566
794: 588,874,735,667
795: 509,832,786
796: 634,644,673
797: 606,654,879,899,917
798: 550,984
799: 640
800: 755
801: 953,552,662
802: 504
803: 649,989,600
804: 668,758,815,998
805: 919
806: 791,925
807: 875,511,547,594
808: 524,603,712,934
809: 849,936,618,743
810: 937,549,876
811: 723
812: 571
813: 
814: 686
815: 842,668,804
816: 516
817: 512,558,957,643,1010,826
818: 761,593
819: 
820: 885
821: 
822: 837,905,846
823: 653,507,584
824: 686,778
825: 
826: 1010,627,817,558,643,523
827: 788
828: 521,698,751
829: 637,832
830: 584
831: 586
832: 829,509,795
833: 834
834: 502,833
835: 
836: 691,985,715,670
837: 822
838: 583,662,569
839: 629,869
840: 769,898
841: 
842: 815
843: 766
844: 657,895,971
845: 897,531,753,966,560
846: 905,865,822,849,936
847: 
848: 
849: 809,936,846
850: 382
851: 864
852: 725
853: 
854: 986,542,588,627,716
855: 918
856: 934,646
857: 964
858: 568,913,617,772
859: 750
860: 
861: 778,597,703
862: 768,957,874
863: 713,641
864: 731,851,568
865: 905,846,936,649
866: 633,508
867: 670,572
868: 629,910,595
869: 606,629,839,924
870: 987,669
871: 996,551,664
872: 992,513
873: 729,651
874: 735,862,745,794
875: 511,807,581,547
876: 541,937,810,704
877: 525
878: 
879: 899,659,606,797
880: 
881: 
882: 546,764,504,992
883: 672,586
884: 537,740,963
885: 820
886: 
887: 647,749
888: 908
889: 
890: 743,636,786
891: 713,633,534,705
892: 614,902
893: 927,784
894: 642,972
895: 844,971
896: 754
897: 531,845,661,753,533
898: 769,840
899: 879,659,606,797,917
900: 967,707,999,941
901: 928,652
902: 892
903: 736,524,603
904: 
905: 865,846,822,936
906: 675,692,755,701
907: 539
908: 888,650
909: 
910: 595,928,920,868
911: 590,616
912: 668,998
913: 858,772
914: 502
915: 926,999
916: 952,921,511
917: 620,899,797
918: 423,728,233,855,138,463,462
919: 805
920: 708,910
921: 522,610,744,916,511
922: 565
923: 585,604
924: 976,956,869
925: 806,764
926: 915
927: 893
928: 901,910
929: 706,680
930: 644,575,788
931: 
932: 
933: 
934: 646,856,524,808
935: 
936: 809,849,905,865,846
937: 810,876,704
938: 560,969
939: 657
940: 650
941: 900
942: 765,504,532,516
1007: 243,315,78,495,238,389,323,299
944: 625
945: 739
946: 
947: 997,545
948: 95,2,312,43,566
949: 508
950: 710,607
951: 978,963,671
952: 916,648,502
953: 801,552,749,662
954: 727
955: 548
956: 714,924
957: 735,862,768,512,817,558,1010
958: 744,581,529,557,567
959: 
960: 700,527
961: 
962: 538
963: 978,951,740,884
964: 559,857
965: 565,516
966: 753,531,845
967: 900,541,707,704
968: 612,702
969: 594,938
970: 981,774,771
971: 844,895
972: 642,894
973: 587
974: 989,984
975: 
976: 924,654
977: 699
978: 963,951,671
979: 628
980: 540
981: 970
982: 644,673
983: 
984: 974,798,550
985: 836,715
986: 854,542,627,523,716,605
987: 870,582,730,669
988: 693
989: 803,974
990: 664
991: 699,789
992: 513,882,872
1010: 826,627,957,817,558,588
994: 619,760
995: 520,677
996: 871,551
997: 947
998: 668,804,912