0: 188,165,342,14,232,428,50,479,85
1015: 
2: 566,240,989,636,984
3: 60,485,653,128,279,577,823,584,1008,140
4: 194,587,245,330,465,145
5: 210,307,354,366,40,134,316,69
6: 454,606,647,963,555,953
7: 503,369,241,93,205,467,54,680
8: 841,266,464,162,577,452,499,337
9: 53,160,214,155,66,493,239,358,58
10: 59,440,392,218,473,227,303,166,411,41
11: 33,308,300,17,64,424,12,177
12: 424,175,131,477,17,455,300,11
13: 459,68,77,18,419,414,289,364,360,319
14: 342,242,232,415,270,334,492,165,0,241
15: 437,45,212,237,161,252,75,195
16: 380,349,445,265,269,385,57,679,102
17: 352,477,64,193,12,175,33,11
18: 438,419,414,289,390,68,13
19: 296,301,441,201,121,364,79
20: 310,228,79,301,447,309,47,374,156
21: 404,144,475,373,100,484
22: 436,429,338,319,309,38,297
23: 861,837,756,936,51,1026,236,261
24: 120,430,1047,383,187,356,645
25: 168,346,366,305,474,69,81
26: 365,305,198,316,40,304,366,375,372
27: 458,468,191,401,36,136,476
28: 409,275,400,132,510,741,362
29: 84,467,476,458,318,136,240,809,54
30: 196,73,697,220,51,1026,401,32
31: 336,258,93,205,36,136,345,241
32: 498,191,401,321,47,196,30,426,36
33: 308,300,11,340,17,219,64
1040: 
35: 63,280,203,398,199,410,667,94,288
36: 336,258,31,136,498,191,32,27
37: 878,553,253,567,845
38: 332,221,297,459,77,338,319,22,429
1050: 684
40: 417,134,357,491,304,210,5,26,316
41: 166,411,224,433,363,469,10,59,76,490,434
42: 96,386,609,883,851
43: 836,1048,95,312,267,172,370,724
1049: 
45: 437,212,15,142,186,252,395,75
46: 353,299,495,87,281,118,389,323,368
47: 196,73,374,310,228,20,79,426,32,321
48: 503,369,241,93,342,242,232,257,264,431
49: 294,55,111,455,432,424,131,52,290
50: 82,428,407,479,188,0,255,85
51: 220,1026,236,30,23,756,936,261,468
52: 72,290,339,455,276,432,408,159,49
53: 9,160,214,166,358,453,58,182,127
54: 680,205,84,467,29,7,286
55: 294,111,49,432,190,290,317,135,263
56: 295,176,950,320,997
57: 269,385,445,292,380,349,16,235
58: 292,170,182,9,53,160,493,358,127,134,183,65
59: 10,440,392,184,251,469,303,490,411,41
60: 3,485,653,128,584,218,322,140,184,251,122
61: 103,621,201,697,79,73,374
62: 560,104,938,113,966,83,377,439
63: 35,280,285,391,273,203,409,199,410
64: 78,219,193,352,17,33,11,340
65: 235,174,333,58,292,170,134,183,210,354
66: 478,402,473,303,9,214,155
67: 264,1023,204,257,187,260,226
68: 459,13,77,18,419,108,390,319
69: 474,341,71,5,307,354,366,168,25,285
1041: 871
71: 69,341,391,333,307,354,150,216
72: 190,52,290,339,432,408,159,440,227
73: 47,196,30,374,61,697,1026
74: 697,621,607,1026,236
75: 195,510,45,15,237,252,132
76: 490,434,152,324,92,251,469,248,884,41
77: 459,68,13,108,390,91,217,38,221
78: 219,64,193,1007,487,243,314,494,389,315
79: 310,228,20,121,19,301,441,201,61,447,47,374
80: 768,384,272,568,158,350,328,398,274,234
81: 280,285,474,341,168,25,158,203,497
82: 428,50,407,479,246,481,396,255,403
83: 464,162,377,62,266,298,439,326,337
84: 467,29,240,809,54,286
85: 207,204,257,0,342,242,232,50,479,264
86: 352,477,314,442,139,171,787,875,193
87: 353,495,46,281,1043,712,118
88: 121,230,133,129,359,105,367,414,296
89: 157,110,244,173
1022: 676,529
91: 107,108,123,294,77,189,446,217,461,263
92: 140,251,469,122,128,324,248,76
93: 336,31,205,136,334,48,369,241,7
94: 115,767,288,35,203,398,274,199
95: 43,836,312,267,379
96: 42,386,858,609,883
97: 376,457,102,284,349,116,142,262,186,437
98: 478,227,190
99: 153,200,451,493,167,357,491
100: 373,415,270,21,484,213,165,278
101: 298,326,787,477,254,455,276,175
102: 679,457,97,387,284,349,16,262,437
103: 621,61,997,472,441,201,697
104: 560,62,938,845,553,266,377
105: 129,359,368,394,323,247,133,88
106: 185,918,612,1021,1008,552
107: 108,123,390,177,91,294,111,461,263
108: 107,123,390,91,68,77,217,263
109: 139,171,753,181,277,313,126,314
110: 246,157,89,244,173,304,198,375
111: 294,55,49,424,131,300,290,107,177
112: 470,605,767,234
113: 442,966,62,938,298,439,875
994: 904,633
115: 94,767,288,199,137,519
116: 142,355,262,186,376,97,361,347,496,393
117: 577,452,206,287,337,485,653,202,322
118: 898,208,712,87,46,323,368
119: 211,864,1032,512
120: 430,24,1047,687,383,146,443
121: 289,230,364,88,296,19,301,79
122: 92,140,584,1008,60,128,324,552,423
123: 107,108,390,177,91,424,308,300,294
124: 344,282,402,155,451,239
125: 426,209,156,498,321,163,345,258
126: 313,243,238,805,277,179,109
127: 417,134,183,53,493,358,58,491
128: 60,3,584,1008,552,92,140,184,122
129: 359,368,105,367,208,769,133,88
130: 689,944,518,770,838,629,1037
131: 424,12,175,455,432,290,111,49
132: 252,395,418,75,510,362,28
133: 230,88,394,247,129,359,105,367,438,414
134: 417,127,40,183,58,65,210,5,316
135: 317,344,190,290,55,478,402
136: 31,93,205,36,191,27,467,29,476
137: 635,199,667,115,288,519
138: 279,330,465,537,462,823
139: 109,171,753,442,302,966,875,86
140: 92,184,251,469,122,60,3,128,324,392
991: 
142: 116,355,262,186,97,284,496,437,45,393
1037: 130,629
144: 21,404,399,456,157,244,484
145: 279,330,465,4,587,577,499
146: 331,450,443,412,120,430,687
147: 1036,192,265,855,1045,728
1010: 
984: 905,2,566,636
150: 237,216,161,174,333,354,71
151: 192,445,855,490,434,433,363,269,385,420
152: 76,490,434,248,884,979,363,855
153: 200,421,99,456,282,215,451,493
154: 625,884,979,944,1036
155: 9,214,66,478,402,344,282,124,239
156: 125,426,209,338,309,310,20,436
157: 246,89,110,244,484,144,173,188,278,375,428
158: 168,346,271,81,328,497,384,80
159: 202,218,408,406,322,339,268,485,72,52
160: 9,53,214,166,433,269,453,58,182
161: 237,150,216,387,174,333,212,15
162: 464,83,377,8,439,326,452,206,287,337,164,254
163: 334,345,492,223,125,209,415,258
164: 339,287,162,326,254,455,276
165: 213,188,0,278,270,100,342,14
166: 411,433,41,10,303,53,160,214,420,453
167: 173,357,491,493,200,399,99,456,244
168: 346,25,158,474,69,271,81,285,497
1031: 1021,507,968,185,612
170: 58,292,182,183,380,65,235,333,210
171: 139,109,753,313,352,86,314,487
172: 388,370,43,1048,645,724
173: 167,357,491,304,399,157,89,110,244,198,375
174: 65,235,333,380,387,349,212,150,161
175: 424,12,131,101,787,477,17,254,455,432
176: 56,295,571,351,320
177: 107,123,424,308,300,11,294,111
995: 758,946
179: 281,856,805,126,238,353,495
180: 595,606,963,628,953,839,891
181: 259,805,813,277,109,753
182: 58,292,170,53,160,269,420,453
183: 417,127,134,58,170,65,235,210
184: 140,251,60,485,128,218,322,59,440,392
185: 106,918,612,770,1031,1021
186: 116,142,355,97,437,45,212,924,252,395
187: 383,449,260,356,67,388,226,24
188: 213,165,0,278,246,157,428,50
189: 317,344,282,91,461,215,263
190: 72,290,55,478,402,98,227,135
191: 498,401,32,321,196,27,468,36,136
192: 445,151,265,855,434,363,147,385,679
193: 78,219,64,1007,487,352,477,17,86,314
194: 4,587,833,245,916,465
195: 75,510,273,15,237,216,391
196: 47,73,30,374,191,401,32,321
197: 722,335,533,259
198: 365,26,316,173,357,304,246,110,375
199: 410,667,35,63,115,94,288,137
200: 153,421,399,99,456,215,229,451,167,491
201: 19,441,472,103,61,79,374
202: 159,322,117,339,206,268,287,485,653
203: 328,497,398,35,63,81,280,285,94
204: 207,257,85,232,407,479,264,67,449,260
205: 31,93,136,467,476,369,7,54
206: 339,268,287,337,162,577,117,452,653,202
207: 204,85,407,479,403,378,412,449,260
208: 118,898,934,129,368,367,769
209: 125,426,156,223,436,311,415,163
210: 5,307,354,170,40,134,183,65,333
211: 119,959,556,772,864
212: 437,45,15,387,284,174,186,237,161
213: 188,165,278,270,100
214: 9,53,160,155,66,303,166,411
215: 446,461,189,344,282,451,153,200,421
216: 237,150,161,341,71,391,195,285
217: 446,461,108,91,459,77,332,229,221
218: 408,159,322,60,485,184,251,10,440,392,227
219: 78,64,193,494,394,315,33,308,340,438
220: 51,1026,30,401,458,261,468
221: 332,229,38,297,459,77,319,446,217
222: 291,655,903,249,950
223: 436,429,311,209,373,415,163,492
224: 411,433,41
225: 403,378,482,412,325,331,450
226: 388,370,1023,67,187,260,356
227: 478,473,98,218,408,190,72,290,10,440
228: 310,20,79,47,374
229: 332,221,446,217,200,421,456,404,475
230: 289,121,364,133,88,414,296,301
231: 462,1021,1011,852,537,507
232: 342,242,14,0,48,241,204,257,85,264,431
233: 507,583,1025,1011,801
234: 617,274,768,80,568,767,112
235: 65,174,333,57,292,170,183,380,387,354
236: 51,1026,74,697,607,23,756
237: 150,216,161,212,15,391,75,195,510
238: 313,243,126,805,281,179,353,495,1007
239: 451,493,358,344,282,124,9,155
240: 809,989,84,29,286,2
241: 48,369,7,334,336,31,93,242,14,232
242: 342,14,232,334,336,48,369,241,85
243: 313,126,238,495,314,78,1007,487
244: 246,157,89,110,484,399,144,167,173,278
245: 517,916,4,194,502,465
246: 157,110,244,188,278,198,481,375,255,82,428
247: 494,394,323,105,438,414,133
248: 625,884,423,979,324,92,469,76,490,152
249: 472,950,291,222,327,329,903,997
1038: 
251: 92,140,184,469,60,218,59,392,76
252: 395,132,418,186,45,15,75,510
253: 748,37,845
254: 455,276,432,162,298,101,326,787,164,175
255: 481,396,375,246,365,82,428,50
256: 413,312,267,948,503,680,379
257: 204,85,342,232,48,479,264,431,67,260
258: 336,31,36,125,498,163,345
259: 197,533,181,813
260: 383,449,187,207,204,257,67,226
261: 458,468,220,51,23,936,306,929,318
262: 116,142,1039,376,457,102,97,728,347,496,437
263: 461,294,55,107,108,91,189,317,344
264: 431,1023,67,232,48,503,204,257,85
265: 192,445,855,147,679,457,728,16
266: 8,841,553,914,104,464,83,377
267: 312,256,948,1023,370,43,95
268: 339,206,287,202,406,159
269: 385,57,420,453,160,151,292,182,16
270: 373,415,100,492,213,165,278,14
271: 372,350,466,168,346,158,384
272: 768,384,80,568,350,482,450
273: 195,510,391,63,280,285,409
274: 328,398,768,80,94,767,234
275: 409,28,400,410,667,988
276: 254,455,432,101,339,287,164,52,290
277: 805,813,181,109,753,313,126
278: 213,188,165,270,100,246,157,244,484,428
279: 330,145,138,577,499,823,584,3,653
280: 35,63,81,285,474,391,273,203,497,410
281: 856,1043,179,712,238,353,87,46
282: 189,344,124,461,215,155,451,239,153
1019: 
284: 380,387,349,457,102,97,142,437,212
285: 63,81,280,216,474,69,341,391,168,273,203
286: 566,84,240,54,680,413,600
287: 339,206,268,337,164,162,117,276,202
288: 115,94,767,35,199,667,137,519
289: 121,230,364,18,414,13,360
290: 190,72,52,276,432,131,55,111,49,227,135
291: 222,655,571,249,950
292: 58,170,182,269,385,57,380,65,235
293: 908
294: 55,111,49,107,123,177,91,317,263
295: 56,176,320
296: 19,441,367,327,329,121,230,88
297: 332,38,221,22,429,404,475,373
298: 439,101,326,787,875,113,83,254
299: 46,389,323
300: 33,308,11,424,12,111,123,390,177
301: 19,121,230,364,360,447,309,20,79
302: 442,966,425,919,139,753
303: 66,478,473,10,59,440,166,411,214
304: 173,357,40,110,365,26,198,316
305: 365,26,316,366,346,25,422,372
306: 929,318,861,936,458,261
307: 210,5,354,366,316,69,341,71
308: 33,300,11,340,219,438,419,123,390,177
309: 360,447,338,301,310,20,22,436,156
310: 228,20,79,309,47,426,156,321
311: 223,436,209
312: 413,256,267,948,379,43,95
313: 243,126,238,277,109,171,314,487
314: 352,86,109,171,313,243,78,193,487
315: 494,389,394,323,495,78,219,1007
316: 305,26,198,40,134,357,304,5,307,366
317: 189,344,135,294,55,402,263
318: 306,929,458,261,29,476,809
319: 360,338,459,68,13,38,221,22
320: 351,56,295,176
321: 498,191,32,310,47,196,125,426
322: 202,218,408,159,117,60,485,653,184,392
323: 389,394,315,247,299,495,46,118,368,105
324: 552,92,140,122,248,884,423,76
325: 350,466,396,225,403,378,482
326: 298,439,101,83,162,164,254
327: 769,329,903,367,249,472,296,441
328: 203,497,398,274,158,768,384,80
329: 769,327,903,934,367,249,296,441
330: 279,465,145,138,4,537,577,499,823
331: 450,146,443,225,378,482,412,430
332: 229,38,221,297,446,217,404,475
333: 65,235,174,170,380,210,354,150,161,71
334: 163,345,492,336,93,242,14,241
335: 197,722,533,961,531,958
336: 258,31,93,36,334,345,492,242,241
337: 206,287,8,464,83,162,117,452,499
338: 360,447,319,309,38,22,436,156
339: 206,268,287,164,276,432,202,406,159,72,52
340: 33,308,219,64,494,438,419
341: 474,69,71,391,307,216,81,285
342: 242,14,232,165,0,48,479,257,85
343: 736,805,813,856
344: 189,317,135,282,124,402,215,263,155,239
345: 334,163,492,125,336,258,31
346: 168,25,422,158,305,372,466,271
347: 361,496,628,953,116,355,262,839,393
348: 556,772,1047,687,609
349: 380,387,284,16,57,679,102,97,174
350: 466,271,325,482,384,272,80
351: 320,176
352: 477,17,86,314,171,787,64,193,487
353: 495,87,46,281,856,179,238,389
354: 210,5,307,65,235,333,150,69,71
355: 116,142,186,347,437,924,393,395
356: 383,449,187,388,226,430,24,645
357: 167,173,491,304,493,99,417,40,198,316
358: 451,493,239,9,53,58,127
359: 129,105,133,88
360: 447,338,319,309,289,364,301,13
361: 347,496,628,953,1039,555,376,606,116,839
362: 869,741,132,418,510,28,400
363: 411,433,41,469,490,434,152,192,151,420,453
364: 289,121,230,414,19,301,13,360,447
365: 305,26,198,304,481,375,255,372,466
366: 5,307,305,26,316,69,25
367: 129,208,769,327,329,133,88,296
368: 129,105,46,118,898,208,394,323
369: 48,503,241,7,93,205,242,680,431
370: 388,226,172,1023,267,43,1048
1020: 561,691
372: 466,271,365,305,26,481,346,422
373: 415,270,100,297,223,429,21,404,475,484
374: 47,196,73,201,61,228,20,79
375: 481,255,173,246,157,110,365,26,198,428
376: 457,97,728,1039,601,555,361,496,116,262
377: 464,83,162,553,560,62,104,266,439
378: 225,403,412,407,207,325,449,331
379: 600,413,312,256,95
380: 387,284,349,16,57,292,170,235,174,333
381: 519,470,957
1016: 901,463,887
383: 449,187,260,356,412,120,430,24
384: 272,80,158,350,466,271,328
385: 269,57,420,453,192,445,151,292,679,16
386: 42,96,609,851
387: 380,284,349,102,235,174,437,212,161
388: 226,172,370,187,356,645
389: 394,323,315,353,299,495,46,78,1007
390: 107,108,123,308,300,18,419,68,77
391: 474,341,71,237,216,195,510,273,63,280,285
392: 10,59,440,218,408,322,140,184,251,469,411
393: 924,954,347,628,116,142,355,839
394: 494,389,323,315,247,219,368,105,438,133
395: 252,132,418,355,186,45,924,747
396: 481,255,82,407,466,325,403
1014: 965
398: 203,328,497,274,35,80,94,767
399: 200,456,404,144,167,173,244
400: 28,275,741,362,616,742,988
401: 191,32,196,30,220,1026,27,468
402: 66,478,473,190,317,344,135,124,155
403: 225,378,396,82,407,207,325
404: 21,144,475,332,229,297,421,399,456,373
405: 549,667,850,988
406: 159,339,268
407: 82,50,479,396,207,204,403,378
408: 218,159,322,72,52,440,392,473,227
409: 28,275,510,273,63,410,667
410: 199,667,35,63,280,409,275
411: 166,224,433,41,363,469,10,59,392,473,303,214
412: 225,378,207,383,449,331,146,430
413: 312,256,948,680,286,566,600,379
414: 438,18,419,247,289,230,364,133,88,13
415: 373,270,100,223,429,209,163,492,14
416: 924,954,747,652,819
417: 127,40,134,183,493,357,491
418: 252,395,132,747,869,362
419: 438,18,414,308,340,390,68,13
420: 269,385,453,166,433,363,445,151,182
421: 153,200,456,446,461,215,229,404
422: 346,305,372
423: 248,625,884,448,918,324,552,122
424: 12,175,131,300,11,111,49,123,177
425: 919,744,533,302,753
426: 125,209,156,310,47,498,32,321
985: 818
428: 82,50,246,157,188,0,278,375,255
429: 223,22,436,38,297,475,373,415
430: 120,24,687,412,383,449,356,331,146
431: 264,1023,232,48,503,369,257,948
432: 254,455,276,339,175,131,72,52,290,55,49
433: 166,411,224,41,363,490,160,151,420,453
434: 76,490,152,979,41,363,192,445,151,855
997: 103,621,249,472,950,56
436: 223,22,429,311,338,309,209,156
437: 45,212,15,102,97,387,284,142,355,262,186
438: 18,419,414,219,494,394,247,308,340,133
439: 298,326,875,62,113,83,162,377
440: 10,59,392,218,408,72,184,478,473,227,303
441: 296,19,201,327,329,472,103,79
442: 302,113,966,139,875,86
443: 331,450,146,568,120,687,617,488
1039: 601,555,376,728,361,496,953,262
445: 192,151,265,855,434,385,57,420,679,16
446: 217,461,215,91,332,229,221,421
447: 360,338,309,364,301,20,79
448: 625,884,423,918,770,552,689,944
449: 383,187,260,356,207,204,378,412,430
450: 331,146,443,225,482,272,568
451: 493,239,358,282,124,215,153,200,99,491
452: 577,117,499,8,464,162,206,337,653
453: 269,385,420,166,433,363,53,160,182
454: 6,606,647,963,928,708
455: 254,276,432,101,164,12,175,131,52,49
456: 153,200,421,399,229,404,144,167
457: 376,679,102,97,728,265,284,496,262
458: 27,261,468,220,306,318,29,476
459: 68,13,77,319,217,38,221
1034: 750,940
461: 446,217,215,263,107,91,189,282,421
462: 1021,231,537,138,823
463: 838,901,1016,518
464: 83,162,377,8,841,266,452,337
465: 330,145,138,245,4,194,537
466: 372,350,271,325,365,481,396,346,384
467: 84,29,476,205,136,809,7,54
468: 27,458,261,220,51,191,401,476
469: 92,140,251,59,392,248,76,490,411,41,363
470: 112,605,381,519,1029
1044: 773,913,591
472: 249,327,441,201,103,621,997
473: 66,478,402,227,303,408,10,440,411
474: 69,341,391,168,25,81,280,285,497
475: 21,404,332,229,297,429,373
476: 467,29,27,458,468,318,205,136,809
477: 352,17,86,101,787,193,12,175
478: 66,402,473,98,227,303,190,440,135,155
479: 82,50,407,0,342,207,204,257,85
480: 590,695
481: 396,375,255,246,365,82,372,466
482: 225,350,325,272,331,450
483: 
484: 157,244,21,144,373,100,278
485: 60,3,653,577,117,202,218,159,322,184
1046: 
487: 78,193,1007,171,313,243,352,314
488: 959,568,443,687,617,772
992: 
490: 76,434,152,469,59,248,433,41,363,151
491: 167,173,357,451,493,200,99,417,127,40
492: 334,163,345,223,415,270,336,14
493: 451,239,358,9,153,99,58,417,127,167,357,491
494: 394,315,247,78,219,340,438
495: 353,87,46,179,243,238,1007,389,323,315
496: 361,347,1039,555,376,457,116,142,262
497: 203,328,398,474,168,158,81,280
498: 191,32,321,125,426,258,36
499: 577,452,587,8,841,279,330,145,337
500: 967,588
501: 
502: 852,537,245,517,610
503: 48,369,7,680,264,431,256,948
504: 516
505: 832
506: 700,1013
507: 233,1025,1011,1031,1021,231,968
508: 615,757,696
509: 
510: 75,195,273,237,391,252,132,362,409,28
511: 
512: 1032,119
513: 806
514: 792,708,920
515: 746,834
516: 504
517: 245,916,502
518: 689,130,612,770,463,838
519: 381,115,767,288,137,635,470
520: 743
521: 
522: 565,563
523: 543,602
524: 789
525: 915,684
526: 
527: 872
528: 657,782
529: 676,1022
530: 826,844,831
531: 987,722,335
532: 
533: 197,335,259,425,744
534: 
535: 724,858,836,803
536: 
537: 852,502,1011,330,465,138,462,231,823
538: 854,895
539: 
540: 
541: 999,745,658
542: 794
543: 986,523,574,602
544: 
545: 571
546: 1018,806
547: 987,736,776
548: 
549: 405,635,850,911
550: 
551: 
552: 324,1008,128,106,918,122,423,448
553: 878,37,914,104,845,841,266,377
554: 675
555: 1039,601,662,376,6,361,496,953
556: 348,772,211
557: 919,560,938,845,966
558: 1024
559: 
560: 62,104,938,845,557,377
561: 1020,691,971
1033: 
563: 522
564: 867
565: 522
566: 286,2,413,600,984
567: 748,746,878,37
568: 768,272,80,450,443,617,234,488
569: 
570: 771
571: 710,545,291,176
572: 798
573: 843
574: 602,543,986
575: 1035
576: 718
577: 117,452,499,8,279,330,145,206,3,485,653
578: 
579: 796
580: 598
581: 921,661
582: 718
583: 1025,725,749,951,801,233
584: 823,1008,279,60,3,653,128,122
585: 749,951
586: 886
587: 4,194,914,841,145,499
588: 967,500
999: 541,656,735,957
590: 596,976,480
591: 877,1044,913
1026: 220,51,236,74,697,73,30,23,401
593: 
594: 
595: 899,180,606,963,891
596: 590,868,891,819
597: 832,613,786
598: 580
599: 
600: 379,286,566,413
601: 1039,555,1045,662,376,728
602: 574,962,543,986,523
1030: 796,789
604: 828
605: 112,470,1032,735,1029
606: 6,454,647,963,361,628,953,595,180
607: 814,74,236,756
608: 
609: 348,42,96,386
610: 1025,725,1011,852,502
611: 824
612: 106,185,918,770,1031,968,518
613: 832,597,618
614: 
615: 508,696
616: 869,741,853,400,742
617: 234,768,568,443,488
618: 890,613
619: 970,713
620: 622
621: 103,61,997,472,74,697
622: 752,620
623: 900
624: 
625: 248,884,154,423,979,448,918,689,944
626: 703
627: 
628: 361,347,953,606,180,839,891,393
629: 838,130,1037,740
630: 
631: 
1025: 583,725,610,1011,749,852,233,507
633: 994
1013: 506
635: 549,137,519,911
636: 638,2,984
990: 
638: 636,706,743
639: 779,810
640: 998
641: 
642: 
643: 
644: 800,873
645: 356,388,172,24
646: 859
647: 6,454,606,662,928
648: 811,661
649: 849,861,837,929
1045: 601,1036,147,728
651: 
652: 819,693,416,869,853
653: 60,3,485,279,577,117,452,206,584,202,322
654: 
655: 812,934,291,222,903
656: 957,779,999
657: 528,782
658: 1024,541
659: 910
1036: 147,154,979,855,1045
661: 648,581
662: 928,601,555,647
663: 
664: 821
1028: 705,970
666: 
667: 199,410,35,409,275,288,988,405,137
668: 835
669: 
670: 
1047: 120,24,687,348
672: 803,996
673: 
674: 975
675: 554
676: 700,529,1022
677: 729,758
678: 946,763,795
679: 457,102,728,192,445,265,385,349,16
680: 54,503,369,7,286,413,256,948
681: 830,955,951
989: 240,706,804,2
683: 
684: 1050,525
685: 
686: 1017,814,837,756
687: 120,430,1047,146,443,488,348,772
688: 777
689: 130,944,518,918,770,625,448
690: 
691: 561,1020
692: 784,799,977
693: 652,819
694: 893
695: 480,705
696: 615,508
697: 74,103,621,61,73,30,1026,236
698: 
1017: 686,889
700: 676,506
701: 930,982
1035: 575
703: 626
704: 
705: 1028,695
706: 804,743,989,638
707: 876,817
708: 514,454,920,879
709: 923
710: 571
711: 
712: 908,281,1043,87,118,898
713: 970,619
1024: 658,558
715: 
716: 
717: 896
718: 582,576
719: 885,777
720: 751
721: 
722: 197,335,531,987
723: 733
724: 858,535,172,43,836,1048
725: 583,1025,610,848,749
726: 961,921,958
727: 
728: 376,679,457,147,265,1039,601,1045,262
729: 677,906
730: 
996: 672
732: 748
733: 723
734: 972,773,913
735: 1029,957,605,999
736: 776,547,343,856
737: 906
738: 860,791
739: 860
740: 907,629,928
741: 869,362,616,853,28,400
742: 850,988,616,400
743: 706,520,638
744: 425,919,533
745: 541,817
746: 567,515,834
747: 924,416,395,418
748: 253,567,732
749: 951,585,583,1025,725,801
750: 888,1034
751: 720
752: 622
753: 139,109,171,425,181,277,302
754: 774
755: 
756: 23,837,936,814,607,686,51,236
757: 771,902,508
758: 677,995
1029: 735,957,470,605,1032
760: 879
761: 974
762: 
763: 946,678
1023: 264,431,67,267,948,226,370
1011: 1025,610,852,537,233,507,1021,231
766: 
767: 115,94,288,398,274,768,234,519,112
768: 272,80,568,328,274,767,617,234
769: 327,329,903,208,934,129,367
770: 185,918,612,689,130,944,518,448
771: 757,902,570,863
772: 348,556,687,959,488,864,211
773: 1044,913,826,831,734
774: 754
775: 983,806
776: 736,547
777: 688,719
778: 947
779: 656,639
780: 
1009: 
782: 528,657
783: 808,940
784: 799,692,977
987: 547,531,722
786: 597
787: 298,101,875,352,477,86,254,175
788: 
789: 1030,796,524
1008: 823,584,3,128,106,552,122
791: 860,738
792: 514,910,920
1043: 281,856,712,908,87
794: 542
795: 678
796: 1030,789,579
797: 
798: 572
799: 784,692,800,873
800: 873,799,644
801: 749,951,583,233
802: 
803: 672,836,535
804: 706,849,989
805: 813,277,343,181,856,179,126,238
806: 983,775,513,546
1021: 462,1031,231,1011,507,106,185
808: 783,982,940
809: 240,318,84,467,29,476
810: 639,876
811: 648
812: 934,655,898
813: 805,277,259,343,181
814: 607,686,837,756
815: 842
816: 1018
817: 745,876,707
818: 821,985
819: 652,693,868,416,954,596
820: 1012
821: 818,664
822: 
823: 584,1008,537,279,330,138,462,3
824: 611
825: 
826: 530,773,831
827: 
828: 604,830
829: 
830: 681,955,828
831: 530,826,773
832: 613,597,505
833: 834,916,194
834: 746,515,833
835: 668
836: 43,1048,95,803,724,535
837: 861,23,756,936,814,686,649
838: 463,130,518,629
839: 868,891,361,347,628,953,180,924,954,393
988: 850,742,275,400,667,405
841: 8,266,553,914,587,464,499
842: 815
843: 573
844: 530
845: 560,104,253,557,878,37,553
1042: 915
847: 
848: 725
849: 649,861,929,804
850: 742,988,405,549
851: 42,386
852: 537,502,1025,610,1011,231
853: 869,741,616,652
854: 538,895,962
855: 192,445,151,265,979,434,152,1036,147
856: 281,1043,179,343,736,805,353
1012: 820
858: 724,535,96
859: 646
860: 791,739,738
861: 23,837,936,306,929,649,849
862: 949,980
863: 771
864: 1032,959,772,211,119
865: 
1032: 864,605,119,1029,512
867: 932,564
868: 839,891,954,596,819
869: 741,362,616,853,418,652
870: 882
871: 1041
872: 527
873: 800,799,644
874: 911
875: 298,439,787,442,113,139,86
876: 810,817,707
877: 591,941
878: 37,553,914,567,845
879: 760,708
880: 
881: 
882: 870
883: 42,96
884: 248,625,154,423,979,448,324,76,152
885: 719
886: 586
887: 1016
888: 750
889: 1017
890: 618
891: 839,868,628,595,180,954,596
892: 933
893: 694
894: 
895: 854,538,962
896: 717
897: 
898: 118,208,712,812,934,368
899: 595,976,917
900: 623
901: 978,1016,463
902: 771,757
903: 769,327,329,934,655,222,249
904: 994
905: 984
906: 737,729
907: 740,928
908: 712,293,1043
986: 543,574,602
910: 920,792,659
911: 874,549,635
998: 640
913: 1044,773,591,734
914: 878,553,587,841,266
915: 1042,525
916: 245,517,833,194
917: 976,899,956
918: 106,185,612,770,552,689,625,423,448
919: 425,744,557,938,302,966
920: 910,514,792,708
921: 581,726,958
922: 
923: 709
924: 416,954,747,393,355,186,839,395
925: 
926: 
927: 
928: 662,907,740,454,647
929: 306,318,861,936,261,649,849
930: 701,977
931: 
932: 867
933: 892
934: 812,655,898,208,769,329,903
1048: 43,836,172,370,724
936: 861,23,837,756,51,261,306,929
937: 
938: 560,62,104,557,919,113,966
939: 971
940: 808,783,1034
941: 877
1027: 
1007: 78,193,487,243,238,495,389,315
944: 689,130,770,625,154,448
945: 1051
946: 763,678,995
947: 778
948: 413,312,256,267,503,680,431,1023
949: 862
950: 249,291,222,56,997
951: 749,585,583,681,801
952: 
953: 361,347,628,1039,555,6,606,180,839
954: 924,416,393,839,868,891,819
955: 681,830
956: 917
957: 735,1029,381,656,999
958: 726,961,921,335
959: 488,772,864,211
960: 
961: 726,958,335
962: 602,854,895
963: 6,454,606,595,180
964: 
965: 1014
966: 442,302,113,557,919,62,938,139
967: 588,500
968: 507,1031,612
1018: 816,546
970: 1028,713,619
971: 939,561
972: 734
973: 
974: 761
975: 674
976: 917,899,590
977: 784,692,930
978: 901
979: 248,625,884,154,434,152,1036,855
980: 862
981: 
982: 808,701
983: 775,806
1051: 945