0: 428,165,14,334,270,188,213,342,435,85,479,50,204
1: 482,396,350,82,466,375,403,331,325
2: 95,948,312,7,286
3: 202,485,60,138,330,279,128,140
4: 104,377,266,194,114,499,452
5: 210,307,354,366,134,40,357,183,304,316,422,26,474
6: 361,454,130,147
7: 84,93,379,413,256,312,2
8: 164,287,266,464,162,326,337,499,44
9: 358,214,166,155,66,124,127,239,493,282,417
10: 59,440,227,218,473,303,41,160,224,411,166
11: 12,477,175,444,17,193,352,300,64,49
12: 11,477,175,17,33,300,64,424,131,49
13: 68,108,107,77,360,289,459,297,319,38,436,338
14: 0,428,165,415,334,270,345,213,342,85
15: 45,427,284,97,437,387,212,116,161
16: 420,445,151,363,434,469,433,269,102,385,143
17: 193,352,313,219,487,11,12,64
18: 68,108,438,107,414,494,247,419,230,364,20,360,289
19: 441,79,103,296,121,156,228,301,201
20: 156,447,228,360,289,230,121,364,18
21: 475,100,332,144,229,297,38,404,157,429,373,213
22: 223,163,436,338,309,297,319,311,475,429,415
23: 401,458,220,29
24: 119,488,443,348,483
25: 168,346,141,307,366,305,316,474,81
26: 305,316,422,365,134,40,304,198,307,366,5
27: 468,321,458,31,54,191,136,467,476
28: 395,132,148,273,418,362,400
29: 23,220,261
30: 73,374,196,401,51,61,236,201
31: 54,191,318,136,48,27,258,467,241,205,93
32: 468,321,374,196,401,498,426,47
33: 308,300,64,315,219,12,340,419,390
34: 91,461,221,229,77,459,319,38,456,332
35: 288,381,410,328,203,70,199
36: 258,345,125,163,209,311,489,334,492,136,336
37: 253,787,377
38: 459,297,319,13,91,34,229,338,21,475,332,429
39: 410,280,341,63,391,195,409,199
40: 134,357,491,417,183,99,304,167,198,5,422,26
41: 160,224,411,433,10,59,440,490,469,251
42: 638,386,388
43: 566,264,95,948,312,370,388,267
44: 337,499,452,117,8,202,159,485
45: 15,427,252,97,142,116,186,148
46: 105,129,281,353,293,118,368,389,323
47: 498,426,209,301,201,310,374,196,309,32,321
48: 31,191,318,136,258,345,125,241,336,205,369
49: 55,290,111,424,131,455,11,12,175,300,123,177
50: 207,403,407,479,188,0,428,481,82,466,255
51: 30,401,236,56,74
52: 101,455,254,164,276,339,432,406,408
53: 358,214,160,224,453,182,385,380,292,58
54: 31,191,318,136,27,458,467,476
55: 294,190,290,111,49,72,177,402,189,215,317
56: 472,236,51,74
57: 269,182,380,170,349,437,387,212,174,235
58: 380,292,170,53,358,127,493,134,357,491,417,183,65
59: 10,440,227,392,92,184,469,251,41,411
60: 3,202,159,322,392,92,140,184
61: 472,295,236,441,79,30,73
62: 439,113,298,253,302,86,442,83
63: 39,280,341,81,285,141,195,328,497
64: 33,308,300,17,315,219,487,11,12,175,424
65: 150,174,333,235,170,58,134,357,183,210,307,354
66: 473,135,402,124,303,190,227,344,9,166,155
67: 257,260,449,264,232,226,383,471,267
68: 18,108,438,13,107,247,364,77,360,289
69: 474,81,285,307,354,237,71,216
70: 199,405,410,275,288,35,137
71: 237,75,216,354,69,285,195,341
72: 432,478,408,98,55,190,290,111,131,135
73: 30,374,79,61,236,301,201
74: 236,56,51
75: 237,71,216,427,252,395,273,391,195
76: 92,140,122,128,248,397,490,434,251
77: 390,263,217,68,108,438,13,107,91,461,34,459
78: 243,1007,315,219,487,495,313,299
79: 441,103,19,61,301,201,73
80: 158,384,328,497,203,272,149,398
81: 474,69,285,366,25,346,141,63,497
82: 481,466,375,246,255,428,403,407,479,50,1,331
83: 464,162,326,253,439,62
84: 7,93,286,467,240,413
85: 342,435,242,336,0,428,165,14,207,479,260,204
86: 181,302,109,113,62,314,171
87: 343,281,293
88: 296,230,121,105,129,367,329,327,133,103
89: 278,188,484,110,213,404,244,157,100,144,198,173,399
90: 222,176,249,329,327,367,441,103,295
91: 461,446,221,34,229,77,263,217,108,107,459,38
92: 140,184,76,60,128,59,490,251
93: 7,84,31,318,467,240,205,413
94: 381,203,149,211,112,115
95: 948,312,2,370,566,43
96: 172,483,430,187,348,386
97: 437,212,347,457,284,355,116,45,15
98: 478,406,408,72,486,268,218,227,473,135,303
99: 451,493,244,421,200,40,491,417,304,167,198,399
100: 21,475,332,144,404,157,270,373,188,484,89,213,165
101: 455,52,254,326,444,298,477,175,432
102: 269,182,385,433,16,420,151,265,143,284,349
103: 441,79,19,90,327,88,296,121
104: 4,377,266,878,194,114
105: 129,367,46,368,323,394,327,133,88,230
106: 185,448,689,423,463,152,324
107: 18,68,108,438,13,308,247,77,390,123,263,217,91,459
108: 18,68,438,13,107,77,263,360,289,91,459,319
109: 259,335,181,86,277,171,193,313
110: 278,188,484,89,157,198,173,422,365,246,255
111: 294,55,290,424,131,49,72,123,177,217
112: 211,94,115,382
113: 439,444,298,62,314,302,86,171
114: 194,553,104,4,465,245,117,452
115: 288,94,381,112,382
116: 355,480,142,347,97,45,15,186
117: 245,283,114,499,44,452,330,159,485
118: 293,208,129,367,46,359,329
119: 488,24,274,146,443,470
120: 146,443,348,225,450,430,172
121: 88,296,230,364,103,19,156,20,228,289,301
122: 463,462,279,128,423,76,324,397
123: 390,177,263,217,308,300,419,111,424,49,107
124: 66,402,215,344,317,9,214,155,127,239,153,282
125: 36,258,498,209,489,321,191,136,48
126: 495,179,277,371,335
127: 239,451,493,282,124,9,358,214,292,58,357,491,417
128: 122,279,3,92,140,76,397
129: 105,367,46,118,368,323,359,329,88
130: 448,152,262,147,6
131: 290,111,424,49,455,12,477,175,432,72
132: 395,28,186,148,416,418
133: 414,494,247,368,394,105,88,230
134: 40,357,491,183,170,58,304,65,210,307,5,26
135: 66,473,402,303,478,408,72,98,190,227,344,317
136: 31,54,191,48,27,321,36,258,125,336,205
137: 70,405,288
138: 145,330,283,233,3,462,279
139: 181,302,442,425,197
140: 92,184,76,3,202,60,392,279,128
141: 168,25,346,305,474,81,63,158,384,497
142: 355,480,116,45,250,416,186,148
143: 496,457,284,16,151,265,269,102,349,437,387
144: 21,100,332,404,244,157,373,173,484,89,213
145: 138,330,231,178,283,233
146: 120,443,450,234,274,470,119
147: 262,376,192,130,445,361,6
148: 395,132,28,186,142,45,427,252
149: 274,398,80,203,94,211,470
150: 65,174,333,235,212,354,427,237,216,161
151: 16,420,445,265,363,376,192,102,385,457,143,349
152: 169,324,154,248,106,448,130,262,192
153: 239,451,493,282,124,215,344,446,221,421,200,456
154: 169,152,324,248,490,434,262,192,420,445
155: 9,358,214,166,66,402,124,303,344,160,239
156: 447,20,228,296,121,364,19,301,310
157: 404,244,200,456,21,100,144,198,173,399,484,89,110
158: 80,384,328,497,203,168,346,141,272,280
159: 202,485,322,60,117,337,499,44,287,206
160: 41,224,453,411,10,53,358,214,166,155,182
161: 237,216,437,212,150,174,333,15,427,252
162: 464,83,326,266,439,499,8,164,287,254
163: 223,436,22,311,489,429,415,334,492,36
164: 8,276,287,162,326,337,52,254,339
165: 0,428,14,100,334,270,373,188,484,213,85,255,479
166: 9,214,155,10,227,66,473,303,160,224,411
167: 304,198,173,399,99,493,244,200,40,357,491,422
168: 25,346,141,271,272,350,158,384,497
169: 152,324,154,248,397
170: 380,292,58,57,134,357,183,65,333,235,210
171: 193,352,313,181,86,109,113,314
172: 96,412,430,187,226,356,120,348,386
173: 304,167,198,399,244,157,144,278,484,89,110,422,365
174: 65,150,333,235,57,380,437,387,212,161
175: 11,12,477,101,455,64,432,424,131,49
176: 222,90,249,291
177: 390,123,263,217,300,294,55,290,111,424,49,461
178: 465,245,283,231,233,145,330
179: 495,277,126,371,238,343
180: 347,496,457,361,454,393,355
181: 139,302,86,442,425,259,109,171
182: 269,102,385,57,160,453,433,53,380,292
183: 134,40,357,491,417,292,170,58,65,333,235,210,5
184: 92,140,322,60,392,59,440,251
185: 106,448,728,689,423,463,324
186: 132,148,142,116,45,250,416
187: 226,356,471,96,172,386
188: 278,484,89,110,213,100,270,0,428,165,255,50
189: 215,344,317,294,55,217,461,446,221,282
190: 55,290,478,72,66,135,402,344,317
191: 31,54,136,48,468,27,321,125,476
192: 262,376,147,152,154,363,434,420,445,151
193: 17,171,352,313,109,444,314,243,487,11
194: 553,114,878,104,4
195: 273,391,252,237,71,75,285,39,341,63
196: 30,374,401,47,468,32,321,458
197: 253,787,139,442
198: 304,167,173,399,99,157,40,89,110,422,26,365
199: 70,405,39,410,280,275,409,35
200: 244,421,456,157,99,451,493,153,491,167,399
201: 301,310,79,19,228,30,73,374,47
202: 3,159,485,322,60,44,330,206,392,140
203: 158,80,328,410,149,94,381,35
204: 257,260,449,0,435,242,85,207,378,407,479
205: 369,413,31,318,136,48,241,431,93
206: 486,268,339,392,337,276,287,202,159,322
207: 378,407,479,50,242,85,260,449,204,331
208: 293,118,291,359
209: 498,426,311,489,47,223,309,321,492,36,125
210: 307,354,366,5,170,134,183,65,333,235
211: 112,470,149,94,488
212: 97,437,387,57,150,174,15,427,161
213: 278,188,484,89,21,100,144,270,373,0,428,165,14
214: 9,53,358,166,155,124,160,453,411,127
215: 189,344,317,294,55,402,124,461,446,221,153,282,421
216: 237,71,75,161,150,333,354,69,285
217: 77,123,177,263,294,111,107,189,91,461
218: 486,268,339,392,322,98,10,440,227,473,303
219: 243,315,78,487,17,33,64,340
220: 458,23,29,476,261
221: 91,461,446,34,229,189,215,153,404,421,456
222: 359,90,176,249,329,327,291
223: 163,436,338,22,309,447,426,209,311,489,492
224: 41,160,453,411,433,10,363,469,53,166,385
225: 331,325,450,412,430,378,403,356,120
226: 187,356,383,449,67,412,471,267,172
227: 10,59,440,486,218,392,98,66,473,135,303,166
228: 156,447,20,121,19,301,201,310,436,309,426
229: 91,221,34,459,38,404,244,421,456,21,475,332
230: 88,296,121,364,105,414,133,18,20
231: 465,178,233,577,145
232: 264,256,431,379,460,257,260,67,267
233: 577,231,178,145,138
234: 274,398,482,272,350,325,450,384,146
235: 65,150,174,333,57,380,292,170,183,387,210
236: 472,61,56,30,73,51,74
237: 71,75,216,161,150,427,252,69,195
238: 343,353,495,179,1007,389,323,299
239: 127,451,493,153,282,124,344,9,358,155,417
240: 467,306,84,93,286
241: 435,242,431,336,258,31,48,205,369,460
242: 342,241,435,431,336,85,460,207,257,260,204
243: 1007,78,219,487,495,277,193,313
244: 404,421,200,456,157,229,99,144,167,173,399,89
245: 465,178,117,283,114,452
246: 481,82,466,375,255,278,110,372,365
247: 414,133,494,340,419,308,364,390,18,68,438,107
248: 169,152,324,154,397,76,490,434
249: 222,90,176,351,441,295
250: 416,480,142,186
251: 490,469,92,184,76,59,41
252: 45,427,237,75,161,395,148,273,195
253: 197,37,787,302,442,464,83,62
254: 101,455,52,162,326,439,298,164,276,406
255: 481,82,466,246,278,188,484,110,428,165,479,50
256: 264,232,379,369,460,7,312,267
257: 260,449,67,204,435,242,431,369,460,232
258: 36,345,125,492,31,136,48,342,241,336
259: 335,109,425,181
260: 257,449,67,204,242,431,85,207,378,232,383
261: 467,476,220,29,306
262: 147,192,448,152,154,130,445
263: 77,390,123,177,217,308,294,424,108,438,107,91,461
264: 256,232,67,312,370,267,43
265: 420,445,151,376,102,361,496,457,143,284
266: 104,4,377,464,162,499,452,8
267: 370,388,471,67,264,256,232,226,43
268: 486,206,218,339,392,322,406,98,440
269: 182,102,385,57,453,16,380,143,349,387
270: 429,415,334,492,373,100,188,213,0,165,14,342
271: 168,346,372,305,316,466,375,396,350
272: 482,396,350,168,158,80,384,234,274,398
273: 391,195,252,75,395,28,341,409
274: 234,149,398,272,146,443,470,119
275: 400,409,70,199,405
276: 164,287,326,52,254,486,206,339,406,408
277: 495,179,126,335,109,313,243
278: 188,484,89,110,213,173,428,365,481,246,255
279: 122,462,128,138,330,3,140
280: 39,410,341,63,158,328,497,199
281: 343,353,87,293,46
282: 127,239,451,493,153,402,124,189,215,344,317,446,9,421
283: 465,245,178,117,145,138,330,485
284: 347,457,143,265,102,97,349,437,387,15
285: 474,81,69,71,216,195,341,63
286: 84,240,306,2
287: 8,164,276,162,337,499,159,206,339,406
288: 381,35,70,137,115
289: 447,20,360,414,121,364,18,68,108,438,13,338
290: 294,55,190,111,424,131,49,432,478,72,177
291: 208,359,222,176
292: 380,170,58,453,53,358,127,182,417,183,235
293: 118,208,87,281,46
294: 55,290,111,177,263,217,189,215,317,461
295: 472,61,90,249,351,441
296: 88,230,121,364,327,103,19,156
297: 459,319,38,13,436,338,22,21,475,332,429
298: 439,444,113,62,314,326,101,254,477
299: 368,389,323,394,238,1007,315,78,494,340
300: 33,308,64,11,12,424,49,390,123,177
301: 201,310,121,79,19,156,228,73,309,47
302: 139,181,86,442,253,439,113,62,314
303: 66,473,135,218,98,10,440,227,411,166,155
304: 167,198,173,399,99,134,40,357,491,5,316,422,26,365
305: 372,316,26,366,474,25,346,141,271
306: 240,261,286
307: 210,354,366,5,134,65,333,26,474,69,25
308: 33,300,64,247,340,419,424,390,123,263,438,107
309: 223,436,22,447,228,301,310,426,209,311,47
310: 301,201,156,447,228,374,309,498,426,311,47
311: 498,426,209,489,310,223,163,436,22,309,492,36
312: 95,948,2,379,7,264,256,43
313: 17,171,193,109,495,277,243,78,487
314: 444,113,298,302,86,171,193,352
315: 1007,78,219,487,394,299,33,64,494,340,419
316: 372,305,422,26,365,304,366,5,25,346,271
317: 189,215,344,294,55,190,135,402,124,446,282
318: 31,54,48,467,205,413,93
319: 459,297,38,108,13,360,34,436,338,22,475
320: 351
321: 468,27,32,196,498,209,47,125,191,136
322: 202,159,60,337,206,268,218,339,392,184
323: 368,389,394,299,238,353,1007,105,129,46
324: 169,152,154,248,397,423,463,122,185,106
325: 331,225,450,412,466,403,482,396,1,234
326: 464,83,162,439,298,8,164,276,101,254
327: 222,90,329,105,367,88,296,441,103
328: 158,80,384,497,203,410,280,63,35
329: 359,222,90,327,118,129,367,88
330: 145,138,178,117,283,3,202,485,279
331: 225,325,450,412,430,82,207,378,403,407,1,383
332: 21,475,100,144,34,229,297,38,404,456,429,373
333: 65,150,174,235,170,183,210,307,354,216,161
334: 415,270,492,373,163,36,345,0,165,14,342,336
335: 259,109,277,126
336: 342,241,435,242,431,85,334,36,258,345,136,48
337: 499,44,452,8,164,287,159,322,206,339
338: 223,436,22,13,447,360,289,297,319,38
339: 486,206,268,218,337,164,276,287,52,322,406,408
340: 494,247,419,315,219,394,299,33,308
341: 39,280,63,71,285,273,391,195,409
342: 435,242,336,85,334,270,492,258,345,0,14
343: 238,281,353,371,87,179
344: 189,215,317,190,66,135,402,124,446,155,239,153,282
345: 36,258,489,334,492,48,14,342,435,336
346: 168,25,141,271,305,316,81,350,158
347: 496,457,180,284,97,437,355,116
348: 120,443,430,96,172,483,24
349: 437,387,151,269,102,385,57,143,284
350: 482,272,396,1,375,168,346,271,384,234
351: 249,320,472,295
352: 17,171,193,444,314,487,11,477
353: 238,343,281,1007,368,389,323,46
354: 210,307,5,65,150,333,71,216,474,69
355: 480,142,116,347,180,97,393
356: 187,226,383,225,412,430,172
357: 134,40,491,417,183,127,493,170,58,304,167,65,5
358: 9,53,214,155,160,127,239,292,58,417
359: 222,329,118,208,291,129,367
360: 447,20,289,364,18,68,108,13,319,436,338
361: 454,6,376,147,265,496,180
362: 418,28,400
363: 490,434,469,224,433,192,16,420,151,385
364: 296,230,121,414,247,18,68,156,20,360,289
365: 372,316,422,26,304,198,173,278,110,375,246
366: 210,307,5,305,316,26,474,81,25
367: 105,129,118,368,359,90,329,327,88
368: 323,394,299,353,105,129,367,46,133
369: 379,205,413,460,48,241,431,257,256
370: 388,471,267,264,95,566,43
371: 179,126,343
372: 305,316,422,365,481,375,246,271,396
373: 429,415,334,270,21,475,100,332,144,213,165
374: 30,73,196,201,310,498,47,32
375: 481,82,466,246,372,365,271,396,1,350
376: 147,192,445,151,265,361,496,457
377: 104,4,266,37,464
378: 207,403,407,260,449,204,331,225,412,383
379: 369,413,460,7,256,232,312
380: 292,170,58,453,53,269,182,57,387,174,235
381: 288,94,35,203,115
382: 112,115
383: 226,356,378,260,449,67,331,412
384: 158,80,328,168,141,272,350,234,398
385: 269,182,102,363,224,453,433,53,16,151,349
386: 42,638,187,96,172
387: 349,437,212,269,57,380,143,284,174,235,15
388: 370,471,267,43,42
389: 323,299,495,238,353,1007,46
390: 77,123,177,263,33,308,300,247,419,424,438,107
391: 273,195,75,39,341,400,409
392: 206,268,218,202,322,60,140,184,59,440,227
393: 454,180,355,480
394: 368,323,299,315,105,414,133,494,340
395: 132,28,148,252,75,273
396: 482,272,1,350,372,481,466,375,403,271,325
397: 169,324,248,463,122,128,76
398: 234,149,274,272,80,384
399: 304,167,198,173,99,244,200,456,157,491,89
400: 275,409,28,391,362
401: 30,196,51,23,468,32,458
402: 66,473,135,124,478,55,190,215,344,317,155,282
403: 378,407,50,481,82,466,396,1,331,225,325
404: 244,456,157,221,229,21,475,100,332,144,89
405: 70,199,275,137
406: 432,478,408,98,276,287,52,254,486,268,339
407: 207,378,403,479,50,428,82,466,449,204,331
408: 432,478,406,72,98,276,455,52,486,339,135
409: 400,275,273,391,39,341,199
410: 39,280,328,203,70,199,35
411: 41,160,224,453,10,59,303,469,214,166
412: 331,225,325,430,378,449,226,356,383,172
413: 379,205,369,460,318,7,84,93
414: 133,494,247,419,394,230,364,18,438,289
415: 429,334,270,492,373,163,22,14
416: 250,142,132,186,418
417: 40,357,491,183,9,358,99,127,239,451,493,292,58
418: 362,416,132,28
419: 414,494,247,340,315,33,308,390,123,18,438
420: 16,445,151,265,154,363,434,433,192,102
421: 244,200,456,215,446,221,229,99,451,153,282
422: 372,316,26,365,40,304,167,198,173,110,5
423: 918,463,122,462,185,106,728,324
424: 290,111,131,49,12,175,308,300,64,390,123,177,263
425: 139,181,259
426: 498,209,311,489,47,228,310,223,309,32
427: 45,15,252,212,150,237,75,161,148
428: 0,165,14,278,188,213,85,82,255,407,479,50
429: 415,270,373,297,38,163,22,21,475,332
430: 331,225,450,412,356,120,348,96,172
431: 241,435,242,336,205,369,460,257,260,232
432: 478,406,408,72,101,455,52,175,290,131
433: 41,224,453,363,469,16,420,182,102,385
434: 363,490,469,76,154,248,192,16,420,445
435: 342,241,242,431,336,85,345,0,257,204
436: 223,163,338,22,309,13,447,228,360,297,319,311
437: 97,349,387,212,57,347,143,284,174,15,161
438: 18,68,108,107,308,414,247,419,77,390,263,289
439: 444,113,298,62,302,83,162,326,254
440: 10,59,227,268,218,392,184,303,41
441: 79,103,19,90,249,327,295,61
442: 139,181,302,197,253,787,62
443: 146,120,348,450,274,483,470,119,24
444: 439,113,298,314,193,352,101,11,477
445: 16,420,151,265,154,434,262,376,147,192,496
446: 91,461,221,189,215,344,317,153,282,421,456
447: 156,20,228,360,289,310,223,436,338,309
448: 185,106,689,152,130,262
449: 257,260,67,204,207,378,407,412,226,383
450: 331,225,325,430,482,234,146,120,443
451: 99,127,239,493,153,282,421,200,456,491,417
452: 337,499,44,114,4,266,245,117
453: 160,224,411,433,53,214,269,182,385,380,292
454: 361,6,496,180,628,393
455: 101,52,254,477,175,432,408,131,49
456: 404,244,421,200,157,446,221,34,229,451,153,332,399
457: 347,496,143,180,284,376,151,265,97
458: 220,196,401,23,468,27,54,476
459: 297,319,38,77,108,13,107,91,34,229
460: 379,369,413,241,242,431,257,256,232
461: 91,446,221,34,294,77,177,263,217,189,215
462: 463,122,279,138,918,423
463: 122,462,423,185,106,324,397
464: 83,162,326,253,377,266,8
465: 245,178,283,553,114,231
466: 481,82,375,246,255,403,407,50,271,482,396,1,325
467: 476,240,261,27,31,54,318,84,93
468: 27,32,321,196,401,498,458,191,476
469: 363,490,434,251,59,41,224,411,433,16
470: 211,149,274,146,443,119,488
471: 370,388,267,67,187,226
472: 295,61,236,351,56
473: 66,135,402,303,486,218,478,98,10,227,166
474: 81,69,285,307,354,366,5,305,25,141
475: 21,100,332,229,297,319,38,22,404,429,373
476: 467,261,468,27,458,220,54,191
477: 11,12,175,444,298,352,101,455,131
478: 432,406,408,72,98,486,190,290,473,135,402
479: 207,407,50,0,428,165,85,82,255,204
480: 355,142,116,393,250
481: 82,466,375,246,255,278,372,403,50,396
482: 272,396,1,350,466,325,450,234
483: 96,443,348,24
484: 278,188,89,110,213,157,100,144,173,165,255
485: 3,202,159,117,283,44,330
486: 206,268,218,339,276,478,406,408,98,227,473
487: 243,315,78,219,17,193,352,313,64
488: 119,24,211,470
489: 498,426,209,311,223,163,492,36,345,125
490: 363,434,469,251,92,76,154,248,41
491: 134,40,357,417,183,99,127,451,493,200,58,304,167,399
492: 415,334,270,223,163,209,311,489,36,258,345,342
493: 99,127,239,451,153,282,9,200,58,357,491,417,167
494: 414,133,247,340,419,315,394,299,18
495: 179,277,126,238,313,243,1007,78,389
496: 347,457,143,180,376,445,265,361,454
497: 158,80,328,81,168,141,280,63
498: 426,209,311,489,47,310,374,468,32,321,125
499: 337,44,452,4,266,162,117,8,287,159
500: 785,704,696,900
501: 538
502: 834,952,648,914
503: 535,724
504: 738,546,882,765,532,942
505: 677,637,861
506: 725,852
507: 855,823,577
508: 949,904,866
509: 832,636
510: 
511: 916,522,921,744,610,875,807
512: 556,768,643,817
513: 872,582
514: 901,978
515: 517,681
516: 765,942,816
517: 515
518: 630,685
519: 850
520: 995,677
521: 751
522: 1009,921,746,744,610,511
523: 605,542,627,574,826
524: 603,808
525: 913
526: 906,762,675
527: 721,960
528: 715,885,820
529: 690,958,557
530: 
531: 897,845,966,533,567,560
532: 942,504,882,802
533: 581,557,567,661,897,531,560
534: 891,705,780
535: 503,672,724
536: 925
537: 625,770,1008,884
538: 962,574,501
539: 899
540: 623
541: 704,810,707,967
542: 605,986,523,627,716,734,543
543: 716,542
544: 
545: 678,759,812
546: 738,504,925,764,882
547: 560,567,969
548: 
549: 810,616,693
550: 798
551: 996,871
552: 887,702,740,801
553: 194,114,841,465
554: 718
555: 
556: 512,768,643
557: 581,533,567,529,661,958
558: 1010,817,957,588
559: 721
560: 547,533,567,531,938
561: 777
562: 617,643
563: 739,945
564: 688
565: 
566: 43,95,948,645,370
567: 581,533,557,531,547,560
568: 858,864
569: 928
570: 771,760,641
571: 650,908
572: 670,867
573: 630,631,604
574: 826,538,605,523
575: 991,930
576: 723
577: 233,231,507
578: 742,614
579: 737
580: 784
581: 533,557,567,958,610,875
582: 870,513,987
583: 953,674
584: 653,830,625
585: 698
586: 609,831
587: 748,746,1009,921,973
588: 854,735,957,874,1010,558,817
999: 915
590: 
591: 599,687
592: 
593: 
594: 807
595: 910,920,868
596: 747,695,949
597: 703,637,829
598: 789,783
599: 772,591,913,687
600: 
601: 708
602: 
603: 524,808
604: 573
605: 542,523,627,574,734
606: 629,839,659,879
607: 
608: 653
609: 586,831
610: 744,958,522,581,511,875
611: 
612: 740,709,968,770,702
613: 
614: 742,780,578,892
615: 
616: 549,810,693
617: 858,562
618: 809,743,849
619: 976,633
620: 917,717
621: 778,946,861
622: 
623: 540
624: 
625: 537,584,944
626: 
627: 605,986,542,523,854,1010
628: 454
629: 839,606,659,879
630: 518,573
631: 573
632: 
633: 619,713
634: 
635: 
636: 743,849,509
637: 505,861,597,703,829
638: 42,386
639: 915,926
640: 
641: 863,713,760,570
642: 885,972
643: 512,556,562,817,826
644: 788,930,796
645: 948,566
646: 934,808,856
647: 887,702,749,953
648: 502,952
649: 846,865,936,989,803
650: 908,571
651: 729,881
652: 920,901
653: 608,584
654: 797
655: 
656: 785,941
657: 844,684,773
658: 660,779
659: 629,606,879
660: 658
661: 533,557,897
662: 801
663: 
664: 871,867
665: 684,844
666: 
667: 794
668: 758,804,998
669: 726,987,730
670: 715,572,867,836
671: 
672: 724,535
673: 796
674: 583,838
675: 701,526
676: 
677: 505,520
678: 759,545,710
679: 979
680: 
681: 515
682: 825
683: 
684: 665,657,844
685: 518
686: 814
687: 599,591
688: 564
689: 185,106,448,728
690: 529,730,726
691: 883,985,886
692: 906
693: 549,616
694: 859
695: 596,747,911
696: 937,704,500
697: 950
698: 585,828
699: 977,893
700: 
701: 675,755
702: 887,647,552,709,968,612
703: 597,637,861
704: 541,876,937,696,500
705: 780,891,534,863,713
706: 929,905
707: 967,541
708: 601
709: 968,702,612
710: 678,950
711: 
712: 808
713: 641,863,760,633,705
714: 869,956
715: 670,836,528
716: 854,986,542,543
717: 620,774
718: 554
719: 
720: 828,749
721: 559,960,527
722: 776,733
723: 576,811
724: 672,503,535
725: 852,506
726: 669,730,690
727: 980,954
728: 185,689,918,423
729: 873,651
730: 669,726,690
731: 
732: 
733: 722
734: 605,542
735: 588,854,957,874,862,794
736: 903
737: 579
738: 504,546,925,765
739: 563
740: 612,968,552,963
741: 
742: 614,578,892
743: 636,849,809,618
744: 958,610,522,921,916,511,875,807
745: 874,862
746: 587,522,1009
747: 596,695
748: 587,973
749: 953,720,647
750: 859
751: 521
752: 
753: 897,845
754: 896,880
755: 800,701
756: 
757: 
758: 668
759: 678,545
760: 774,994,570,641,713
761: 821,818
762: 526
763: 
764: 882,992,546
765: 516,738,504,942
766: 843
767: 
768: 512,556,957,862
769: 898
770: 968,537,612
771: 570,970
772: 599,913,858
773: 657
774: 994,760,717
775: 
776: 722
777: 561
778: 621,824,946,861
779: 658
780: 705,891,534,614
1009: 522,921,746,587
782: 894
783: 789,982,598
784: 580
785: 500,900,941,656
786: 832,795,890
787: 197,37,253,442
788: 644,827,930
789: 783,598
1008: 537
791: 992
792: 
793: 
794: 667,854,735
795: 786
796: 982,644,673
797: 654,917
798: 984,550
799: 
800: 755
801: 662,953,887,552
802: 872,532
803: 649
804: 842,668,815
805: 919
806: 925
807: 875,744,916,511,594
808: 524,603,712,934,646
809: 618,989,743,849,846,936
810: 549,616,876,541
811: 723,961
812: 947,545
813: 
814: 686
815: 837,842,804,998,822,905
816: 516
817: 1010,558,957,512,643,588,826
818: 761
819: 
820: 528,885
821: 761
822: 998,837,815,905
823: 507
824: 778
825: 682
826: 574,643,817,523
827: 788
828: 720,698
829: 637,597,832
830: 584
831: 609,586,877
832: 786,829,509
833: 834,878
834: 502,952,833
835: 
836: 715,670
837: 815,822,905
838: 674
839: 629,606
840: 898
841: 914,553
842: 804,815
843: 766
844: 657,684,665,971
845: 897,531,966,753
846: 865,905,936,809,989,649
847: 
848: 
849: 743,636,936,809,618
850: 519
851: 
852: 725,506
853: 
854: 588,735,794,1010,716,986,627
855: 507,944
856: 934,646
857: 964
858: 568,617,772
859: 694,750
860: 
861: 505,637,778,621,703
862: 957,874,745,768,735
863: 641,713,705
864: 568
865: 846,905,936,649
866: 508
867: 664,572,670
868: 595
869: 924,976,956,714
870: 582,987
871: 996,664,551
872: 513,882,802
873: 729
874: 957,862,745,588,735
875: 807,744,958,610,581,511
876: 810,954,704,937
877: 831
878: 833,194,104
879: 899,659,629,606
880: 896,754
881: 651
882: 764,992,504,546,872,532
883: 691,985
884: 963,537
885: 642,528,820
886: 691
887: 647,552,702,953,801
888: 908
889: 
890: 786
891: 534,705,780
892: 742,614,902
893: 927,699,977
894: 782,972
895: 971
896: 754,880
897: 531,845,661,753,533
898: 769,840
899: 879,539,917
900: 941,967,500,785
901: 978,514,652
902: 892
903: 736
904: 949,508
905: 846,865,837,815,822,706
906: 526,692
907: 
908: 888,650,571
909: 
910: 595
911: 695
998: 822,668,815
913: 599,772,525
914: 502,841
915: 639,926,999
916: 511,744,807,952
917: 620,899,797
918: 423,462,728
919: 805
920: 652,928,595
921: 522,1009,587,744,973,511
922: 
923: 
924: 976,869,956
925: 806,536,738,546
926: 639,915
927: 893
928: 569,920
929: 706
930: 991,575,788,644
931: 
932: 
933: 
934: 646,808,856
935: 
936: 846,865,849,809,989,649
937: 696,876,704
938: 560
939: 
940: 
941: 900,785,656
942: 532,504,765,516
1007: 243,315,78,495,238,353,389,323,299
944: 855,625
945: 563
946: 778,621
947: 812,997
948: 95,312,2,645,566,43
949: 508,904,596
950: 697,710
951: 963,978
952: 834,502,916,648
953: 749,887,647,583,801
954: 727,980,876
955: 
956: 924,976,869,714
957: 874,862,768,588,735,1010,558,817
958: 744,610,529,581,557,875
959: 
960: 721,527
961: 811
962: 538
963: 884,740,951
964: 857
965: 
966: 531,845
967: 707,541,900
968: 770,709,702,740,612
969: 547
970: 981,771
971: 895,844
972: 642,894
973: 587,748,921
974: 984
975: 
976: 924,869,956,619
977: 699,893
978: 901,951,514
979: 679
980: 727,954
981: 970
982: 796,783
983: 
984: 974,798
985: 883,691
986: 542,627,854,716
987: 582,870,669
988: 
989: 809,846,936,649
990: 
991: 575,930
992: 764,882,791
1010: 558,817,957,588,854,627
994: 774,760
995: 520
996: 551,871
997: 947