0: 85,165,204,14,428,188,342,242,255,207,479,50
1: 482,396,82,466,403,407,50,325,331
2: 84,93,379,7,312,95,948
3: 202,159,485,283,330,322,279,128,60,140
4: 104,377,194,266,464,499,44,245,452,8
5: 134,40,357,167,304,210,307,354,366,316,26,422
6: 361,130,147
7: 379,369,413,2,84,93,312
8: 326,276,287,164,4,266,464,162,337,499,452,206
9: 53,358,214,166,155,124,66,303,344,127,239,292,417
10: 59,440,184,227,218,251,473,303,41,160,224,411,166,155
11: 12,477,175,64,193,17,352,455,300,49
12: 11,477,175,64,17,300,49,131,111,424,123
13: 459,38,297,319,18,68,108,447,360,289,436,22,338
14: 0,85,165,373,415,270,334,345,492,213,342
15: 45,116,148,252,97,437,212,161,427
16: 420,445,151,363,434,469,224,453,433,269,143,385,102
17: 487,171,193,352,243,315,78,11,12,64,33,219
18: 68,108,438,414,247,390,20,360,289,364,13
19: 441,103,79,296,230,121,156,20,201,301
20: 156,447,228,360,289,364,296,230,121,19,18,301
21: 373,100,332,144,429,229,475,38,22,404,157,415,270,213
22: 223,311,436,338,13,475,38,297,319,21,429,489,415,163
23: 29,220,401,458
24: 120,146,348,443,96,483,119
25: 168,346,141,307,474,366,305,316,271,81,69,285,497
26: 372,305,316,422,134,40,5,304,210,307,474,366
27: 468,458,321,220,31,54,191,467,476
28: 391,273,362,395,418,132,400
29: 220,23,261
30: 51,374,236,401,73,196
31: 54,191,318,467,27,321,258,48,125,136,241,413,205
32: 498,209,426,310,47,374,468,196,321
33: 308,300,219,17,315,78,299,64,494,419,340,390
34: 475,459,38,297,319,77,108,91,221,229,404,456,332
35: 288,381,199,328,203,410,70
36: 258,125,136,345,492,311,309,498,209,426,489,163,334
37: 197,377,253,464
38: 13,475,459,297,319,34,229,22,338,21,332,144,429
39: 199,280,341,409,63,391,273,410,400
40: 134,357,491,167,5,417,99,183,304,198,210,26
41: 160,224,453,411,433,251,10,59,440,184,303,469,166
42: 187,388,386
43: 264,95,370,388
44: 337,499,245,452,117,4,159,485
45: 15,116,148,186,252,437,355,142,427,416
46: 353,323,368,281,293,129,367
47: 73,201,310,301,228,374,309,498,32,426,196
48: 258,125,136,336,345,31,191,318,241,205
49: 55,294,290,131,111,424,455,11,12,175,72
50: 207,403,407,479,0,428,481,82,466,255,1
51: 30,236,401,472,74
52: 101,298,254,455,276,164,432,406,408,72,131
53: 9,358,214,166,160,224,453,411,182,385,380,292
54: 31,191,318,467,27,220,136,476,205
55: 49,294,290,111,190,72,177,402,215,317,189,217
56: 472,351,295,320,756,74
57: 269,182,349,380,235,170,284,387,174,150
58: 380,235,170,183,292,358,214,127,493,134,357,491,417,65
59: 10,440,184,227,218,392,92,60,251,469,41,224,411
60: 92,128,140,3,202,268,322,392,279,59,440,184
61: 441,90,103,79,472,351,295,73,201,301,236
62: 302,86,113,439,442,83,253,326
63: 81,285,497,71,195,141,39,280,341,158
64: 11,12,175,193,17,78,33,308,300,219,424
65: 174,150,333,380,235,170,183,58,134,357,210,354
66: 473,135,402,98,303,227,282,317,344,9,166,155,124
67: 232,449,383,267,256,226,370,471
68: 18,108,438,247,77,447,360,289,364,13,459,297,319,338
69: 81,285,333,216,307,354,474,366,237,71,195,25
70: 137,405,199,409,275,288,35
71: 237,75,195,427,161,216,354,474,63,81,69,285,341
72: 432,478,406,408,52,455,49,55,290,131,190,135
73: 201,301,47,441,61,79,472,30,374,236
74: 472,56,51
75: 237,71,195,395,427,252,285,273,341
76: 92,128,140,251,184,397,490,248,469
77: 107,177,390,263,68,108,438,91,217,459,319,34
78: 243,1007,315,495,487,193,313,17,64,33,219
79: 441,61,90,103,19,296,295,156,73,201,301,236
80: 158,384,328,203,272,234,149,398,94
81: 63,69,285,497,474,366,71,25,346,141
82: 481,466,375,255,246,278,403,50,396,1
83: 253,464,162,442,62,113,439,326,164,298
84: 2,93,286,240,7,413
85: 0,165,204,14,428,270,334,345,342,435,242,479,260
86: 62,302,113,444,181,109,171,193,314
87: 343,281,371
88: 296,230,105,121,368,329,367,327,90,103
89: 278,188,484,213,110,404,157,244,100,144,365,198,173,399
90: 441,61,103,79,359,222,327,249,88,295
91: 461,217,221,229,77,263,446,459,319,34,456
92: 76,128,60,140,251,392,59,184,397,490
93: 2,84,286,318,467,240,7,413
94: 211,470,112,80,203,149,381
95: 948,2,264,312,43
96: 386,172,483,24,348
97: 284,437,387,265,143,347,457,496,355,15,116
98: 66,473,135,402,303,486,268,218,432,478,406,408,440,227
99: 239,451,493,153,421,200,244,40,491,167,417,198,399
100: 21,373,332,144,429,404,157,270,188,484,89,213
101: 298,52,254,455,439,444,352,326,477,175,131
102: 269,143,385,349,453,433,420,151,16,265,284
103: 441,61,90,79,19,327,88,296,121,301
104: 4,377,194,266,452
105: 88,296,230,121,394,368,367,414,133,494,364
106: 185,152,324,448
107: 77,123,177,390,263,308,247,424,108,438,217,459
108: 18,68,438,77,107,263,13,459,297,319,34
109: 259,335,181,425,302,86,171,313,314
110: 278,188,484,89,157,365,198,246,173,372,422,481,255
111: 49,55,294,290,131,424,12,123,177,189,217
112: 211,94,203,115,381,382
113: 62,302,86,439,444,83,314,352,298
114: 465,553,194,245,452,117
115: 288,381,137,112
116: 45,15,186,347,457,97,284,437,355,142
117: 44,245,452,465,114,178,283,330,485
118: 129,329,367,293,208,291,359
119: 488,274,24,443,211,470
120: 24,146,348,443,430,225,325,450,412
121: 88,296,230,105,414,103,19,156,447,20,289,364,301
122: 463,279,462,138,128,140,324,397
123: 107,177,390,263,12,308,300,419,294,111,424,438
124: 9,358,214,166,155,66,402,215,282,344,127,239,153
125: 36,258,48,136,336,345,492,498,209,321,31,191
126: 179,277,259,335,313
127: 239,451,493,153,282,9,358,214,155,124,58,292,491,417
128: 92,76,60,140,3,122,279,397,490,248
129: 118,329,367,293,208,46,368
130: 262,147,448,152,6
131: 49,290,111,190,101,52,455,12,477,175,432,478,72
132: 418,416,148,186,252,395,28,273,362
133: 414,494,340,247,323,394,368,367,230,105
134: 40,357,491,5,170,183,58,304,333,65,210,307,354,26
135: 66,473,402,98,303,478,408,72,190,227,317,344,155
136: 36,258,48,125,498,468,321,31,54,191,318,205
137: 70,405,288,115
138: 145,283,233,330,122,279,462
139: 181,442,425,197,302
140: 92,76,128,60,330,3,202,392,122,279,184
141: 168,25,346,305,63,81,285,497,280,158,384
142: 355,480,393,45,116,186,250
143: 269,385,349,102,445,151,16,265,457,496,97,284,387
144: 21,373,100,332,229,475,38,404,157,456,244,89
145: 138,283,233,330,178,231
146: 24,120,443,482,272,225,325,450,234,149,274,398
147: 262,130,448,192,445,361,6,376
148: 45,15,186,252,395,132,416
149: 234,274,398,80,384,203,146,94,470
150: 174,161,333,216,65,57,235,170,387,212,210,354
151: 192,420,445,16,265,363,434,143,385,349,102,457,496
152: 169,324,154,106,248,262,130,448,192
153: 99,127,239,451,493,446,215,282,344,461,221,124,421,200,456
154: 169,152,324,363,434,248,262,448,192,420
155: 9,214,166,124,10,227,66,473,135,402,303,344,411,127
156: 447,20,228,360,289,121,79,19,201,310,301,436,309
157: 404,200,456,244,21,100,332,144,198,173,399,484,89,110
158: 80,384,328,410,63,497,168,346,141,280
159: 3,202,485,337,499,44,287,206,322,339
160: 41,224,453,411,433,10,303,469,53,214,166,182,385
161: 174,150,333,216,212,354,15,237,71,427
162: 266,83,253,464,439,499,8,326,287,164
163: 489,415,334,475,223,311,22,338,209,373,429,36,492
164: 8,326,276,287,83,162,337,298,52,254,206
165: 0,85,204,14,428,373,270,334,188,484,213,342,479
166: 9,53,214,155,124,10,66,473,303,41,160,453,411
167: 40,357,491,5,417,99,451,493,200,304,365,198,173,399
168: 25,346,141,305,271,497,272,350,158,384,328,398
169: 152,324,397,154,434,248
170: 380,235,183,58,292,358,182,57,134,357,417,150,65
171: 487,193,313,314,17,352,181,335,109,86
172: 96,386,483,430,187,226,356,348
173: 304,365,198,246,399,157,244,167,278,484,89,110
174: 150,161,333,65,349,57,380,235,284,437,387,212
175: 11,12,477,64,352,101,455,49,290,131,424
176: 359,222,291,249
177: 77,107,123,390,263,300,55,294,111,424,189,217
178: 465,117,231,145,283
179: 371,277,495,126,343,238
180: 347,457,496,265,361,454,376,393
181: 139,442,425,259,335,109,302,86,171
182: 269,385,57,160,453,53,214,380,235,170,292
183: 380,235,170,58,292,358,134,40,357,491,417,333,65,210
184: 10,59,440,268,218,392,92,76,60,140,251,41
185: 106,423,728,463,324
186: 45,116,148,355,142,250,132,416
187: 226,356,388,471,386,172,42
188: 278,484,89,213,110,100,270,0,165,428,481,255
189: 446,215,282,317,55,294,290,111,190,177,263,461,217
190: 55,290,131,432,478,408,72,135,402,317,344,189
191: 31,54,318,468,27,458,321,48,125,136
192: 420,445,151,152,154,434,262,147,376
193: 487,171,313,314,17,352,86,78,11,477,64
194: 104,4,114,245,452
195: 237,71,75,395,63,69,285,391,273,341
196: 468,458,321,47,30,374,401,32
197: 37,969,139,442,253
198: 304,365,173,399,99,157,244,40,491,167,89,110,422
199: 39,280,409,410,70,288,35
200: 404,157,421,456,244,446,221,99,451,493,153,167,399
201: 73,310,301,47,61,79,19,156,228,374,236,426
202: 3,159,485,206,268,322,392,60,140
203: 80,384,328,410,149,381,35,94,112
204: 0,85,165,428,342,435,242,207,407,479,449,260,257
205: 369,413,48,136,336,31,54,318,467,241,431
206: 486,268,322,339,337,8,276,287,164,202,159,406
207: 378,407,479,50,0,204,242,449,260,257,383
208: 293,291,118,129,329
209: 498,32,426,228,310,223,311,436,309,489,163,36,125,492
210: 307,354,474,183,134,40,357,5,150,333,216,65,26
211: 94,470,112,119,488
212: 437,387,174,150,161,15,237,427
213: 278,188,484,89,21,373,100,270,165,14,428
214: 9,53,358,166,155,124,160,411,127,182,58,292,417
215: 446,282,317,344,189,55,294,402,461,217,124,239,153,421
216: 150,161,333,210,307,354,474,237,71,427,69,285
217: 91,461,221,55,294,111,77,107,177,263,446,215,189,459
218: 486,268,322,339,392,406,408,10,59,440,184,227,473,98
219: 33,308,300,487,17,315,78,64,340
220: 29,23,27,458,54,261,476
221: 91,461,217,229,446,34,153,404,421,200,456
222: 359,327,176,329,249,90,295
223: 311,436,309,22,338,447,228,360,475,297,209,429,489,163
224: 41,160,453,411,433,251,10,59,363,469,53,16,385
225: 430,325,450,412,331,482,356,120,146,348
226: 187,356,67,383,412,471,172
227: 10,59,440,486,268,218,66,473,135,98,303,411,155
228: 156,447,20,360,201,310,301,47,223,311,436,309,338,209,426
229: 91,221,475,459,38,34,404,421,456,21,332,144
230: 88,296,105,121,367,414,133,19,20,289,364
231: 178,145,283,233
232: 67,449,260,257,383,431,460,267,256
233: 145,138,330,231,855,462
234: 149,274,398,482,272,396,450,80,146,443
235: 380,170,183,58,292,269,182,57,387,174,150,333,65
236: 30,51,374,61,79,472,73,201
237: 71,75,195,427,212,161,333,216,354,252,69,285
238: 343,281,371,179,495,243,1007,389,353,299
239: 99,127,451,493,153,446,215,282,344,9,358,124,421,417
240: 306,261,476,467,84,93,286
241: 342,435,431,258,48,336,345,31,318,369,413,460,205
242: 342,435,431,336,0,85,204,207,449,260,257
243: 1007,315,78,389,277,495,238,487,313,17
244: 404,157,421,200,456,99,451,144,198,173,399,89
245: 499,44,452,117,4,194,465,114,283
246: 365,173,278,110,372,316,422,481,82,375,255
247: 414,133,494,419,340,308,107,390,18,68,438,364
248: 363,490,434,76,128,169,152,324,397,154
249: 222,176,90,351,295
250: 480,142,186,416
251: 92,76,10,59,184,363,490,469,41,224
252: 45,15,148,237,75,395,427,132,273
253: 83,464,162,197,37,442,377,62
254: 101,298,52,455,439,444,326,276,287,164,432,406
255: 481,82,375,246,278,188,484,110,0,428,403,479,50
256: 267,264,312,379,460,67,232,257,370
257: 232,449,260,204,435,242,431,460,207,256
258: 36,48,125,136,336,345,492,498,489,334,31,342,241
259: 335,109,181,425,277,126
260: 232,449,257,85,204,435,242,431,207,378,479
261: 240,306,476,29,220,467
262: 130,147,448,152,154,434,192,445,376
263: 77,107,123,177,294,108,438,189,91,461,217,459
264: 267,256,312,95,370,43
265: 420,445,151,143,349,102,376,347,180,457,496,97,284
266: 464,162,104,4,377,499,452,8
267: 256,264,460,67,232,370,471
268: 486,206,322,339,218,392,202,406,408,60,440,184,227,98
269: 182,143,385,349,57,102,453,16,380,235,387
270: 415,334,21,373,100,429,188,213,85,165,14
271: 372,305,316,466,375,168,25,346,396,350
272: 482,396,350,168,80,384,234,398,146
273: 28,391,252,75,195,395,132,39,341
274: 234,149,398,146,443,470,119
275: 400,409,70,405
276: 8,326,287,164,52,254,486,206,339,432,406
277: 179,495,126,259,335,487,313,243
278: 188,484,89,213,110,365,246,173,428,481,82,375,255
279: 122,462,138,330,3,128,60,140
280: 39,199,341,63,497,141,158,328,410
281: 87,343,238,293,46,353
282: 446,215,317,344,189,66,402,124,127,239,451,153,421
283: 145,138,330,178,245,117,231,3,485
284: 97,437,387,265,143,349,57,102,347,457,174,116
285: 63,81,69,497,216,474,237,71,75,195,25,141,341
286: 84,93,240,306
287: 8,276,164,162,337,499,254,159,206,322,339,406
288: 115,381,35,199,70,137
289: 156,447,20,360,364,414,230,121,18,68,13,436,338
290: 49,55,294,131,111,190,424,175,478,72,317,189
291: 208,118,359,176
292: 380,235,170,183,58,9,53,358,214,127,182,417
293: 208,281,46,118,129
294: 49,55,290,111,424,123,177,263,215,317,189,461,217
295: 472,56,351,222,249,441,61,90,79
296: 88,230,105,121,367,327,441,103,79,19,20,364
297: 13,475,459,38,319,34,68,108,360,223,436,22,338,332,429
298: 101,52,254,455,83,113,439,444,326,164,477
299: 353,323,394,238,1007,315,389,33,340
300: 33,308,219,11,12,64,419,424,123,177,390
301: 73,201,310,47,121,441,61,103,79,19,156,20,228
302: 62,86,113,439,139,181,442,109,314
303: 66,473,135,98,10,440,227,41,160,411,9,166,155
304: 365,198,173,399,134,40,491,167,5,316,26,422
305: 372,316,26,271,422,474,366,375,168,25,346,141,350
306: 240,261,476,286
307: 210,354,474,366,134,5,333,216,316,26,69,25
308: 33,300,219,64,494,419,340,247,424,107,123,390
309: 223,311,436,156,447,228,310,47,498,209,426,489,36
310: 201,301,47,156,447,228,436,309,32,209,426
311: 223,436,309,22,338,228,498,209,426,489,163,36,492
312: 256,264,379,7,460,2,95
313: 487,171,193,335,109,277,495,126,243,78
314: 487,171,193,352,109,302,86,113,444,477
315: 243,1007,78,389,17,394,299,33,219,340
316: 372,305,26,271,422,5,304,365,246,307,366,375,25,346
317: 215,282,344,189,478,55,294,290,190,66,135,402
318: 31,54,191,467,48,136,476,241,369,413,205,93
319: 13,475,459,38,297,34,77,68,108,360,91,22,338
320: 56,351,756
321: 468,27,196,498,32,426,125,136,31,191
322: 486,206,268,339,218,392,337,287,3,202,159,60
323: 46,353,394,299,368,389,133,340
324: 169,152,397,154,423,463,122,185,106,248
325: 225,450,412,331,403,407,482,396,1,120,146
326: 8,276,164,83,162,62,439,444,101,298,254
327: 359,222,329,367,88,296,441,90,103
328: 158,80,384,203,410,168,280,398,35
329: 118,129,367,208,368,359,222,327,88
330: 145,138,283,233,117,3,485,279,140
331: 225,325,450,412,378,403,407,383,1
332: 21,373,100,144,429,229,475,38,297,34,404,157,456
333: 174,150,161,216,65,235,183,134,210,307,354,237,69
334: 489,415,163,270,373,36,258,345,492,85,165,14,342
335: 259,109,181,425,277,126,487,171,313
336: 258,48,125,345,492,342,241,435,242,431,205
337: 499,44,452,8,287,164,159,206,322
338: 223,311,436,22,68,447,228,360,289,13,475,38,297,319,163
339: 486,206,268,322,218,392,276,287,159,406,408
340: 133,494,419,247,315,323,394,299,33,308,219
341: 39,280,71,75,195,63,285,497,391,273
342: 241,435,242,334,258,336,345,492,0,85,165,204,14
343: 87,281,238,371,179,495,353
344: 215,282,317,190,66,473,135,402,9,155,124,239,153
345: 36,258,48,125,336,492,489,334,85,14,342,241,435
346: 168,25,141,366,305,316,271,81,350,158
347: 180,457,496,265,97,284,355,393,116
348: 24,120,443,430,225,96,172,483
349: 269,143,385,57,102,151,265,380,457,284,437,387,174
350: 482,272,396,305,271,466,168,346,384,398
351: 472,56,295,320,249,61
352: 171,193,314,17,113,444,101,11,477,175
353: 46,323,299,368,343,281,238,389
354: 210,307,474,366,134,5,150,161,333,216,65,237,71,69
355: 480,142,393,347,97,45,116,186
356: 187,226,383,430,225,412,172
357: 134,40,491,167,5,417,358,493,170,183,58,65,210
358: 9,53,214,124,127,239,493,170,183,58,292,357,491,417
359: 222,327,176,291,118,329,90
360: 156,447,20,228,289,364,18,68,13,297,319,223,436,338
361: 6,454,376,147,180,496
362: 28,391,418,132,400
363: 490,434,248,469,251,154,224,433,420,151,16,385
364: 447,20,360,289,414,247,296,230,105,121,18,68
365: 304,198,246,173,399,167,278,89,110,372,316,422
366: 307,354,474,5,305,316,26,422,81,69,25,346
367: 118,129,329,46,368,327,133,88,296,230,105
368: 46,353,323,394,129,329,367,133,88,105
369: 379,7,413,460,205,318,241,435,431
370: 388,471,67,267,256,264,43
371: 179,87,343,238
372: 305,316,26,271,422,365,246,110,481,375
373: 21,100,332,144,429,475,415,163,270,334,484,213,165,14
374: 30,236,401,73,201,47,32,196
375: 481,82,466,255,246,278,372,305,316,271,422
376: 361,262,147,192,445,265,180,496
377: 104,4,37,266,253,464
378: 207,407,479,449,260,383,412,331
379: 7,369,413,460,431,2,256,312
380: 235,170,183,58,292,453,53,269,182,349,57,174,65
381: 288,115,35,203,94,112
382: 115,381,211,112
383: 67,232,449,207,378,412,331,226,356,471
384: 158,80,328,203,168,141,272,350,149,398
385: 269,182,143,349,102,363,160,224,453,433,53,151,16
386: 96,172,187,42
387: 97,284,437,212,269,143,349,57,235,457,174,150
388: 370,471,187,43,42
389: 243,1007,315,495,238,353,323,299
390: 77,107,123,177,33,308,300,494,419,247,18,438
391: 28,273,362,195,395,39,341,409,400
392: 486,268,322,339,218,202,92,60,140,59,440,184
393: 355,480,142,454,347,180
394: 323,299,368,315,414,133,494,419,340,105
395: 75,195,427,148,252,132,28,391,273
396: 482,272,1,350,271,82,466,403,325,234
397: 169,324,463,122,92,76,128,490,248
398: 234,149,274,168,482,272,350,80,384,328,146
399: 304,365,198,173,99,451,404,157,200,244,491,167,89
400: 275,28,391,362,39,409
401: 30,51,374,468,196,458,23
402: 66,473,135,98,478,55,190,215,282,317,344,155,124
403: 407,479,50,82,466,255,396,1,325,331
404: 157,421,200,456,244,221,229,34,21,100,332,144,399,89
405: 70,137,275
406: 432,478,408,72,276,287,52,254,486,206,268,339,218,98
407: 207,378,403,479,50,204,1,325,412,331
408: 432,478,406,72,52,486,268,339,218,190,135,98
409: 39,199,391,400,275,70
410: 158,328,203,497,39,199,280,35
411: 41,160,224,453,10,59,227,473,303,53,214,166,155
412: 430,225,325,450,331,378,407,383,226,356,120
413: 379,7,369,205,31,318,467,241,84,93
414: 133,494,419,247,394,230,105,121,18,289,364
415: 489,163,270,334,475,22,21,373,429,492,14
416: 418,132,45,148,186,250
417: 40,357,491,167,9,358,214,99,127,239,451,493,170,183,58,292
418: 132,416,28,362
419: 414,494,340,247,394,33,308,300,123,390,438
420: 192,445,151,16,265,154,363,434,433,102
421: 404,200,456,244,446,215,282,461,221,229,99,239,451,153
422: 372,305,316,26,5,304,365,198,246,110,366,375
423: 728,463,462,185,324
424: 49,294,290,111,12,175,64,308,300,107,123,177
425: 139,181,259,335,109
426: 498,32,209,228,201,310,47,311,309,321,36
427: 237,71,75,395,437,212,161,216,45,15,252
428: 0,85,165,204,278,188,484,213,481,255,479,50
429: 21,373,100,332,475,38,297,223,22,489,415,163,270
430: 225,450,412,356,120,348,172
431: 241,435,242,336,379,369,460,205,232,260,257
432: 478,406,408,72,276,52,254,455,486,131,190,98
433: 41,160,224,453,363,490,469,420,16,385,102
434: 363,490,248,469,169,154,262,192,420,151,16
435: 342,241,242,431,336,345,85,204,369,260,257
436: 223,311,309,22,338,156,447,228,360,289,310,13,297,209
437: 97,284,387,212,349,457,174,45,15,116,427
438: 18,68,108,419,247,77,107,123,390,263,459
439: 62,302,113,444,83,162,326,101,298,254
440: 10,59,184,227,486,268,218,392,60,473,98,303,41
441: 61,90,103,79,19,327,296,295,73,301
442: 139,181,197,83,253,62,302
443: 24,120,146,348,450,234,274,470,119
444: 86,113,439,314,352,326,101,298,254,455,477
445: 192,420,151,16,265,262,147,143,376,457,496
446: 215,282,189,91,461,217,221,239,451,153,421,200,456
447: 156,20,228,360,289,364,121,68,310,13,223,436,309,338
448: 262,130,147,106,152,154
449: 67,232,260,257,383,204,242,207,378
450: 430,225,325,412,331,482,234,120,146,443
451: 99,127,239,493,153,446,282,421,200,456,244,491,167,417,399
452: 337,499,44,245,117,104,4,194,266,114,8
453: 41,160,224,411,433,469,53,166,16,269,182,385,102,380
454: 361,180,393
455: 101,298,52,254,444,11,477,175,432,72,49,131
456: 404,157,421,200,244,446,91,461,221,229,34,451,153,332,144
457: 347,180,496,445,151,265,143,349,97,284,437,387,116
458: 468,27,196,401,220,23,191
459: 13,38,297,319,34,77,107,263,68,108,438,91,217,229
460: 379,369,241,431,232,257,267,256,312
461: 91,217,221,294,263,446,215,189,153,421,456
462: 463,122,279,138,233,423
463: 122,462,423,185,324,397
464: 266,83,253,162,37,4,377,8
465: 114,178,553,245,117
466: 481,82,375,271,403,50,396,1,350
467: 31,54,318,27,240,261,476,413,205,93
468: 27,196,458,321,401,32,136,191
469: 363,490,434,76,251,59,41,160,224,453,433,16
470: 211,94,149,274,443,119,488
471: 370,388,67,383,267,187,226
472: 56,351,295,61,74,73,51,236
473: 66,135,402,98,303,218,478,10,440,227,344,411,166,155
474: 210,307,354,366,216,305,26,71,81,69,285,25
475: 38,297,319,34,229,223,22,338,21,373,332,144,429,415,163
476: 240,306,261,27,220,54,318,467
477: 11,12,175,444,193,314,352,101,298,455,131
478: 432,406,408,72,486,290,131,190,473,135,402,98,317
479: 207,378,403,407,50,0,85,165,204,428,255,260
480: 355,142,393,250
481: 82,466,375,255,246,278,188,110,428,372,50
482: 272,396,1,350,225,325,450,234,398,146
483: 96,172,24,348
484: 278,188,89,213,110,157,373,100,173,165,428,255
485: 3,202,159,44,117,283,330
486: 206,268,322,339,218,392,276,432,478,406,408,440,227,98
487: 171,193,313,314,17,335,277,243,78,219
488: 119,211,470
489: 415,163,334,223,311,309,22,209,429,36,258,345,492
490: 363,434,248,469,92,76,128,251,397,433
491: 134,40,357,167,417,358,99,127,451,493,183,58,304,198,399
492: 36,258,125,336,345,311,209,489,415,163,334,14,342
493: 99,127,239,451,153,358,200,58,357,491,167,417
494: 414,133,419,340,247,394,33,308,105,390
495: 179,277,343,238,313,243,1007,78,389
496: 347,180,457,445,151,265,143,361,376,97
497: 63,81,285,168,25,141,280,341,158,410
498: 32,209,426,47,311,309,321,36,258,125,136
499: 337,44,245,452,4,266,162,8,287,159
500: 704,696,937,967
501: 773
502: 916,952,648
503: 793,724,996
504: 532,802
505: 621,611,597,637
506: 848,517,732
507: 823
508: 619,976,866,891
509: 636,829,795
510: 
511: 875,522,744,581,916,921
512: 957,556,768,735
513: 872,992
514: 671,679
515: 577
516: 942,532,965,816
517: 506
518: 632
519: 851,862
520: 677,621,611
521: 828,751
522: 587,529,610,744,958,921,511
523: 627,574
524: 934,603,903,646
525: 877
526: 762,800
527: 960,721
528: 
529: 610,1009,522,958
530: 877
531: 897,533,560,938
532: 504,546,942,516
533: 567,531
534: 596,747
535: 551,672,996,871
536: 764,738,565,765
537: 884,740,689
538: 962
539: 752,659,917
540: 757
541: 549,704,967,707
542: 605,986,993
543: 716
544: 927
545: 678,697
546: 882,764,532
547: 807,938,594
548: 955
549: 704,876,810,616,541
550: 990
551: 535,672,996,871,883
552: 749,968
553: 841,465,114
554: 
555: 819,708,601,920
556: 617,768,512,817
557: 744,958,581,567
558: 735
559: 
560: 938,897,531,845
561: 
562: 772,858
563: 964
564: 719
565: 738,536,765
566: 645,948
567: 533,690,557
568: 731,864
569: 838,662,901
570: 641,774,760,994,863
571: 908
572: 867,670
573: 
574: 627,523,605
575: 580,991,930
576: 811
577: 515
578: 742
579: 737
580: 575,784,893
581: 744,958,557,875,807,511
582: 
583: 838
584: 608,823
585: 923,887,647
586: 831,883
587: 522,748,610,1009,746
588: 794,909
999: 933,915,900
590: 
591: 687,684
592: 947
593: 818,761,821
594: 969,547,938
595: 659,868,839,879,899
596: 534,747,695
597: 637,861,505,703
598: 646,940
599: 913,772
600: 803,649
601: 555,708
602: 
603: 736,808,903,524
604: 923
605: 986,542,574
606: 869,879,899,797
607: 950
608: 584,653
609: 
610: 529,1009,748,522,587
611: 520,677,621,505
612: 709,702,968
613: 786
614: 742
615: 902
616: 810,549
617: 556,768,858
618: 890,743,835
619: 976,924,508,633,866,713
620: 717,797,760,994
621: 520,611,505
622: 
623: 
624: 881
625: 770,1008
626: 
627: 523,826,574
628: 979
629: 839,920,868,708
630: 631
631: 630
632: 518
633: 863,866,713,619
634: 788,796,930,762
635: 790,779
636: 509,890
637: 597,505
638: 
639: 779
640: 
641: 570,774
642: 894,972
643: 826,962
644: 930,991,796,982,673
645: 566
646: 598,524,650,940
647: 887,923,585,749
648: 834,502,914,952
649: 803,600
650: 940,646
651: 
652: 662,801
653: 608
654: 956,924,869
655: 813
656: 785
657: 844,971,895
658: 767
659: 595,539,917,899
660: 874,767,745
661: 
662: 838,652,569,901
663: 782,847
664: 990
665: 962,684
666: 771
667: 794
668: 832,912,758
669: 718,870,987,726,730
670: 836,572
671: 514,679
672: 551,535,883
673: 982,644,796
674: 751,828
675: 755,692,800,906
676: 857
677: 995,520,611
678: 545
679: 979,671,514
680: 
681: 
682: 825
683: 694
684: 687,665,591
685: 830,700
686: 
687: 684,591
688: 715
689: 537
690: 567
691: 985
692: 675
693: 988,790
694: 750,683
695: 596,911
696: 937,500,785
697: 545
698: 828,887,720
699: 789
700: 685
701: 906,759
702: 968,612
703: 861,597
704: 549,876,541,937,500,967
705: 891,780
706: 822,837
707: 967,900,541
708: 555,819,601,920,629
709: 612,770,1008
710: 
711: 
712: 
713: 633,863,866,619,760
714: 819
715: 688,836
716: 543
717: 797,620,760
718: 669
719: 564
720: 953,698,887
721: 852,960,527
722: 859
723: 811
724: 996,503
725: 
726: 730,669
727: 911
728: 855,423,918,185
729: 873
730: 726,987,669
731: 864,568
732: 848,506
733: 
734: 
735: 957,512,794,558
736: 603,808
737: 579
738: 536,565
739: 945
740: 537,884,963
741: 
742: 578,614
743: 849,890,618
744: 958,581,557,522,511
745: 660,874
746: 816,748,973,587
747: 904,596,534
748: 610,1009,746,587
749: 552,887,647,953
750: 694,859
751: 674,521,828
752: 907,539
753: 897,845,966
754: 896
755: 675,800,906
756: 320,56
757: 540
758: 804,668,912
759: 906,701,812
760: 994,717,620,863,713,570
761: 818,593,821
762: 526,634
763: 814,842
764: 536,925,791,882,546
765: 942,536,565,965
766: 843
767: 658,660
768: 617,556,862,957,512
769: 
770: 625,709,1008
771: 970,994,666,774
772: 562,858,599
773: 501
774: 570,641,970,771,994
775: 983
776: 
777: 885,894
778: 946
779: 635,639
780: 705
1009: 529,610,748,587
782: 663
783: 991,789
784: 893,977,580
785: 656,696
786: 613
787: 875,807
788: 634,827
789: 783,991,699
790: 635,988,693
791: 882,764
792: 
793: 503
794: 588,667,735
795: 829,509
796: 634,644,930,673
797: 717,620,606
798: 984,974
799: 825
800: 526,675,755,906
801: 652
802: 872,504
803: 649,865,936,600
804: 758,912,998
805: 845,966
806: 925,983
807: 875,581,547,787
808: 736,603,934
809: 905,849,936,989
810: 616,954,549,876
811: 723,576
812: 759
813: 655
814: 763
815: 837,998
816: 965,516,973,746
817: 826,556
818: 761,593
819: 555,708,714
820: 
821: 761,593
822: 706,865
823: 507,584,944
824: 861
825: 682,799
826: 643,817,627
827: 788
828: 521,698,751,674
829: 795,832,509
830: 685
831: 883,586,886
832: 668,912,829
833: 834
834: 648,833,914,878
835: 618
836: 670,985,715
837: 815,929,706
838: 583,662,569
839: 879,629,868,595,869
840: 898
841: 878,553
842: 763
843: 766
844: 657,971,895,939
845: 805,966,897,753,560
846: 998,912,849,905
847: 663
848: 506,732,952
849: 743,846,809,905
850: 
851: 519
852: 721
853: 
854: 986
855: 728,233,918
856: 
857: 676
858: 772,562,617
859: 750,722
860: 
861: 824,597,703
862: 519,874,768
863: 633,713,760,570
864: 731,568
865: 936,822,905,803
866: 633,713,619,976,508
867: 572
868: 920,910,595,839,629
869: 606,839,879,654,956,924
870: 987,669
871: 996,551,535
872: 992,513,987,802
873: 729
874: 660,862,745,957
875: 807,511,581,916,787
876: 549,704,810,937
877: 530,525
878: 834,841
879: 839,595,899,869,606
880: 
881: 624
882: 791,546,764,992
883: 831,551,672,586
884: 537,740,963,978
885: 777
886: 831
887: 647,585,698,749,720
888: 908
889: 
890: 618,636,743
891: 705,508
892: 
893: 977,784,580,991
894: 642,972,777
895: 657,844,971
896: 754
897: 531,753,845,966,560
898: 840
899: 917,659,595,879,606
900: 707,999,933,941
901: 662,569
902: 615
903: 603,524
904: 747
905: 809,846,849,865,936
906: 759,701,800,675,755
907: 752
908: 888,940,571
909: 588
910: 928,920,868
911: 695,727
912: 668,832,758,804,846
913: 599
914: 952,648,834
915: 926,999
916: 502,921,875,511
917: 899,539,659
918: 855,728
919: 
920: 868,910,555,708,629
921: 916,522,511
922: 945
923: 585,604,647
924: 654,956,869,619,976
925: 806,764
926: 915
927: 544,977
928: 910
929: 837
930: 644,575,634,796
931: 
932: 
933: 999,900,941
934: 524,808
935: 
936: 865,809,905,803,989
937: 696,704,876,500
938: 560,531,547,594
939: 844
940: 650,598,646,908
941: 900,933
942: 765,516,532,965
1007: 243,315,78,389,495,238,299
944: 823
945: 922,739
946: 778
947: 592,997
948: 95,2,566
949: 
950: 607
951: 
952: 914,502,848,648
953: 720,749
954: 810
955: 548
956: 654,924,869
957: 512,874,768,735
958: 744,581,557,529,522
959: 
960: 527,721
961: 
962: 665,643,538
963: 978,740,884
964: 563
965: 816,765,942,516
966: 845,805,897,753
967: 707,704,541,500
968: 702,612,552
969: 594,197
970: 981,771,994,774
971: 657,844,895
972: 642,894
973: 816,746
974: 984,798
975: 
976: 619,924,508,866
977: 893,927,784
978: 963,884
979: 679,628
980: 
981: 970
982: 673,644
983: 775,806
984: 989,974,798
985: 691,836
986: 605,542,854
987: 870,872,669,730
988: 693,790
989: 984,936,809
990: 550,664
991: 783,789,893,575,644
992: 872,513,882
993: 542
994: 760,620,970,771,570,774
995: 677
996: 724,503,871,551,535
997: 947
998: 846,804,815
1008: 770,625,709