0: 188,165,342,428,50,479,204,85
1015: 
2: 566,286,905,600,638
3: 60,485,653,823,279,584,122,140,128
4: 245,194,587,330,465,145
5: 210,307,366,40,134,354,304,316
6: 879,963,953,647,555,361
7: 369,241,31,93,205,467,54,503
8: 553,266,162,464,577,452,499,337,206
9: 53,160,214,155,124,239,358,493,58
10: 59,440,392,66,473,411,41,303
11: 33,300,17,219,64,193,424,12
12: 424,175,131,477,17,64,300,11
13: 459,68,18,419,414,289,360,319
14: 342,242,415,270,334,345,492,165
15: 437,45,212,237,161,427,252,195,75
16: 380,349,445,269,385,57,102,679,728
17: 352,477,314,78,64,193,12,175,11
18: 438,419,414,247,340,289,390,68,13
19: 296,301,441,121,201,103,79
20: 310,228,309,79,301,447,47,156
21: 404,144,475,373,100,484,213
22: 436,429,297,338,319,309,38
23: 51,236,861,837,621,936
24: 645,430,120,383,187,356,609
25: 168,346,307,366,305,474,69,81
26: 304,305,198,316,365,40,366,375,372
27: 458,468,401,191,36,136,476
28: 988,409,132,510,362,400
29: 84,467,476,458,989,240
30: 607,621,220,1026,196,73,374,401,32,468
31: 336,258,93,205,136,36,345,7
32: 498,191,321,47,196,374,401,30,468
33: 308,300,11,340,78,219,64,494
1040: 820
35: 63,285,280,203,410,199,667,94
36: 498,191,27,258,31,205,136
37: 914,253
38: 332,221,459,77,319,22,429,297
39: 63,273,410
40: 417,134,357,491,5,304,26,316
41: 166,411,224,433,363,251,469,10,59,490
42: 883,96,386
43: 95,370,724,803,172,535,858
44: 117,206,202
45: 437,212,15,186,924,252,395,75
46: 353,299,87,118,898,323,389,368
47: 196,374,401,201,310,228,20,426,321,32
48: 431,369,241,342,242,232,85,264
49: 294,55,111,455,432,424,131,190,290,52
50: 82,428,407,479,188,0,255,85
51: 23,236,861,621,220,261,318,936
52: 190,72,290,339,164,268,455,276,432,408,49
53: 9,160,214,155,166,239,358,58,182
54: 503,680,205,84,467,7
55: 294,111,177,49,263,432,190,72,290,478,317,135
56: 295,176,950,320
57: 269,385,420,292,445,102,679,380,349,16,235
58: 183,170,182,9,53,160,358,493,292,127
59: 10,440,392,184,251,469,490,411,41
60: 322,485,653,3,202,140,184,128
61: 201,997,103,697,1026,196,73,374
62: 326,83,377,464,560,113,439,875
63: 39,285,280,391,35,273,195,409,410
64: 78,219,193,487,17,12,33,300,11
65: 235,174,333,354,183,170,134,210
66: 478,402,473,227,10,214,155,303,124
67: 264,948,1023,431,204,257,232,267,260,226
68: 459,13,77,308,18,419,108,390
69: 474,341,71,354,307,366,168,25
1041: 
71: 474,69,341,333,354,307,150,216
72: 190,227,290,98,52,339,432,408,159,55,440,478
73: 196,374,401,201,997,61,1026,607,30
74: 756,837,295,621,236
75: 273,195,510,45,15,237,216,252
76: 490,152,324,92,251,469,248
77: 459,68,108,390,91,217,38,221
78: 219,64,193,1007,487,243,17,494,315,33
79: 228,20,121,19,301,201,103,447,374
80: 234,384,272,274,158,350,328,398,568
81: 203,497,474,341,168,25,158,285,280
82: 428,50,407,479,481,396,255,403,378
83: 326,162,377,464,62,560,266,298,439
84: 467,29,240,54,680,566
85: 204,257,232,165,0,342,242,48,50,479
86: 139,109,171,442,875,787,352,477,314
87: 353,238,46,281,856,118,898
88: 121,230,133,129,359,367,296
89: 157,110,244,173
1022: 
91: 107,108,123,294,263,77,189,446,217,461
92: 140,251,128,469,324,122,248,76
93: 336,31,205,334,369,241,7,503
94: 115,149,288,280,35,203,398,199,667
95: 370,43,724,379,312,267,803
96: 858,42,883
97: 116,142,262,186,102,457,284,349,437
98: 190,72,227,478
99: 153,200,421,399,451,493,167,357,491
100: 373,415,270,21,475,484,213,165
101: 298,787,326,477,254,455,175
102: 679,457,728,57,387,284,349,16,97,262
103: 201,997,61,472,19,441,79
104: 914,560,878,266,841,377,464
105: 494,394,323,129,359,368,247,133
106: 185,448,1008,1021,968,918,552
107: 108,123,390,91,294,111,177,263,317,461
108: 107,123,390,91,308,177,263,68,77,217
109: 139,86,171,966,425,753,181,302,313,277
110: 157,89,244,246,278,173,198,375,255
111: 294,55,177,49,424,131,300,290,107
112: 470,617,767,959
113: 442,560,938,62,439,875
994: 956
115: 94,149,288,519,767
116: 142,355,97,262,347,496,180,393
117: 577,44,452,268,337,206,322,485,653,202
118: 208,898,87,46,903,323,129,368
119: 959,605,687,1047,211,512,864
120: 645,430,24,331,146,443,348
121: 230,364,88,296,19,301,441,79
122: 324,423,918,552,823,3,92,140,128
123: 107,108,390,91,308,300,419,177
124: 451,239,66,402,344,282,9,155
125: 426,209,156,223,498,321,163,345,258
126: 313,243,277,805,179,238,495,1007
127: 417,134,358,493,58,183,170
128: 92,140,823,60,653,3,122,552
129: 359,368,118,208,769,105,329,367,88,133
130: 463,1037,629,944,740
131: 424,12,175,455,432,111,49
132: 252,395,418,510,362,747,28
133: 230,88,105,129,359,438,414,247
134: 417,127,40,183,65,210,5
135: 317,344,190,55,478,402
136: 258,31,205,191,36,27,458,467,476
137: 405,549,199,667,288,519
138: 330,465,537,462,279,584
139: 109,86,171,425,442,302,875,314
140: 92,184,251,128,469,60,322,3,122,392
991: 526
142: 116,355,97,262,186,284,437,924,393
1037: 1016,463,887,130
144: 21,404,456,475,399,484,157,244
145: 330,465,4,587,553,577,499
146: 331,450,768,430,120,443
147: 1036,601,192,265,979,1039,1045,728
1010: 926
149: 115,94,288,203,398,274
150: 237,216,161,174,333,354,71
151: 192,445,265,979,490,434,855,363,269,385,420
152: 76,490,434,855,324,469,248,625,363
153: 200,421,99,282,446,215,451,493,456
154: 662,629,944,689,884,1036,601
155: 9,53,214,303,66,478,402,124,239
156: 125,426,209,338,310,20,309,223,436,311,321
157: 484,89,110,244,246,278,144,173,213
158: 168,346,271,328,497,81,384,80
159: 486,218,408,406,202,339,268,206,322,485,72,184,440
160: 9,53,214,166,433,269,453,58,182
161: 237,150,427,387,174,333,212,15
162: 326,83,377,464,8,298,439,452,339,164,287,337,206,254
163: 345,492,223,125,426,209,373,415,258
164: 339,268,287,337,326,162,298,254,455,276,52
165: 213,188,0,270,100,342,14,85
166: 411,433,41,53,160,214,303,453
167: 173,357,491,200,399,99,244
168: 346,25,158,305,474,69,271,497,81
1031: 233,1011,231,1021
170: 58,183,182,269,292,127,380,65,235
171: 139,109,86,753,302,313,277,352,314,487
172: 388,1023,370,43,724,609,858
173: 167,357,491,399,157,89,110,244,304,198
174: 65,235,333,380,387,349,212,150,161
175: 424,12,131,101,477,17,254,455,432
176: 56,812,778,291,950,351,320
177: 294,55,111,424,308,300,107,108,123
995: 824,946,637
179: 343,281,805,126,238
180: 652,628,347,116,393,839
181: 425,753,259,533,109
182: 58,170,53,160,269,420,453,292
183: 58,170,417,127,134,65,235,210
184: 140,251,60,322,485,218,159,59,440,392
185: 106,448,968,918,612,770
186: 142,355,97,437,45,924,252,395
187: 383,449,356,260,412,388,226,24
188: 213,165,0,246,278,342,428,50
189: 317,344,282,263,91,461,215
190: 72,227,290,98,52,55,49,478,135
191: 498,321,36,32,401,27,468,258,136
192: 445,151,265,979,434,855,363,147,385
193: 78,219,64,1007,487,352,17,314,11
194: 4,245,587,833
195: 273,510,75,15,237,216,341,63,391
196: 47,73,374,401,61,228,607,30,321,32
197: 259,935,533,335
198: 304,26,316,365,173,110,246,375
199: 275,410,667,35,203,94,288,137
200: 153,421,399,99,451,456,167,491
201: 997,61,103,19,228,79,47,73,374
202: 218,159,44,117,268,287,206,60,322,485
203: 328,497,398,81,280,35,199,94,149
204: 207,257,232,85,0,407,479,264,67,260
205: 336,31,93,136,36,467,476,7,54
206: 339,268,287,337,8,162,577,44,452,117,485,159,202
207: 204,257,407,479,403,378,449,260
208: 118,898,769,903,129,368,329,367
209: 125,426,156,310,223,436,429,311,415,163
210: 5,307,183,134,65,333,354
211: 348,772,687,1047,556,119,483,512
212: 437,45,15,387,284,174,237,161,427
213: 188,165,21,270,100,484,157,278
214: 9,53,160,155,303,66,166,411
215: 446,461,189,282,451,153,421
216: 237,150,341,71,195,75,285,391
217: 446,461,108,91,77,332,229,221
218: 408,159,202,322,227,184,440,392
219: 78,64,193,1007,494,394,315,33,11,340
220: 607,621,30,401,51,458,261,468
221: 332,229,38,459,77,446,217,297
222: 327,329,769,249,472,291
223: 436,429,311,125,209,156,373,415,163
224: 411,433,41
225: 403,378,482,412,407,325,449,331,450
226: 388,257,948,67,1023,449,187,356,260
227: 190,72,290,98,218,408,440,66,478,473
228: 310,20,79,301,201,47,196,374,321
229: 332,221,446,217,421,404,456,475
230: 289,121,364,88,133,414,301
231: 462,1021,537,502,233,1031
232: 204,257,85,342,242,48,431,479,264,67
233: 1011,1031,502,231
234: 272,80,274,328,768,568,617
235: 65,174,333,57,292,183,170,380
236: 51,23,74,837,607,621
237: 150,216,161,427,212,15,195,75
238: 353,87,495,805,179,281,243,126
239: 451,124,358,493,282,9,53,155
240: 989,84,29,566
241: 48,369,7,334,336,93,242
242: 342,14,334,48,369,241,232,85
243: 313,126,277,238,495,314,78,1007,487
244: 484,157,89,110,278,399,144,456,167,173
245: 4,194,610,465
246: 157,110,278,188,198,375,255,428
247: 438,18,414,494,105,394,359,340,133
248: 625,884,324,423,92,76,490,152,855
249: 472,291,950,222,327
1038: 
251: 92,140,184,469,59,392,76,41
252: 395,132,186,45,15,510,75
253: 557,37,878,845
254: 455,276,432,326,162,298,101,787,164,175
255: 481,396,375,110,246,365,82,428,50
256: 264,948,431,369,503,413,312,267
257: 207,204,232,85,264,948,67,260,226
258: 336,31,136,125,498,191,36,163,345
259: 197,533,181
260: 449,187,207,204,257,67,378,226
261: 458,468,989,621,220,51,318,936
262: 116,142,355,97,102,457,376,496
263: 294,55,107,108,91,189,317,344,461
264: 948,67,1023,256,48,431,204,257,232
265: 192,445,151,979,147,1039,679,728
266: 8,553,841,104,914,83,377,464
267: 312,803,948,67,1023,256,95,370
268: 339,164,287,337,206,117,322,486,408,406,159,202,52
269: 385,57,420,453,292,160,151,170,182,380,16
270: 373,415,100,492,213,165,14
271: 372,350,466,168,346,158,328,384
272: 234,384,80,350,482,450,768
273: 195,510,75,39,63,391,409,410
274: 234,80,328,398,149,568
275: 410,199,667,988,409,850
276: 254,455,432,339,164,287,290,52
277: 313,243,126,753,805,109,171
278: 484,157,110,244,246,213,188,428
279: 823,584,138,330,577,653,3
280: 63,285,391,35,474,203,497,81,410,94
281: 179,856,353,238,87
282: 189,344,461,215,451,124,239,153
1019: 504,872
284: 387,349,102,457,142,97,437,212
285: 63,280,391,35,216,474,341,81
286: 566,2,680,379,600,638
287: 339,164,268,337,206,326,162,452,276,202
288: 115,94,149,199,667,137,519
289: 230,364,18,414,13,360
290: 190,72,227,52,276,432,55,111,49
291: 249,950,812,222,176
292: 269,385,57,453,58,170,182,380,349,235
293: 840,1043,712,813,655
294: 55,111,177,49,263,107,91,317
295: 56,320,697,756,74
296: 19,441,327,329,367,121,88
297: 22,436,429,319,332,38,221,404,475,373
298: 439,101,875,787,326,83,162,164,254,455
299: 353,46,323,389
300: 33,308,11,64,424,12,111,177,123
301: 19,121,230,364,447,228,20,79
302: 442,966,425,139,109,171
303: 214,155,10,66,473,166,411
304: 26,198,316,40,173,357,5
305: 26,316,365,366,168,346,25,422,372
306: 318,936,809,861,989,929,649
307: 210,5,366,354,316,69,71,25
308: 33,300,340,438,419,177,108,123,390,68
309: 310,20,360,447,338,22,436,156
310: 228,20,309,47,426,209,156,321
311: 223,436,209,156
312: 379,267,803,413,948,256,95
313: 243,126,277,753,805,109,171,314,487
314: 352,17,139,86,171,313,243,193,487
315: 494,394,323,389,495,78,219,1007
316: 304,305,26,198,40,5,307,366
317: 189,344,135,294,55,263,107,402,461
318: 936,306,809,51,458,261,989
319: 360,338,459,13,38,22,297
320: 351,778,56,295,176
321: 498,191,32,310,228,47,196,125,426,156
322: 60,485,117,268,218,159,202,140,184,392
323: 105,394,389,315,353,299,46,118,368
324: 122,423,918,92,248,625,76,152
325: 350,466,396,225,403,482
326: 83,162,464,62,298,439,101,164,287,254
327: 222,329,367,769,249,472,296,441
328: 203,497,398,158,271,234,384,80,274
329: 222,327,367,208,769,129,296
330: 138,465,145,4,537,577,279,653
331: 450,146,225,378,482,412,383,430,120
332: 229,38,221,217,297,404,475
333: 65,235,174,354,380,210,150,161,71
334: 345,492,336,93,342,242,14,241
335: 531,197,935,533
336: 258,31,93,205,334,345,492,241
337: 164,268,287,206,8,162,464,452,117,499
338: 360,447,319,309,22,436,156
339: 164,268,287,206,162,276,432,406,159,72,52
340: 33,308,219,494,438,18,419,247
341: 474,69,71,216,195,285,391,81
342: 242,14,334,188,165,0,48,232,85
343: 179,722
344: 189,317,282,135,263,402,124
345: 334,163,492,125,415,336,258,31,14
346: 168,25,422,158,305,365,372,271
347: 361,496,555,879,116,628,180,393
348: 772,211,645,120,443,1047
349: 380,387,284,16,57,292,102,679,174,97
350: 466,271,325,396,482,384,272,80,450
351: 320,778,176
352: 477,17,314,86,171,787,193,487
353: 299,238,87,46,495,281,323,389
354: 65,333,210,5,307,150,69,71
355: 116,142,262,186,924,393,839
356: 383,187,388,226,24,609
357: 167,173,491,493,99,417,40,304
358: 239,493,9,53,58,127
359: 129,368,105,367,247,88,133
360: 447,338,319,289,364,13,309
361: 347,496,555,879,6,628
362: 747,869,132,418,28
363: 411,433,41,490,434,152,192,151,420,453
364: 289,121,230,414,301,360,447
365: 305,26,198,481,375,255,346,372,466
366: 5,307,305,26,316,69,25
367: 327,329,208,769,129,359,88,296,441
368: 129,359,46,118,208,898,105,394,323
369: 48,431,241,7,93,242,503,256
370: 95,43,724,1023,267,388,172,858
1020: 663,691
372: 466,271,305,26,365,481,346,422
373: 415,270,100,223,429,297,21,475,163
374: 47,196,73,201,61,228,79,30,32
375: 481,396,255,110,246,26,198,365,428
376: 457,728,555,1039,1045,496,262
377: 83,162,464,62,104,560,878,266,439
378: 225,403,412,82,407,207,449,260,331
379: 312,803,413,286,95
380: 387,349,16,269,57,292,170,235,174,333
381: 519,785,767,470,735
1016: 463,1037,887
383: 449,187,356,412,331,430,24
384: 272,80,158,350,466,271,328
385: 269,57,420,453,292,192,445,151,679,16
386: 42
387: 380,284,349,102,174,437,212,161
388: 226,172,1023,187,356,370,609
389: 394,323,315,353,299,46,495,1007
390: 107,108,123,308,18,419,68,77
391: 63,285,280,216,341,273,195
392: 10,59,440,322,218,140,184,251,469,473,411
393: 924,839,347,496,116,142,355,652,628,180
394: 494,105,323,389,315,219,368,247
395: 252,132,418,186,45,924,747
396: 481,375,255,82,407,350,466,325,403
1014: 791,738,516,872,504
398: 203,328,497,80,274,94,149
399: 200,421,99,404,144,456,167,173,244
400: 850,988,28
401: 47,196,73,607,30,220,191,32,27,468
402: 66,478,473,317,344,135,155,124
403: 225,378,482,396,82,407,207,325
404: 21,144,456,475,332,229,297,421,399
405: 137,549,988,667,850
406: 486,408,159,339,268
407: 82,50,479,396,207,204,225,403,378
408: 486,218,406,159,268,72,227,52,440,473
409: 988,28,273,510,63,275,410
410: 275,199,667,273,39,63,280,35,409
411: 166,224,433,41,363,10,59,392,214,303
412: 225,378,383,449,187,331,430
413: 503,680,256,379,312
414: 438,18,419,247,289,230,364,133,13
415: 373,270,100,223,429,209,163,345,492,14
416: 954,819,924,839,418,747,869
417: 127,40,134,493,183,357,491
418: 395,132,924,416,362,747
419: 438,18,414,308,340,123,390,68,13
420: 269,385,57,453,434,433,363,445,151,182
421: 153,200,399,99,446,215,229,404,456
422: 346,305,372
423: 324,122,918,552,448,770,248,625,884
424: 12,175,131,300,11,111,177,49
425: 753,181,533,966,744,302,139,109
426: 125,209,156,310,47,498,321,163
427: 237,161,212,15
428: 82,50,246,278,188,0,375,255
429: 223,22,436,297,38,209,475,373,415
430: 645,24,120,412,383,331,146
431: 48,369,503,232,264,948,67,256
432: 254,455,276,339,175,131,72,290,52,55,49
433: 166,411,224,41,363,490,160,420,453
434: 490,152,855,363,192,151,979,420
997: 201,61,103,472,697,1026,73
436: 223,22,429,311,297,338,309,209,156
437: 45,212,15,387,284,142,97,186
438: 18,419,414,247,494,308,340,133
439: 298,875,787,113,326,83,162,377,62
440: 10,59,392,218,408,159,72,227,184,473
441: 296,19,327,367,472,121,103
442: 302,113,966,938,139,86,875,787
443: 488,1047,146,768,645,120,348,772
1039: 555,1045,147,601,265,457,728,376
445: 192,151,265,979,385,57,420,679,728,16
446: 217,461,215,91,229,221,153,421,456
447: 360,338,364,301,20,309,79
448: 106,185,423,918,612,770
449: 383,187,260,207,225,378,412,226
450: 331,146,768,350,225,482,272
451: 124,239,493,282,215,153,200,99,491
452: 577,117,499,8,553,162,287,337,206
453: 269,385,420,292,166,433,363,160,182
454: 708,963
455: 254,276,432,298,101,164,175,131,52,49
456: 404,144,446,229,153,200,421,399,244
457: 102,679,728,376,1039,284,496,97,262
458: 27,261,468,989,220,318,136,29,476
459: 68,13,77,319,38,221
1034: 796,940,789,524
461: 446,217,215,263,107,91,189,317,282
462: 231,1008,1021,537,502,138,584
463: 1016,1037,612,130
464: 326,83,162,377,62,104,8,553,266,337
465: 138,330,145,610,4,245,537
466: 372,350,271,325,365,481,396,482,384
467: 84,29,476,205,136,7,54
468: 27,458,261,401,30,220,191,32,476
469: 92,140,251,59,392,76,490,152,41
470: 112,381,767,1029
1044: 591,826
472: 249,222,327,441,997,103
473: 66,478,402,408,227,10,440,392,303
474: 69,341,71,168,25,285,280,81
475: 21,404,144,332,229,429,297,373,100
476: 467,29,27,458,468,989,205,136
477: 352,17,86,101,787,12,175
478: 66,402,473,190,72,227,98,55,135,155
479: 82,50,407,0,207,204,232,85
480: 976
481: 396,375,255,365,82,372,466
482: 225,403,350,466,325,272,331,450
483: 512,772,211,556
484: 157,244,278,21,144,100,213
485: 60,322,653,3,577,117,206,159,202,184
486: 408,406,159,268
487: 78,64,193,1007,171,313,243,495,352,314
488: 443,687,1047,768,568,617
992: 816,546
490: 76,434,152,855,469,59,248,433,41,363,151
491: 167,173,357,451,493,200,99,417,40
492: 334,163,345,415,270,336,14
493: 451,239,358,9,153,99,58,417,127,357,491
494: 105,394,315,78,219,33,340,438,247
495: 353,238,243,126,1007,487,389,315
496: 361,347,555,457,376,116,262,393
497: 203,328,398,81,168,158,280
498: 191,321,36,32,125,426,258
499: 577,452,587,8,553,145,337
500: 779,707
501: 
502: 537,517,233,462,231
503: 54,413,93,431,369,7,256
504: 1019,1014,516,872
505: 611
506: 749,1025
507: 1011,518
508: 619,615
509: 
510: 273,195,75,252,132,28,409
511: 
512: 483,211,119,864
513: 806
514: 920,910,928,708,907
515: 567,594
516: 872,791,1014,738,504,527
517: 502,610,852
518: 978,901,507
519: 381,785,767,115,288,137,549
520: 686,1017,842
521: 
522: 973
523: 627,716
524: 940,789,796,1034,1030
525: 1042
526: 991
527: 738,516
528: 782,972
529: 
530: 826,643,913
531: 335,935
532: 882
533: 197,259,335,744,425,181
534: 780
535: 836,43,724
536: 965,925
537: 502,138,330,465,462,231,584
538: 543,895
539: 
540: 696,892
541: 745
542: 962
543: 538,602
544: 580
545: 812,571
546: 816,992
547: 987,961
548: 
549: 405,137,667,519,785,874
550: 871,798
551: 865,636
552: 122,423,918,1008,823,584,106,128
553: 8,266,841,587,464,145,577,452,499
554: 675,646,840,712,908
555: 1039,1045,647,376,6,361,347,496
556: 772,211,483,851
557: 921,919,253,878,845,938
558: 591,658,684
559: 973
560: 878,845,938,104,113,83,377,62
561: 847
1033: 
563: 931,573
564: 
565: 700
566: 2,286,84,240,680
567: 515,732,581,748
568: 617,234,80,274,768,488
569: 622,752,711
570: 902
571: 812,778,545,710,947
572: 932
573: 721,563
574: 895
575: 788,694
576: 
577: 452,117,499,8,553,330,145,206,279,485,653
578: 
579: 
580: 930,544
581: 661,748,567
582: 
583: 801,951
584: 823,279,537,138,462,1008,3,552
585: 749,608,964
586: 715
587: 4,194,833,553,841,145,499
588: 900
999: 1029,735
590: 695,596,853
591: 558,1044,986
1026: 697,997,61,73,607,30
593: 
594: 833,515,834
595: 606,891,907,917,899
596: 868,954,819,590,853
597: 786,743
598: 888
599: 715,844
600: 2,286,638
601: 1036,147,662,154,979,647,1039,1045
602: 543
1030: 940,789,675,524
604: 923,709
605: 119,959,1029,1032,864
606: 595,891,879,652,628,868
607: 621,30,220,1026,196,73,401,236
608: 585
609: 356,388,172,645,24,858
610: 245,517,465
611: 505
612: 770,968,185,448,463
613: 822,786
614: 862
615: 508
616: 695,949,1028
617: 568,234,488,112
618: 703,890
619: 508
620: 
621: 607,30,220,74,51,23,236,261
622: 752,569
623: 980
624: 
625: 248,884,324,423,689,152
626: 
627: 523,716
628: 652,180,879,361,347,606,393
629: 662,944,154,740,130,647
630: 
631: 
1025: 1013,506
633: 705
1013: 1025,916
635: 911
636: 706,743,865,551
637: 824,946,995
638: 2,286,905,600
639: 980
640: 
641: 
642: 
643: 530,844,913
644: 692
645: 430,24,120,609,443,348,772
646: 840,736,554
647: 953,662,629,601,555,1045,6
648: 746
649: 929,861,686,306
1045: 555,1039,147,601,647,376
651: 
652: 628,180,606,891,393,839,868
653: 60,485,3,330,577,117,279,128
654: 754
655: 856,293,712
656: 876,707,779
657: 
658: 558
659: 
1036: 147,601,689,884,662,154,979
661: 581,669
662: 629,944,154,1036,601,647
663: 1020,691
664: 
1028: 616
666: 
667: 275,410,199,35,988,94,288,850,405,137,549
668: 890,835
669: 661
670: 
1047: 443,488,687,348,772,211,119
672: 984,996,836
673: 
674: 
675: 554,1030,908
676: 
677: 729,755
678: 
679: 102,457,728,445,265,385,57,349,16
680: 54,413,84,566,286
681: 725,951
682: 
683: 
684: 1042,826,558
685: 
686: 520,861,842,649
687: 488,1047,211,119,959
688: 
689: 770,625,884,944,154,1036
690: 952
691: 663,1020
692: 644,799
693: 949,853,869,741
694: 1035,575
695: 590,949,853,616
696: 892,540
697: 1026,295,997,61
698: 709,964
1017: 889,520,842
700: 565
701: 800,737
1035: 694
703: 618
704: 900
705: 633
706: 636,849,804
707: 656,876,779,500
708: 454,514,907,917
709: 698,923,604
710: 571,947
711: 752,569
712: 293,840,1043,554,655,908
713: 
1024: 
715: 599,586
716: 854,523,627
717: 
718: 
719: 777
720: 
721: 573
722: 813,343
723: 733
724: 95,370,43,172,535,858
725: 801,749,681
726: 
727: 
728: 102,679,457,376,147,445,265,1039,16
729: 906,873,755,677
730: 
996: 836,672,984
732: 748,567
733: 723
734: 773,913
735: 957,381,785,1029,999
736: 840,1043,776,646,813
737: 906,800,701,799
738: 802,791,1014,516,527
739: 1009
740: 629,944,838,130
741: 869,693
742: 862
743: 786,849,597,636
744: 966,533,921,425
745: 541,817
746: 648
747: 362,869,395,132,418,416
748: 581,732,567
749: 585,506,725
750: 
751: 
752: 622,569,711
753: 425,181,805,109,171,313,277
754: 654
755: 729,677
756: 74,837,295,814
757: 771
758: 795
1029: 999,470,605,735
760: 907,917,899
761: 
762: 788
763: 824
1023: 264,948,67,267,388,226,172,370
1011: 233,1031,507
766: 
767: 381,519,115,112,470
768: 450,146,234,272,568,443,488
769: 903,208,898,129,222,327,329,367
770: 689,612,185,448,423,918,884
771: 757
772: 348,211,645,443,1047,556,483
773: 734,913,972
774: 
775: 
776: 736
777: 719
778: 812,571,176,351,320
779: 500,656,707
780: 863,534
1009: 739,802
782: 528,831,886
783: 808
784: 
785: 381,519,549,874,735
786: 743,597,613
787: 298,439,101,875,442,86,352,477,254
788: 575,762
789: 940,796,1034,1030,524
1008: 462,1021,823,584,106,918,552
791: 1014,738,516
792: 
1043: 293,840,736,712,813
794: 
795: 758
796: 1034,940,789,524
797: 
798: 550
799: 692,800,906,737
800: 701,799,906,737
801: 725,951,583
802: 738,1009
803: 379,312,267,95,43
804: 706
805: 753,179,313,126,277,238
806: 513
1021: 462,231,1008,1031,106
808: 783
809: 318,306,929
810: 900
811: 952
812: 571,778,545,291,950,176
813: 722,293,840,1043,736
814: 756
815: 842
816: 546,992
817: 745,877,941
818: 985
819: 954,416,596,869,853
820: 885,1040
821: 
822: 613
823: 279,584,1008,3,122,552,128
824: 946,763,995,637
825: 
826: 530,684,1044
827: 
828: 830
829: 
830: 955,828,978,901
831: 844,782,972
832: 
833: 594,834,194,587,841
834: 594,833
835: 668
836: 535,996,672
837: 756,74,23,236
838: 740
839: 924,393,355,652,180,954,416
840: 293,1043,736,712,646,813,554
841: 553,266,833,104,914,587
842: 815,1017,686,520
843: 
844: 831,599,643,972
845: 560,878,938,253,921,557
1042: 684,525
847: 561
848: 852
849: 706,743
850: 400,988,275,667,405
851: 556
852: 848,517
853: 949,693,596,819,695,590
854: 716
855: 490,434,152,248,192,151,979
856: 655,281,87,898
1012: 867,932
858: 96,172,370,43,724,609
859: 
860: 
861: 51,23,686,936,306,929,649
862: 742,614
863: 780
864: 1032,119,605,512,915
865: 551,636
1032: 864,605,915
867: 1012
868: 596,606,891,652
869: 362,747,819,416,693,741
870: 
871: 550
872: 516,1014,1019,504
873: 729
874: 549,785
875: 298,439,787,442,113,139,86,62
876: 656,707
877: 817,941
878: 560,845,938,253,557,104,914,377
879: 963,6,361,347,606,628
880: 
881: 
882: 532
883: 42,96
884: 248,625,423,689,770,154,1036
885: 820
886: 782
887: 1016,1037
888: 598,982
889: 1017
890: 668,618
891: 595,606,652,899,868
892: 696,540
893: 
894: 
895: 574,538
896: 
897: 961
898: 118,208,856,934,87,46,769,903,368
899: 917,595,891,760
900: 704,810,588
901: 978,518,830,955
902: 570
903: 769,934,118,208,898
904: 
905: 2,638
906: 729,737,800,799
907: 917,514,708,595,760
908: 712,675,554
909: 
910: 920,514
911: 635
998: 946
913: 530,643,773,734
914: 37,104,878,266,841
915: 1032,864
916: 1013
917: 907,708,595,760,899
918: 324,122,423,552,1008,106,185,448,770
919: 921,557
920: 910,514,928
921: 557,919,744,845,938
922: 983
923: 604,975,709
924: 393,839,142,355,186,45,395,418,954,416
925: 536
926: 1010
927: 
928: 920,514
929: 649,861,936,306,809
930: 580
931: 563
932: 572,1012
933: 
934: 898,903
935: 197,531,335
936: 318,306,51,23,861,261,989,929
937: 
938: 560,878,845,921,557,966,442,113
939: 
940: 789,796,1034,1030,524
941: 877,817
1027: 
1007: 78,219,193,487,243,126,495,389,315
944: 662,629,154,740,689,130
945: 1018
946: 824,998,995,637
947: 710,571
948: 264,67,1023,256,431,257,312,267,226
949: 693,853,695,616
950: 249,291,812,56,176
951: 681,801,583
952: 690,811
953: 647,963,6
954: 819,416,924,839,596
955: 830,901
956: 994,976
957: 735
958: 
959: 119,605,687,112
960: 
961: 897,987,547
962: 542
963: 879,6,953,454
964: 585,698
965: 536
966: 744,425,938,442,302,109
967: 980
968: 106,185,612
1018: 945
970: 
971: 
972: 528,831,844,773
973: 559,522
974: 
975: 923
976: 480,956
977: 982
978: 518,901,830
979: 192,445,151,265,434,855,1036,147,601
980: 967,639,623
981: 
982: 888,977
983: 922
984: 672,996
985: 818
986: 591
987: 547,961
988: 28,409,275,667,400,850,405
989: 458,261,318,936,306,29,476,240
990: 
1046: 