0: 85,165,204,242,428,14,213,345,270,334,188,255,257,342,207,479,260
1: 82,271,375,50,466,403,407,331,272,396,482,325
2: 7,84,413,379,93,286,95,312,256
3: 202,283,485,159,330,44,145,206,322,138,122,279,140,60,184
4: 104,194,464,377,337,114,245,452,162,266,499
5: 40,357,491,167,134,183,304,65,307,354,366,210,26
6: 361,130,147,445,376,180,496
7: 2,84,413,379,369,205,318,93,431,312,256
8: 162,266,287,499,164,464,83,337,452,298,254,326,276
9: 53,303,155,166,214,358,66,282,344,124,127,239,493,417,292,58
10: 59,440,218,227,184,392,92,473,98,41,224,469,411,251,303
11: 12,17,175,352,477,64,193,78,101,444,455,300,49,131,424
12: 11,17,175,477,64,308,219,300,49,290,131,111,123,424
13: 108,38,297,319,338,77,18,68,289,447,20,459,436,360
14: 0,85,165,204,242,428,213,373,345,415,163,270,334,188,342
15: 45,148,395,284,437,116,161,427,212,237,252,71,75
16: 102,385,265,269,490,363,434,469,433,453,192,420,151
17: 11,12,352,477,64,314,487,171,193,313,243,78,219,300
18: 68,289,364,414,438,419,494,77,247,390,20,121,13
19: 79,103,441,61,88,296,156,121,301
20: 156,447,228,121,18,68,289,364,13,436,360
21: 89,100,213,144,332,373,429,229,34,38,475,22,404,157,415,270,484
22: 223,311,436,360,38,297,338,475,21,373,429,415,163,334,489
23: 196,220,458,468,401,29,27,476
24: 120,483,348,443,119,146,96,488
25: 305,69,307,366,474,81,141,168,350,346
26: 305,316,5,40,304,422,307,366,210
27: 54,318,31,467,476,321,23,220,458,468,191,32,136,240,261
28: 391,273,362,400,395,75,195,418,132,341
29: 23,220,476,261
30: 74,374,236,401,51,73,196,458
31: 27,54,205,318,467,93,321,191,48,125,136,258,241,413,369
32: 196,458,468,191,321,47,498,426,125,136,27
33: 308,419,219,300,78,315,394,64,340,133,494,247,414
34: 108,38,297,319,338,475,91,461,221,459,229,404,456,21,144,332,429
35: 80,94,328,203,39,199,410,409,70,137,405,288,115,381
36: 492,125,336,258,223,311,321,209,309,498,345,163,334,489
37: 442,253,464,377,83,197,104,62,162
38: 13,108,34,297,319,338,475,91,229,360,22,404,21,144,332,429
39: 199,280,341,410,409,63,391,273,400,35
40: 5,357,491,167,134,493,417,99,304,198,307,210,26
41: 160,224,469,411,433,453,251,92,10,59,440,76,490,363,303,166
42: 388,187,471,386
43: 95,264,312,370,388
44: 337,114,245,117,452,287,499,3,283,485,159,206,322
45: 15,142,148,186,395,437,116,427,237,252
46: 368,394,238,299,323,353,343,281,118,129,367,329,105
47: 321,309,498,426,228,73,201,310,301,374,196,458,32
48: 492,125,136,336,258,54,205,318,31,241,342,435,413,369
49: 55,294,290,131,111,455,11,12,175,300,72,123,177,424
50: 1,82,375,481,278,188,255,204,428,207,403,407,479
51: 56,472,351,441,61,73,30,74,374,236
52: 101,298,439,254,455,326,164,477,276,72,478,406,408,432
53: 9,303,166,214,358,160,224,453,269,170,292,58,380,182
54: 27,205,318,31,467,476,321,220,468,191,48,136,240,413
55: 49,294,290,131,190,111,72,478,177,402,215,317,344,189,217
56: 51,320,472,351,74,236
57: 235,170,183,292,380,182,102,143,349,269,284,387,65,150,212,174
58: 235,170,183,292,380,182,9,53,214,358,127,417,357,491,134
59: 10,440,218,227,184,392,92,128,140,60,76,490,41,469,411,251
60: 92,122,128,279,140,3,202,485,159,330,322,59,440,184,392
61: 19,79,295,441,51,472,73,201,301,374,236
62: 314,86,113,302,181,37,442,253,464,83,162,439,444,326
63: 285,497,71,75,195,391,273,39,280,341,410
64: 11,12,17,175,352,487,193,78,33,308,219,300,424
65: 150,161,333,212,216,174,57,235,170,183,380,5,357,134,307,354,210
66: 473,135,402,98,190,227,282,317,344,9,303,155,214,124
67: 232,449,267,370,383,260,460,378,264,256,412,226,471,388
68: 18,289,364,414,438,77,247,390,20,459,263,13,108,297,319
69: 354,366,474,161,333,216,237,25,71,195,81,141,285,497
70: 137,275,405,199,409,35,203,288,381
71: 252,75,195,161,333,216,237,69,354,15,63,81,285
72: 478,408,432,455,52,175,49,55,290,131,190,135,402
73: 201,310,301,79,441,61,51,472,30,374,236,47,196
74: 30,374,236,401,51,56
75: 252,71,195,216,237,15,395,63,285,28,273,341
76: 169,248,490,363,434,92,122,128,140,397,59,184,41,469,251
77: 107,123,177,247,390,18,68,289,438,91,461,217,459,263,13,108,319
78: 243,1007,495,315,487,193,313,11,17,64,33,219,300
79: 19,103,295,441,61,296,472,73,201,301
80: 35,94,328,203,158,384,149,274,398,381,112
81: 141,285,497,216,69,354,366,474,25,71,168,346
82: 1,271,375,50,466,481,255,372,403,407,479,325
83: 37,442,253,464,62,113,302,8,162,266,164,298,439,326
84: 2,7,413,379,318,93,306,286,312
85: 0,165,204,242,14,345,270,334,492,336,257,241,342,435
86: 62,314,113,302,181,139,425,109,171,193,313,444,352
87: 343,371,293,281,353
88: 296,230,105,368,367,329,359,327,19,103,121
89: 21,100,213,144,332,373,404,157,173,244,399,365,198,278,484,110,246
90: 103,295,441,329,359,176,222,327,249,472,351
91: 461,217,221,421,446,459,229,263,77,108,34,38,297,319,404,456,332
92: 122,128,279,140,60,397,10,59,440,184,392,76,248,490,41,251
93: 205,318,31,467,240,306,2,7,84,413,286
94: 35,80,203,149,274,398,470,288,115,381,211,112,382
95: 43,264,312,256,2,388
96: 386,430,187,172,24,120,483,348
97: 284,437,387,116,143,265,347,355,457,496,142
98: 66,473,135,402,486,268,478,406,408,10,440,218,227,392
99: 127,239,451,493,421,157,173,200,244,399,40,491,167,304,198
100: 21,89,213,144,332,373,429,404,157,173,415,270,278,188,484,110
101: 298,439,254,444,455,326,52,314,113,11,175,352,477,432
102: 16,143,385,349,265,269,433,453,151,57,182,457,496,284,387
103: 19,79,90,295,441,329,359,327,88,296
104: 194,4,37,464,377,452,266
105: 88,296,230,46,368,323,367,329,133
106: 152,185,324,262,448
107: 77,123,177,424,247,390,419,294,111,438,189,461,217,459,263
108: 13,34,38,297,319,77,390,68,289,438,91,459,263
109: 259,335,425,314,86,181,171,193,313,277
110: 278,188,484,372,246,157,173,399,89,100,213,144,365,198,422
111: 49,55,294,290,131,12,175,308,300,107,123,177,424,390,189,217
112: 211,382,80,94,149,470,115,381
113: 62,314,86,302,181,442,253,83,171,101,439,444,326,352
114: 44,245,117,452,194,4,465,178
115: 288,381,35,94,203,137,112,382
116: 97,284,437,355,427,480,45,15,142,148,186
117: 337,114,44,245,465,178,283,485,159
118: 129,208,367,329,359,293,46,353,222,327,291
119: 149,274,470,146,24,443,211,488
120: 24,483,348,443,482,430,225,450,172,146,96
121: 156,20,88,296,230,19,18,364
122: 92,128,279,140,60,397,3,330,463,138,462,324,76,248
123: 77,107,177,424,247,390,12,308,419,300,49,294,111,438,263
124: 127,239,451,493,66,153,282,317,344,9,155,214,358
125: 492,36,48,136,336,258,321,209,309,498,426,191,32,31
126: 179,259,335,277,495
127: 124,239,451,493,417,99,282,9,214,358,58,357,491
128: 92,122,279,140,60,397,463,138,59,184,76,169,248,490,251
129: 118,208,367,329,359,343,293,281,46,353,291
130: 262,147,448,445,361,6
131: 49,55,294,290,190,111,455,11,12,175,477,72,478,432
132: 418,416,148,395,28,273,362
133: 340,494,368,394,323,33,230,105,414
134: 5,40,357,235,170,183,58,65,150,333,174,307,354,210
135: 66,473,402,98,486,72,478,408,432,190,218,227,344
136: 492,48,125,336,258,321,498,468,191,32,27,54,205,318,31,241
137: 70,405,35,288,115
138: 463,462,145,231,233,3,283,330,122,128,279,140
139: 425,197,442,86,302,181
140: 92,122,128,279,60,397,3,202,330,138,59,184,392,76,248,251
141: 81,285,497,69,474,25,168,346,158,280
142: 45,148,186,355,393,97,437,116,250,480,416
143: 102,385,349,265,269,151,57,380,457,97,284,387,212,174
144: 21,89,100,332,373,429,229,34,38,475,404,157,173,456,244,399,484,110
145: 231,178,233,3,283,330,138,462,279
146: 119,274,234,396,482,430,450,24,120,443
147: 262,130,448,154,192,445,6,376
148: 45,15,142,186,395,116,250,252,132,416
149: 119,274,398,470,384,234,80,94,203,381,112
150: 65,161,333,427,212,216,237,174,57,235,134,387,354,210
151: 192,420,445,363,433,16,102,143,385,265,457,496
152: 106,185,324,154,169,434,262,448,192
153: 215,282,317,344,189,461,221,421,446,124,239,451,493,200,456
154: 169,248,363,434,152,324,262,147,192,420
155: 9,303,166,214,358,66,473,402,282,344,124
156: 447,20,228,121,19,364,310,301
157: 404,173,200,456,244,399,421,229,99,21,89,100,144,332,365,198,110
158: 168,384,141,497,280,410,80,328,203
159: 3,202,283,485,330,337,44,117,206,268,339,322,279,60,392
160: 41,224,469,411,433,453,53,303,166,214,358,385,269,292,380,182
161: 65,150,333,427,212,216,237,174,437,69,354,15,252,71
162: 8,266,287,499,164,4,37,253,464,377,83,62,452,298,439,326
163: 345,415,270,334,489,338,475,223,311,22,373,429,492,36,14
164: 8,162,266,287,499,83,298,439,254,326,52,276,339,406
165: 0,85,204,428,14,213,373,415,270,334,278,188,484,255,479
166: 9,53,303,155,214,358,41,160,224,469,411,453,292,182
167: 5,40,357,491,493,99,173,200,399,304,365,198
168: 350,346,158,384,25,81,141,497,272
169: 76,154,248,434,463,128,397,152,185,324,262
170: 57,235,183,292,58,380,182,53,358,417,349,269,357,134,65,174
171: 487,193,313,425,335,109,314,86,113,181,277,17,352
172: 187,356,430,225,450,120,348,96,386
173: 404,157,200,244,399,99,89,100,144,167,304,365,198,484,110,246
174: 65,150,161,333,427,212,143,349,57,235,170,183,380,134,284,387
175: 11,12,352,477,64,101,455,72,49,290,131,111,424
176: 222,291,249,359,90,295,351
177: 77,107,123,424,247,390,49,55,294,290,111,189,461,217,263
178: 145,231,465,114,117,283,485,330
179: 126,343,371,277,495,389,238
180: 347,355,376,393,496,361,6,454
181: 62,314,86,113,302,139,425,109,442,171
182: 57,235,170,292,58,380,160,224,433,453,53,166,358,102,385,349,269
183: 57,235,170,292,58,380,358,417,5,357,491,134,65,174,210
184: 10,59,440,218,392,3,202,268,322,92,128,279,140,60,76,251
185: 106,152,324,463,423,397,169
186: 45,142,148,395,355,116,250,480,416
187: 226,356,471,172,383,430,42,96,386
188: 278,484,255,110,246,100,213,373,270,0,165,428,14,50,481
189: 153,215,282,317,55,294,290,190,111,107,177,461,217,446,263
190: 55,294,290,131,72,478,408,432,66,135,402,317,344,189
191: 220,458,468,32,321,498,125,136,258,27,54,31,467,476
192: 420,445,151,152,154,434,262,147,16
193: 487,171,313,109,314,86,78,444,11,17,352,477,64
194: 104,4,377,114,245,452,266
195: 252,71,75,69,63,285,497,28,273,280,341
196: 23,458,468,32,73,201,310,30,374,236,401,47,426
197: 139,37,442,253,302
198: 304,365,422,99,157,173,200,244,399,89,40,491,167,110,246
199: 39,280,341,410,409,400,35,328,203,70,405,288
200: 404,157,173,456,244,399,153,221,421,239,451,493,99,167,198
201: 73,310,301,79,61,228,374,236,47,426,196
202: 3,485,159,206,268,339,322,279,140,60,440,218,184,392
203: 35,80,94,328,158,384,199,410,149,70,288,115,381
204: 0,85,165,242,428,14,257,342,50,207,378,407,479,449,260
205: 54,318,31,93,48,136,258,241,431,435,7,413,379,369
206: 268,276,339,322,337,44,245,287,499,3,202,485,159
207: 378,403,407,479,331,0,204,242,428,257,50,232,449,260,412
208: 118,129,367,359,293,281,291
209: 321,309,498,426,223,311,436,489,492,36,125,258
210: 307,354,366,474,235,183,5,40,357,134,65,150,333,216,26
211: 488,112,382,94,119,470
212: 65,150,161,333,427,237,174,143,349,57,235,284,437,387,15
213: 21,89,100,373,429,415,270,334,278,188,484,255,110,0,165,428,14
214: 9,53,303,155,166,358,66,160,224,411,124,127,417,292,58
215: 153,282,317,344,189,55,294,461,217,221,421,446,239,451
216: 65,150,161,333,427,237,69,354,474,210,252,71,75,81,285
217: 91,461,221,446,459,263,55,294,290,111,77,107,177,390,215,189
218: 10,59,440,227,184,392,202,486,268,339,322,408,473,135,98
219: 33,308,300,487,243,1007,78,315,12,17,64,340,424
220: 23,458,468,191,29,27,54,467,476,261
221: 91,461,217,421,446,459,229,263,153,215,34,319,451,404,200,456,244
222: 176,327,291,249,118,329,359,90,295
223: 311,436,360,22,447,338,475,209,309,429,163,489,36
224: 41,160,469,411,433,453,251,10,490,363,53,303,166,214,385,269,182
225: 430,325,450,412,378,403,331,383,482,356,172,120
226: 187,356,471,67,449,267,370,383,412,388
227: 10,59,440,218,392,66,473,135,98,411,303
228: 156,447,20,201,310,301,311,436,47,309,426
229: 91,461,221,421,459,34,38,319,404,157,456,244,21,144,332
230: 88,296,105,368,133,364,121
231: 145,178,233,465,283,330,138
232: 67,449,267,383,260,242,257,460,431,435,207,378,256
233: 145,231,330,138,423,462
234: 272,396,482,384,450,149,274,398,146,443
235: 57,170,183,292,58,380,182,349,357,134,387,65,150,333,212,174,210
236: 30,74,374,401,61,51,56,472,73,201,196
237: 150,161,333,427,212,216,437,69,45,15,395,252,71,75
238: 46,368,394,299,323,353,179,343,371,281,1007,389
239: 124,127,451,493,417,99,153,215,282,344,421,9,200
240: 306,261,27,54,318,467,476,93,286
241: 257,342,431,435,345,492,48,136,336,258,205,31,85,369
242: 0,85,204,428,14,336,257,342,460,435,207,479,232,260
243: 1007,277,495,78,389,315,487,313,299,17,219
244: 404,157,173,200,456,399,221,421,229,451,493,99,89,144,198
245: 337,114,44,117,452,194,4,465,266,499,485,206
246: 278,188,484,255,110,372,173,89,365,198,422,316,375,481
247: 77,107,123,177,424,390,33,308,419,494,18,68,414,438
248: 76,154,169,490,363,434,463,92,122,128,140,397,324,251
249: 176,222,90,295,441,320,472,351
250: 480,142,148,186,416
251: 41,224,469,411,433,92,128,140,10,59,440,184,76,248,490,363
252: 71,75,195,437,161,427,216,237,45,15,148,395,273
253: 37,442,464,377,83,197,62,113,302,162,266,326
254: 101,298,439,326,52,8,287,164,486,276,339,406,408,432
255: 278,188,484,372,246,213,0,165,428,82,375,50,481,479
256: 95,264,312,257,460,431,2,7,379,369,67,232,267,370
257: 241,342,460,431,435,0,85,204,242,369,207,232,449,267,260,256
258: 492,36,48,125,136,336,321,209,498,191,345,205,31,241,342
259: 335,109,126,277
260: 67,232,449,267,0,204,242,257,342,460,435,207,378,407,479
261: 240,306,220,29,27,467,476
262: 130,147,448,106,152,154,169,192,445
263: 91,461,217,221,446,459,294,77,107,123,177,390,68,189,108,319
264: 43,95,312,256,460,379,67,267,370,388
265: 16,102,143,385,349,445,151,347,457,496,97,284,387
266: 8,162,287,499,164,104,194,4,253,464,377,83,337,245,452
267: 67,232,449,370,383,260,257,460,431,379,264,312,256,226
268: 486,206,276,339,322,287,202,159,406,408,440,218,184,392,98
269: 16,102,143,385,349,160,224,433,453,53,57,170,292,380,182,387
270: 345,415,163,334,21,100,213,373,429,188,484,0,85,165,428,14
271: 1,82,375,466,481,372,305,316,350,346,272
272: 234,396,482,1,271,466,168,350,346,384,398
273: 28,391,362,395,252,75,195,63,132,39,341
274: 119,149,398,470,146,234,482,80,94,443
275: 70,405,400,409
276: 486,206,268,339,322,8,287,499,164,298,254,52,406,408,432
277: 243,495,259,335,109,126,179,487,171,313
278: 188,484,255,110,372,246,89,100,213,365,165,428,375,50,481
279: 92,122,128,140,60,145,3,202,283,159,330,463,138,462,184
280: 39,199,341,410,195,63,141,285,497,158,328
281: 293,87,343,46,238,353,129,208
282: 153,215,317,344,189,66,402,421,446,9,155,124,127,239,451
283: 3,485,159,330,465,44,117,145,231,178,138,279
284: 97,437,387,116,102,143,349,265,57,355,457,427,212,174,15
285: 63,81,141,497,216,69,474,71,75,195,280
286: 93,240,306,2,84,413
287: 8,162,266,499,164,337,44,452,254,486,206,268,276,339,322,406
288: 115,381,199,35,94,203,70,137,405
289: 18,68,364,414,438,77,447,20,13,108,297,360
290: 49,55,294,131,190,111,12,175,72,177,424,317,189,217
291: 176,222,327,293,118,129,208,359
292: 57,235,170,183,58,380,182,160,453,9,53,166,214,358,417,269
293: 281,87,353,118,129,208,291
294: 49,55,290,131,190,111,107,123,177,424,215,317,189,461,217,446,263
295: 79,90,103,441,61,176,222,327,249,472,351
296: 88,230,105,329,327,19,79,103,121
297: 13,108,34,38,319,338,475,68,289,91,459,360,22,332
298: 101,439,254,444,455,326,52,83,8,162,164,477,276,406,432
299: 46,368,394,238,323,353,243,1007,495,389,315,340
300: 33,308,419,219,78,11,12,17,64,49,111,123,424
301: 73,201,310,19,79,441,61,156,228,47
302: 62,314,86,113,181,197,139,425,442,253,83
303: 9,53,155,166,214,358,10,227,66,473,41,160,224,411
304: 365,198,422,99,173,399,5,40,491,167,26
305: 25,316,26,422,307,366,474,271,350,346
306: 240,261,467,93,84,286
307: 354,366,474,210,5,40,134,65,333,25,305,26
308: 33,419,219,300,315,12,64,340,494,111,123,424,247,390,414
309: 47,209,498,426,447,228,310,223,311,436,36,125
310: 73,201,301,156,228,47,309,498,426,196
311: 223,436,22,447,228,209,309,498,426,163,489,36
312: 43,95,264,256,460,431,2,7,84,379,267
313: 487,171,193,335,109,314,86,243,277,495,78,17
314: 62,86,113,302,181,109,171,193,313,101,439,444,17,352,477
315: 243,1007,495,78,394,299,323,33,308,219,340,494
316: 305,26,422,372,246,271,375,481,350,346
317: 153,215,282,344,189,55,294,290,190,66,402,446,124
318: 27,54,205,31,467,476,93,48,136,240,7,84,413,369
319: 13,108,34,38,297,338,475,77,68,91,461,221,459,229,263,332
320: 56,472,351,249
321: 47,209,498,426,458,468,191,32,36,125,136,258,27,54,31
322: 486,206,268,276,339,337,44,287,3,202,485,159,60,218,184,392
323: 46,368,394,238,299,353,343,315,367,340,133,105
324: 106,152,185,463,423,462,122,397,154,169,248
325: 430,225,450,412,1,82,466,403,407,331,396,482
326: 101,298,439,254,444,52,253,464,83,62,113,8,162,164
327: 222,291,118,329,359,88,296,90,103,295,441
328: 35,80,203,158,384,199,280,410,381
329: 118,129,367,359,46,222,327,88,296,105,90,103
330: 3,283,485,159,145,231,178,233,138,462,122,279,140,60
331: 207,378,403,407,479,1,449,383,225,325,450,412
332: 21,89,100,144,373,429,91,229,34,38,297,319,338,475,404,157,456
333: 65,150,161,427,212,216,237,174,235,134,69,307,354,474,210,71
334: 345,415,163,270,489,22,213,373,429,492,36,336,0,85,165,14
335: 259,109,425,126,487,171,313,277
336: 492,36,48,125,136,258,345,334,85,242,241,342,435
337: 44,245,117,452,4,8,266,287,499,485,159,206,339,322
338: 13,34,38,297,319,475,447,223,436,360,22,332,429,163
339: 486,206,268,276,322,337,287,499,164,254,202,159,406,218,392
340: 133,494,315,368,394,299,323,33,308,419,219,414
341: 39,199,280,410,409,75,195,63,28,391,273,400
342: 257,241,431,435,345,492,48,336,258,0,85,204,242,14,369,260
343: 87,371,179,281,389,46,238,323,353,129
344: 153,215,282,317,55,190,66,473,135,402,9,155,124,239
345: 415,163,270,334,489,492,36,336,258,0,85,14,241,342
346: 168,350,366,25,305,316,271,81,141,272
347: 355,376,393,180,457,496,445,265,97,480,454
348: 24,120,483,443,430,450,172,96,386
349: 102,143,385,265,269,453,57,235,170,380,182,284,387,212,174
350: 168,346,25,305,316,271,466,272,396
351: 51,56,320,472,176,249,90,295,441
352: 11,17,175,477,64,314,86,113,487,171,193,101,439,444
353: 46,368,238,299,323,87,343,371,293,281,118,129,367
354: 69,307,366,474,210,5,134,65,150,161,333,216,71,81
355: 347,393,180,457,97,284,437,116,480,142,186
356: 187,226,471,172,383,430,225,412
357: 5,40,491,167,134,127,417,235,170,183,58,65,210
358: 9,53,303,155,166,214,160,124,127,417,170,183,292,58,182
359: 118,129,208,367,329,176,222,327,291,88,90,103
360: 223,436,22,289,447,20,13,38,297,338,475
361: 6,130,376,180,454
362: 28,391,273,400,418,132
363: 76,154,248,490,434,41,224,469,433,453,251,420,151,16,385
364: 18,68,289,414,438,230,156,20,121
365: 304,198,422,157,173,399,89,167,278,484,110,372,246
366: 69,307,354,474,210,5,25,305,26,81,346
367: 118,129,208,329,359,46,368,323,353,88,105
368: 46,394,238,299,323,353,367,340,133,88,230,105
369: 7,413,379,48,205,318,31,257,241,342,460,431,435,256
370: 67,267,383,43,264,256,226,471,388
371: 87,343,179,389,238,353
372: 278,255,110,246,365,422,316,82,271,375,481
373: 21,89,100,213,144,332,429,475,22,415,163,270,334,188,484,165,14
374: 30,74,236,401,61,51,73,201,47,196,458
375: 1,82,271,50,466,481,278,255,372,246,316
376: 347,393,180,457,496,147,445,361,6
377: 37,253,464,104,194,4,452,162,266
378: 207,403,407,479,331,204,67,232,449,383,260,225,412
379: 2,7,84,413,369,205,460,431,435,267,264,312,256
380: 57,235,170,183,292,58,182,160,453,53,143,385,349,269,387,65,174
381: 288,115,35,80,94,328,203,149,70,112,382
382: 211,112,94,470,115,381
383: 67,232,449,267,370,378,331,225,412,187,226,356,471
384: 168,158,234,272,80,328,203,149,398
385: 16,102,143,349,265,269,363,160,224,469,433,453,420,151,380,182
386: 96,187,471,172,42,348
387: 97,284,437,102,143,349,265,269,57,235,380,150,427,212,174
388: 42,67,370,43,95,264,226,471
389: 243,1007,495,179,343,371,238,299
390: 77,107,123,177,424,247,308,419,111,18,68,414,438,217,459,263,108
391: 28,273,362,400,63,39,341,409
392: 10,59,440,218,227,184,202,159,486,268,339,322,92,140,60,98
393: 347,355,376,180,480,454,142
394: 46,368,238,299,323,1007,315,33,340,133,494
395: 45,15,148,186,237,252,75,132,28,273
396: 234,272,482,1,466,350,325,450,398,146
397: 92,122,128,140,463,462,185,324,76,169,248,434
398: 149,274,384,234,272,396,80,94
399: 404,157,173,200,456,244,451,493,99,89,144,167,304,365,198,110
400: 28,391,362,39,199,341,409,275,405
401: 30,74,374,236,23,196,458,468
402: 66,473,135,98,72,478,408,55,190,282,317,344,155
403: 207,378,407,479,331,1,82,50,466,225,325
404: 157,173,200,456,244,399,91,221,421,229,34,38,21,89,100,144,332
405: 70,137,275,400,199,409,35,288
406: 478,408,432,287,164,298,254,52,486,268,276,339,98
407: 207,378,403,479,331,204,428,1,82,50,449,260,325,412
408: 72,478,406,432,254,52,486,268,276,190,218,473,135,402,98
409: 39,199,341,410,391,400,35,70,275,405
410: 39,199,280,341,409,63,497,158,35,328,203
411: 41,160,224,469,251,10,59,440,227,473,303,166,214
412: 430,225,325,450,207,378,407,331,67,449,383,226,356
413: 2,7,84,379,369,48,54,205,318,31,467,93,431,286
414: 18,68,289,364,438,33,308,419,340,133,494,247,390
415: 345,163,270,334,489,475,22,21,100,213,373,429,165,14
416: 132,250,142,148,186
417: 127,239,493,9,214,358,170,183,292,58,40,357,491
418: 132,28,362
419: 33,308,300,340,494,107,123,424,247,390,18,414,438
420: 192,445,151,154,490,363,434,433,16,385
421: 91,461,221,446,229,153,215,282,239,451,493,99,404,157,200,456,244
422: 304,365,198,110,372,246,305,316,26
423: 463,462,233,185,324
424: 107,123,177,247,390,11,12,175,64,308,419,219,300,49,294,290,111
425: 139,335,109,86,302,181,171
426: 321,47,209,309,498,228,201,310,311,196,458,32,125
427: 150,161,333,212,216,237,174,284,437,387,116,45,15,252
428: 0,165,204,242,14,213,270,278,188,255,50,481,207,407,479
429: 21,100,213,144,332,373,34,38,338,475,223,22,415,163,270,334
430: 225,325,450,412,482,187,356,172,146,120,348,96
431: 257,241,342,460,435,205,7,413,379,369,232,267,312,256
432: 72,478,406,408,101,298,254,455,52,486,276,131,190,135
433: 41,160,224,469,453,251,490,363,420,151,16,102,385,269,182
434: 76,154,169,248,490,363,397,152,192,420,16
435: 257,241,342,460,431,48,336,205,85,242,379,369,232,260
436: 223,311,360,22,447,20,228,13,338,209,309
437: 97,284,387,116,355,161,427,212,237,45,15,142,252
438: 18,68,289,364,414,419,494,77,107,123,247,390,459,108
439: 101,298,254,444,326,52,83,62,314,113,162,164,352,477
440: 10,59,218,227,184,392,202,268,92,60,473,98,41,411,251
441: 19,79,90,103,295,61,327,249,51,472,351,73,301
442: 37,253,464,83,197,139,62,113,302,181
443: 24,120,348,234,482,450,119,274,470,146,488
444: 101,298,439,455,326,62,314,86,113,193,11,352,477
445: 192,420,151,262,130,147,265,6,347,376,457,496
446: 91,461,217,221,421,263,294,153,215,282,317,189,451,456
447: 156,20,228,289,13,338,223,311,436,360,309
448: 262,130,147,106,152
449: 67,232,267,383,260,204,257,460,207,378,407,331,412,226
450: 430,225,325,412,331,234,396,482,172,146,120,348,443
451: 124,127,239,493,99,153,215,282,221,421,446,200,456,244,399
452: 337,114,44,245,104,194,4,377,8,162,266,287,499
453: 41,160,224,469,433,363,53,166,16,102,385,349,269,292,380,182
454: 480,361,347,393,180
455: 101,298,444,52,11,175,477,72,478,432,49,131
456: 404,157,200,244,399,153,91,461,221,421,446,229,34,451,144,332
457: 347,355,376,496,445,151,102,143,265,97,284
458: 23,196,220,468,191,32,30,374,401,321,47,426,27
459: 91,461,217,221,229,263,77,107,390,68,438,13,108,34,297,319
460: 257,431,435,242,379,369,67,232,449,267,260,264,312,256
461: 91,217,221,421,446,459,229,263,294,77,107,177,153,215,189,34,319,456
462: 463,138,423,145,233,330,122,279,397,324
463: 138,423,462,122,128,279,397,185,324,169,248
464: 37,442,253,377,83,104,4,62,8,162,266,499,326
465: 114,245,117,231,178,283
466: 1,82,271,375,403,350,272,396,482,325
467: 27,54,318,31,476,93,220,191,240,306,261,413
468: 23,196,220,458,191,32,401,321,136,27,54,476
469: 41,160,224,411,433,453,251,10,59,76,490,363,166,16,385
470: 119,149,274,94,443,211,488,112,382
471: 187,226,356,67,370,383,42,388,386
472: 51,56,320,351,249,79,90,295,441,61,73,236
473: 66,135,402,98,478,408,10,440,218,227,344,411,303,155
474: 69,307,354,366,210,333,216,25,305,81,141,285
475: 34,38,297,319,338,223,360,22,21,144,332,373,429,415,163
476: 27,54,318,467,23,220,468,191,29,240,261
477: 11,12,17,175,352,314,193,101,298,439,444,455,52,131
478: 72,406,408,432,455,52,55,131,190,473,135,402,98
479: 207,378,403,407,331,255,0,165,204,242,428,82,50,260
480: 250,454,347,355,393,116,142,186
481: 82,271,375,50,278,188,255,372,246,428,316
482: 234,272,396,1,466,430,225,325,450,274,146,120,443
483: 24,120,348,96
484: 278,188,255,110,246,173,21,89,100,213,144,373,270,365,165
485: 3,202,283,159,330,337,44,245,117,178,206,322,60
486: 268,276,339,322,287,254,406,408,432,218,392,135,98
487: 171,193,313,335,243,277,495,78,17,352,64,219
488: 211,119,470,24,443
489: 345,415,163,334,223,311,22,209,492,36
490: 76,248,363,434,92,128,59,41,224,469,433,251,420,16
491: 5,40,357,167,127,493,417,99,183,58,304,198
492: 36,48,125,136,336,258,209,498,345,163,334,489,85,241,342
493: 124,127,239,451,417,99,153,421,9,200,244,399,40,491,167
494: 340,133,315,394,33,308,419,247,18,414,438
495: 243,1007,277,78,389,315,126,179,487,313,299
496: 347,376,180,457,445,151,102,265,6,97
497: 63,81,141,285,69,195,168,158,280,410
498: 321,47,209,309,426,310,311,191,32,492,36,125,136,258
499: 8,162,266,287,164,4,464,337,44,245,452,206,276,339
500: 696,704,980,785
501: 538
502: 648
503: 996,566,724
504: 546,748,532,516,872,802
505: 611,624
506: 681,848,952
507: 515,823,577,625,855
508: 654,866,924,976,619
509: 795,889
510: 
511: 916,875,522,581,958
512: 735,957,817,826
513: 870,669
514: 979,679
515: 507,823,577
516: 504,546,532,764,942,882,765
517: 681,848
518: 766
519: 862,851,617
520: 621,729,677
521: 647,698
522: 921,581,958,511
523: 574,962
524: 603,789,808,934
525: 
526: 675,673,762
527: 563,857
528: 885
529: 610
530: 638,609
531: 919,938,567,547,807,969
532: 504,546,748,516,882,872,802
533: 661,753,897
534: 705,596,904
535: 609,638
536: 738,925,565,765
537: 740,884,689
538: 971,501
539: 754,907,896
540: 
541: 696,707
542: 716
543: 602
544: 784,927
545: 812
546: 504,748,532,516
547: 557,807,567,744,531
548: 955
549: 704,876,937
550: 798
551: 871,664
552: 838,702,887,749,720
553: 577
554: 576,733
555: 714,708,819
556: 817,617,568,858
557: 547,807,581,567,744,787,875
558: 735,957,781
559: 964
560: 805,845
561: 820,782
562: 858,568,772,913
563: 964,527
564: 943
565: 922,536,738,765
566: 724,645,503
567: 744,547,557,531
568: 772,617,556,562,858
569: 662,953,583
570: 774,994,771,641
571: 592
572: 943,836
573: 
574: 523,627,962
575: 580,827,788,634
576: 554
577: 553,507,515
578: 742,596,695
579: 873,737,701
580: 575,893
581: 958,522,744,511,875,557
582: 987,730,690
583: 953,569
584: 608,653,823,625
585: 
586: 
587: 816,746
588: 
589: 689,709,612
590: 693
591: 665,971
592: 940,769,571
593: 
594: 807,833
595: 928,659
596: 705,534,578,695
597: 637
598: 646,903
599: 913
600: 649
601: 
602: 543
603: 524,789,808
604: 630
605: 716
606: 869,956,654,924
607: 686,814
608: 584,653
609: 535,530,638
610: 529,726,958
611: 995,624,505
612: 968,978,589,740
613: 
614: 892,742
615: 
616: 693,635,790,810
617: 519,568,556
618: 890
619: 633,713,508,866,924
620: 666,771,970,880,797,717
621: 520
622: 
623: 785
624: 995,881,611,505
625: 584,507,823,944
626: 
627: 574
628: 
629: 839,879,910,708
630: 604
631: 975
632: 931
633: 619,713,866
634: 827,788,575,930
635: 790,693,988,616
636: 912,832,849
637: 597,703,829
638: 530,535,609
639: 790,810
640: 651,729
641: 570,774
642: 
643: 826,817
644: 982
645: 680,948,566,724
646: 598,903,888,908
647: 521,698,720
648: 502,916
649: 600
650: 856,940
651: 640
652: 928
653: 584,608
654: 508,866,924,606
655: 898,840
656: 900,999,941
657: 895,939,844
658: 874,767,745
659: 868,595,928,907
660: 
661: 533,690,726,753
662: 569,801
663: 847
664: 996,871,551
665: 591,962
666: 771,970,620
667: 794
668: 703,758,832
669: 513,870,718
670: 985,836,688
671: 951
672: 831
673: 762,526
674: 828
675: 526,692
676: 973
677: 729,520
678: 755
679: 514,979
680: 948,645,724,996
681: 517,848,506
682: 825,799
683: 694
684: 
685: 
686: 607
687: 972
688: 670
689: 589,728,918,537,740
690: 661,582,730,726
691: 886,715,831,883,985
692: 799,675,737
693: 590,988,616,635
694: 683,859
695: 596,911,578
696: 500,785
697: 756
698: 720,953,521,647,828
699: 789,783,903
700: 
701: 755,737,579
702: 887,749,552
703: 637,668
704: 549,937,980,500
705: 891,596,534
706: 837,815,929
707: 967,541,900,915
708: 819,555,629
709: 770,589
710: 778,950,946
711: 752,792,896
712: 750
713: 619,633,924,760
714: 555,819
715: 886,691,985
716: 605,854,986,542
717: 797,771,620,760
718: 669
719: 
720: 698,953,647,887,552,838
721: 
722: 
723: 811
724: 566,645,680,996,503
725: 
726: 610,661,690
727: 
728: 918,689
729: 640,520,677
730: 987,582,690
731: 864
732: 
733: 554
734: 993
735: 512,957,558
736: 
737: 692,701,579
738: 536,565
739: 
740: 537,884,689,612,978
741: 
742: 578,892,614
743: 809,989,936,849,905,890
744: 567,581,875,547,557
745: 794,658,874,767
746: 587,816
747: 911
748: 504,546,532,802
749: 702,887,968,552,838
750: 712
751: 
752: 711,792,896
753: 897,661,533
754: 539,907
755: 701,906,678
756: 697
757: 
758: 668
759: 906,800,812
760: 717,771,713,994
761: 818
762: 788,673,526
763: 814,842
764: 925,942,983,882,516
765: 536,942,565,516
766: 518
767: 658,794,745
768: 874
769: 856,592,940
770: 709
771: 666,970,620,717,760,570
772: 568,913,562,858
773: 
774: 570,994,641
775: 992
776: 
777: 782
778: 710,946
779: 853
780: 863
781: 558,854
782: 777,561,820
783: 977,699
784: 544
785: 980,500,696,623
786: 
787: 916,875,557,807,833
788: 827,634,575,762
789: 524,603,699
790: 635,639,616,810
791: 882,983,992
792: 711,752
793: 566
794: 745,767,667
795: 509,889
796: 930,982
797: 880,717,970,620
798: 984,989,803,835,550
799: 692,682
800: 759,906
801: 662
802: 872,504,748,532
803: 936,865,798,984
804: 837,998
805: 560,845
806: 983
807: 547,557,787,531,833,594,969
808: 524,603,934
809: 989,936,743,865,849,905
810: 616,639,790
811: 723
812: 545,759
813: 
814: 607,763
815: 837,706,929,822
816: 587,746
817: 556,858,512,643,826
818: 761
819: 708,555,714
820: 561,782
821: 867,932
822: 815
823: 507,515,584,625
824: 861
825: 682
826: 643,817,512
827: 788,634,575
828: 674,698
829: 637
830: 
831: 886,691,672
832: 912,668,636
833: 787,916,807,594
834: 841,914
835: 989,798,984
836: 572,670,985
837: 998,804,706,815
838: 552,887,749,720,953
839: 629,879,910,868
840: 898,655
841: 834
842: 763
843: 
844: 847,657,939
845: 560,805,919
846: 905
847: 844,663
848: 517,681,506,952
849: 905,912,636,809,743,890
850: 
851: 864,519
852: 857
853: 779
854: 716,781,986
855: 507
856: 769,650,940
857: 527
858: 562,568,772,817,556
859: 694
860: 
861: 824
862: 519
863: 780
864: 731,851
865: 809,936,803,984
866: 508,654,619,633
867: 821
868: 659,899,928,920,910,839,879
869: 917,879,956,606
870: 987,513,669
871: 996,664,551
872: 802,504,532
873: 579
874: 658,768,745
875: 511,787,916,581,744,557
876: 549
877: 
878: 
879: 629,839,910,899,868,869
880: 797,981,970,620
881: 995,624
882: 791,983,764,942,532,516
883: 691
884: 537,740,978
885: 528
886: 691,715,831
887: 702,749,720,552,838
888: 908,646
889: 509,795
890: 618,849,743
891: 705
892: 742,614
893: 991,580
894: 972
895: 657,939
896: 711,752,539
897: 753,533
898: 840,655
899: 868,879,917
900: 915,999,967,707,941,656
901: 
902: 
903: 699,598,646
904: 534,911
905: 849,846,809,936,743
906: 759,800,755
907: 659,539,754
908: 888,646
909: 
910: 920,928,868,629,839,879
911: 904,747,695
912: 832,849,636
913: 772,562,599
914: 952,834
915: 900,999,707
916: 511,787,875,648,833
917: 869,899
918: 728,944,689
919: 531,938,845
920: 910,928,868
921: 522
922: 565,945
923: 
924: 508,654,606,619,713
925: 764,942,536
926: 
927: 544
928: 595,652,920,910,659,868
929: 706,815
930: 796,991,634
931: 632
932: 821
933: 999,656
934: 808,524
935: 
936: 809,989,743,865,905,803,984
937: 954,549,704
938: 531,919,969
939: 657,895,844
940: 592,650,856,769
941: 967,707,900,656
942: 764,925,882,765,516
943: 572,564
944: 625,918
945: 922
946: 710,778
947: 
948: 680,645
949: 976
950: 710,778
951: 671
952: 914,506,848
953: 698,720,838,583,569
954: 937
955: 548
956: 869,606
957: 735,512,558
958: 581,610,522,511
959: 
960: 
961: 
962: 665,523,574
963: 978
964: 563,559
965: 973
966: 
967: 707,900,941
968: 612,749
969: 807,531,938
970: 666,771,620,981,880,797
971: 538,591
972: 894,687
973: 965,676
974: 
975: 631
976: 508,949
977: 783,991
978: 612,740,884,963
979: 514,679
980: 785,704,500
981: 880,970
982: 796,644
983: 806,992,764,791,882
984: 798,989,936,865,803,835
985: 670,691,715,836
986: 716,854
987: 870,582,730
988: 693,635
989: 809,936,743,798,984,835
990: 
991: 893,977,930
992: 775,983,791
993: 734
994: 570,774,760
995: 881,611,624
996: 871,503,680,724,664
997: 
998: 837,804
999: 900,915,656
1007: 243,495,78,389,315,394,238,299,219