0: 428,165,14,270,188,342,435,85,207,479,50,204
1: 482,396,466,375,82,403,331,325
2: 95,948,312,7,286
3: 202,485,60,138,330,279,128,140
4: 104,377,266,194,114,499,44,452
5: 210,307,366,134,40,357,183,304,65,316,422,26
6: 361,130,147
7: 84,93,379,369,413,256,312,2
8: 164,287,266,464,162,326,337,499
9: 358,214,166,155,124,66,282,127,239,493,417
10: 59,440,227,218,473,303,41,160,224,411,166
11: 12,477,175,444,17,193,352,300,64,49
12: 11,477,175,17,33,300,64,49,131,424
13: 18,68,108,107,289,447,360,459,297,319,436,338
14: 0,428,165,334,270,345,188,213,342,85
15: 45,427,161,284,97,437,387,212,116
16: 420,445,151,363,434,469,433,269,102,385,143
17: 313,193,352,487,219,11,12,64
18: 68,438,13,107,289,414,494,247,230,364,20,360
19: 441,79,103,296,121,156,301,201,73
20: 156,447,228,360,121,364,18,289
21: 475,100,332,144,373,229,38,404,157,429,484,213
22: 223,309,436,338,297,319,311,475,429,415,163
23: 51,401,458,220,29
24: 119,488,443,483,348
25: 168,346,141,307,366,305,316,474,81
26: 305,316,422,365,134,40,304,198,307,366,5
27: 468,321,458,31,54,191,467,476
28: 395,132,418,273,362,400
29: 23,220,261
30: 73,374,196,401,236,201,51
31: 54,191,318,136,48,27,258,125,205
32: 468,321,374,196,401,498,426,47
33: 308,300,340,419,64,315,219,12
34: 91,461,221,229,77,108,459,319,38,456,475,332
35: 288,381,410,328,203,70,199
36: 258,345,125,209,311,489,492,136,336
37: 253,787,377
38: 459,297,319,91,221,34,229,338,404,21,475,332,429
39: 410,280,341,63,391,195,409,199
40: 134,357,491,417,183,99,304,167,210,5,422,26
41: 160,224,411,433,184,10,59,440,490,469,251
42: 638,386,388,471
43: 566,264,95,948,312,370,388
44: 337,499,452,4,117,202,159,485
45: 15,427,252,97,142,116,186,148
46: 129,281,353,293,118,368,389,323
47: 498,426,209,301,201,310,374,196,32,321
48: 31,318,136,258,241,336,205,369
49: 55,290,111,131,455,11,12,175,300,432,72,177,424
50: 207,403,407,479,278,188,0,428,481,255,466,82
51: 23,236,74,56,30,196,401
52: 101,455,254,276,432,406,408
53: 358,214,160,453,182,385,380,292,58
54: 31,191,318,27,458,467,476
55: 294,190,290,111,49,72,177,402,189,215,317
56: 74,472,236,51
57: 269,182,102,380,292,170,349,437,387,212,174,235
58: 380,292,170,53,358,127,493,134,357,491,417,183,65
59: 10,440,227,392,92,184,469,251,41,411
60: 3,202,159,322,392,92,140,184
61: 472,295,236,441,79,73
62: 439,113,253,302,442,83,326
63: 39,280,341,81,285,141,195,328,497
64: 33,308,300,17,487,315,219,11,12,175,424
65: 150,174,333,235,170,58,134,357,183,210,307,354,5
66: 473,135,402,303,190,227,344,9,166,155,124
67: 257,260,449,264,232,226,383,471,267
68: 18,108,438,13,107,289,247,77,390,360,459,319
69: 474,81,285,307,354,237,71,216,195
70: 199,405,410,275,288,35,137
71: 237,75,216,150,354,69,285,195,341
72: 432,478,408,98,55,190,290,111,49,131,135,402
73: 30,374,441,79,19,61,236,301,201
74: 56,236,51
75: 237,71,216,427,252,395,273,391,195
76: 92,140,122,128,248,397,490,434,251
77: 390,177,263,217,68,108,438,107,91,461,34,459
78: 243,1007,315,219,495,313,487,299
79: 441,103,19,61,301,201,73
80: 158,384,328,203,168,398,149,272
81: 474,69,285,25,346,141,63,497
82: 481,255,466,375,428,378,403,407,479,50,1,331
83: 464,162,326,253,439,62
84: 7,93,286,240,413
85: 342,435,242,336,334,0,165,14,479,204
86: 181,302,259,109,171,113,314,193
87: 343,281,293
88: 296,230,121,105,129,367,327,329,133,103
89: 278,188,484,110,213,404,244,157,100,144,198,173,399
90: 222,327,249,329,367,441,103,295
91: 461,446,221,34,229,77,263,217,108,459,38
92: 140,184,76,60,128,59,490,251
93: 7,84,318,467,240,379,205,413
94: 211,149,381,115,112
95: 948,312,2,264,645,370,566,43
96: 172,483,348,430,187,386
97: 349,437,212,347,457,143,284,355,116,45,15
98: 478,406,408,72,486,218,190,227,473,135
99: 451,493,244,421,200,40,357,491,417,304,167,399
100: 21,475,332,144,373,404,157,270,188,484,89,213,165
101: 455,52,254,326,444,298,477,175,432
102: 269,182,385,57,433,16,420,151,265,143,284,349
103: 441,79,19,367,90,327,88,296,121
104: 4,377,266,878,194
105: 129,367,368,394,327,133,88,296,230
106: 185,689,423,463,152,324,448
107: 18,68,108,438,13,419,77,390,123,263,217,459
108: 68,438,13,107,289,77,263,360,91,34,459,319,338
109: 259,335,171,181,86,277,313,193
110: 278,484,89,157,198,173,422,365,246
111: 294,55,290,49,131,72,123,177,217,424,189
112: 382,211,94,115
113: 439,444,298,62,314,302,86,171
114: 194,553,4,465,245,117,452
115: 288,381,94,382,112
116: 355,480,142,347,97,45,15,186
117: 245,283,114,44,452,330,159,485
118: 293,208,129,367,46,359,329
119: 488,24,274,146,443,470
120: 146,443,225,450,430,172,348
121: 88,296,230,364,103,19,156,20,228,301
122: 463,462,279,128,76,324,397
123: 390,177,263,217,424,308,300,419,111,107
124: 9,214,155,66,402,215,344,282,127,239,153
125: 36,258,498,209,489,321,31,191,136
126: 495,179,277,371,335
127: 239,451,493,282,9,358,214,124,58,491,417
128: 122,279,3,92,140,76,397
129: 105,367,46,118,368,323,359,329,88
130: 448,152,262,147,6
131: 290,111,49,455,12,477,175,432,72,424
132: 395,28,186,148,418,416
133: 414,494,247,368,394,105,88,230,364
134: 40,357,491,183,170,58,304,65,210,307,5,26
135: 66,473,402,303,478,72,98,190,344,317
136: 31,191,48,209,321,36,258,345,125,205
137: 70,405,288
138: 145,330,283,233,3,462,279
139: 181,302,442,425,197,259
140: 92,184,76,3,202,60,392,279,128
141: 168,25,346,305,474,81,63,158,497
142: 355,480,116,45,250,416,186,148
143: 496,457,284,16,151,265,269,102,97,349,437
144: 21,475,100,332,373,404,244,157,173,484,89,213
145: 138,330,178,283,233,231
146: 120,443,450,234,274,470,119
147: 262,376,192,130,445,361,6,496
148: 395,132,186,142,45,427,252
149: 398,274,80,203,211,94,470
150: 65,174,333,235,212,354,427,161,237,71,216
151: 16,420,445,265,363,376,192,102,385,143,349
152: 169,324,154,248,106,130,448,262,192
153: 239,451,493,189,215,344,282,446,221,124,421,200,456
154: 169,152,324,248,490,434,262,192,420
155: 9,214,166,124,66,473,402,303,344,160
156: 447,20,228,296,121,364,19,301,201,310
157: 404,244,200,456,21,100,332,144,198,173,399,484,89,110
158: 80,384,328,497,203,168,141,350,280,272
159: 202,485,322,60,117,337,499,44,287,206
160: 41,224,453,411,433,10,53,358,214,166,155
161: 15,427,252,437,387,212,150,174,237,216
162: 464,83,326,266,439,499,8,164,287,254
163: 429,415,334,492,223,436,22,311,489
164: 8,276,287,162,326,337,254,339
165: 0,428,14,100,334,270,188,484,213,85,255,479
166: 9,214,155,10,227,66,473,303,160,224,411
167: 304,198,173,399,99,244,200,40,357,491,422
168: 25,346,141,271,350,158,80,384,497,272
169: 152,324,154,248,397
170: 380,292,58,57,134,357,183,65,333,235
171: 259,109,181,86,113,314,313,193,352
172: 96,483,348,225,412,430,187,356,120,386
173: 304,167,198,399,244,157,144,484,89,110,422,365
174: 65,150,333,235,57,437,387,212,161
175: 11,12,477,101,455,64,432,290,49,131,424
176: 291,222,249
177: 77,390,123,263,217,424,300,294,55,111,49,461
178: 465,245,283,231,145,330
179: 495,277,126,371,238,343
180: 347,496,457,361,454,393,355
181: 139,302,86,442,425,259,109,171
182: 269,102,385,57,453,433,53,380,292
183: 134,40,357,417,292,170,58,65,333,235,210,5
184: 92,140,322,60,392,59,440,251,41
185: 106,689,728,918,423,463,324,448
186: 395,132,148,418,142,116,45,250,416
187: 226,356,471,96,172,386
188: 278,484,89,213,100,270,0,428,165,14,255,50
189: 215,344,317,282,294,55,111,217,461,446,221,153
190: 55,290,478,72,98,66,135,402,344,317
191: 31,54,136,468,27,321,125
192: 262,376,147,152,154,248,363,434,420,445,151
193: 17,313,352,487,86,109,171,444,314,11
194: 553,114,878,104,4
195: 273,391,237,71,75,69,285,39,341,63
196: 30,374,401,51,47,468,32
197: 253,787,139,442
198: 304,167,173,399,157,89,110,422,26,365
199: 70,405,391,39,410,275,409,35
200: 244,421,456,157,99,451,493,153,491,167,399
201: 301,310,79,19,156,228,30,73,374,47
202: 3,159,485,322,60,44,330,206,392,140
203: 158,80,328,410,280,149,35,381
204: 257,260,449,0,435,242,85,207,407,479
205: 369,413,31,318,136,48,241,93
206: 268,339,337,276,287,202,159,322
207: 378,407,479,50,0,242,260,449,204
208: 293,118,291,359
209: 498,426,311,489,47,321,36,125,136
210: 307,354,366,5,134,40,183,65,333
211: 94,470,149,488,112
212: 97,349,437,387,57,284,150,174,15,427,161
213: 278,188,484,89,21,100,144,373,270,428,165,14
214: 9,53,358,166,155,124,160,453,411,127
215: 189,344,317,282,294,55,402,461,446,124,239,153,421
216: 237,71,75,150,333,354,161,69,285
217: 77,123,177,263,294,111,107,189,91,461,221
218: 486,268,339,392,322,98,10,440,227,473
219: 243,315,78,17,487,299,33,340,64
220: 458,401,23,29,261,476
221: 91,461,446,34,229,217,189,38,153,404,421,456,332
222: 359,90,327,249,329,291,176
223: 309,436,338,22,447,228,426,311,489,429,163
224: 41,160,453,411,433,10,363,469,166,385
225: 331,325,450,412,430,378,403,356,120,172
226: 187,356,383,67,471,267
227: 10,59,440,486,218,392,98,66,473,303,411,166
228: 156,447,20,360,121,301,201,310,223,309,436,426
229: 91,446,221,34,459,38,404,244,421,456,21,475,332
230: 88,296,121,364,105,414,133,494,18
231: 233,577,178,283,145
232: 264,256,431,379,460,257,260,67,267
233: 577,231,145,138
234: 398,274,272,482,350,325,450,384,146
235: 65,150,174,333,57,380,292,170,183,387
236: 472,61,74,56,30,73,51
237: 71,75,216,150,427,252,161,69,195
238: 343,353,495,179,1007,389,323
239: 127,451,493,153,215,344,282,9,124,421,417
240: 467,306,84,93,286
241: 342,435,242,431,336,258,48,205,369,460
242: 241,435,431,85,460,207,257,260,204
243: 1007,78,219,495,277,313,487
244: 404,421,200,456,157,229,99,451,144,167,173,399,89
245: 465,178,117,283,114,452
246: 481,255,375,278,110,372,365
247: 414,133,494,308,340,419,390,18,68,438
248: 169,152,324,154,397,76,490,434,192
249: 222,90,351,176,441,295
250: 416,480,142,186
251: 363,490,469,92,184,76,59,41
252: 45,427,161,237,75,395,148,273
253: 197,37,787,302,442,83,62
254: 101,455,52,162,326,439,298,164,276,406
255: 481,466,246,82,278,188,484,428,165,407,479,50
256: 264,232,379,369,460,7,257,312,267
257: 260,449,67,204,435,242,431,460,256,232
258: 36,345,125,492,31,136,48,342,241,336
259: 335,109,171,425,139,181,86
260: 257,449,67,204,242,431,207,378,232,383
261: 467,476,220,29,306
262: 147,192,152,154,130,448,445
263: 77,390,123,177,217,424,308,294,108,438,107,91,461
264: 256,232,67,95,312,370,267,43
265: 420,445,151,376,102,496,457,143,284
266: 104,4,377,464,162,499,452,8
267: 370,388,471,67,264,256,232,226
268: 486,206,218,339,392,322,406,440
269: 182,102,385,57,453,16,380,143,349,387
270: 429,415,334,492,100,373,188,213,0,165,14,342
271: 168,346,372,305,316,375,350,396
272: 234,398,274,168,482,350,396,158,80,384
273: 391,195,252,75,395,28,409
274: 234,398,149,272,146,470,119
275: 400,409,70,199,405
276: 164,287,326,52,254,486,206,339,406,408
277: 495,179,126,335,109,313,243
278: 188,484,89,110,213,428,365,481,255,246,50
279: 463,122,462,128,138,330,3,140
280: 39,410,341,63,158,328,497,203
281: 343,353,87,293,46
282: 189,215,344,317,402,446,9,124,127,239,451,493,153,421
283: 465,245,178,117,231,145,138,330,485
284: 347,457,143,265,102,97,349,437,387,212,15
285: 474,81,69,71,216,195,341,63,497
286: 84,240,306,2
287: 8,164,276,162,337,499,159,206,339,406
288: 35,381,70,405,137,115
289: 18,68,108,438,13,414,364,447,20,360,338
290: 294,55,190,111,49,131,175,432,478,72,424,317
291: 208,359,222,176
292: 380,170,58,453,53,358,182,57,417,183,235
293: 118,208,87,281,46
294: 55,290,111,177,263,217,189,215,317,461
295: 472,61,90,249,351,441
296: 88,230,121,364,105,367,327,103,19,156
297: 459,319,38,13,436,338,22,475,332,429
298: 439,444,113,314,326,101,254,477
299: 389,323,394,1007,315,78,219,340
300: 33,308,64,11,12,49,390,123,177,424
301: 201,310,121,79,19,156,228,73,47
302: 139,181,86,442,253,439,113,62,314
303: 66,473,135,10,227,411,166,155
304: 167,198,173,399,99,134,40,357,491,5,316,422,26,365
305: 372,316,26,366,474,25,346,141,271
306: 261,240,286
307: 210,354,366,5,134,65,333,26,474,69,25
308: 33,300,340,419,64,247,390,123,263,424,438
309: 223,436,22,447,228,310,426,311
310: 301,201,156,447,228,374,309,498,426,311,47
311: 498,426,209,489,310,223,309,436,22,492,163,36
312: 95,948,2,379,7,264,256,43
313: 17,193,352,487,109,171,277,243,78
314: 444,113,298,302,86,171,193,352
315: 1007,78,219,394,299,33,340,64
316: 372,305,422,26,365,304,366,5,25,346,271
317: 189,215,344,282,294,55,190,290,135,402
318: 31,54,48,467,476,205,413,93
319: 459,297,38,68,108,13,360,34,436,338,22,475
320: 351
321: 468,27,32,498,209,47,125,191,136
322: 202,159,60,206,268,218,339,392,184
323: 368,389,394,299,238,353,1007,129,46
324: 169,152,154,248,397,423,463,122,185,106
325: 331,225,450,466,403,482,396,1,234
326: 83,162,439,298,62,8,164,276,101,254
327: 222,90,329,105,367,88,296,441,103
328: 158,80,384,497,203,410,280,63,35
329: 359,222,90,327,118,129,367,88
330: 145,138,178,117,283,3,202,485,279
331: 225,325,450,412,430,82,378,403,407,449,1
332: 21,475,100,144,373,221,34,229,297,38,404,456,157
333: 65,150,174,235,170,183,210,307,354,216
334: 415,270,492,163,373,345,165,14,342,336,85
335: 259,109,277,126
336: 342,241,435,431,85,334,36,258,345,48
337: 499,44,452,8,164,287,159,206,339
338: 223,436,22,108,13,289,447,360,459,297,319,38
339: 486,206,268,218,337,164,276,287,322,406,408
340: 33,308,419,315,219,394,299,494,247
341: 39,280,63,71,285,391,195
342: 241,435,336,85,334,270,492,258,345,0,14
343: 238,281,353,371,87,179
344: 189,215,317,282,190,66,135,402,155,124,239,153
345: 36,258,489,334,492,136,14,342,435,336
346: 168,25,141,271,305,316,81,350
347: 496,457,180,284,97,437,355,116
348: 96,172,483,430,120,443,24
349: 97,437,387,212,151,269,102,385,57,457,143,284
350: 482,396,375,168,346,271,158,384,234,272
351: 249,320,472,295
352: 17,313,193,487,171,444,314,11,477
353: 238,343,281,1007,368,389,323,46
354: 210,307,65,150,333,71,216,474,69
355: 480,142,116,347,457,180,97,393
356: 187,226,383,225,412,430,172
357: 134,40,491,417,183,99,493,170,58,304,167,65,5
358: 9,53,214,160,127,292,58,417
359: 222,329,118,208,291,129,367
360: 447,20,228,364,18,68,108,13,289,319,436,338
361: 454,6,376,147,496,180
362: 28,418,400
363: 490,434,469,251,224,433,192,16,420,151,385
364: 296,230,121,414,133,18,289,156,20,360
365: 372,316,422,26,304,198,173,278,110,481,246
366: 210,307,5,305,316,422,26,474,25
367: 105,129,118,368,359,90,327,329,88,296,103
368: 323,394,353,105,129,367,46,133
369: 379,205,413,460,48,241,431,7,256
370: 388,471,267,264,95,566,43
371: 179,126,343
372: 305,316,422,365,481,375,246,271
373: 21,475,100,332,144,429,415,334,270,484,213
374: 30,73,196,201,310,498,47,32
375: 481,466,246,82,372,271,350,396,1
376: 147,192,445,151,265,361,496,457
377: 104,4,266,37,464
378: 207,403,407,479,82,260,449,331,225,412,383
379: 369,413,460,7,93,256,232,312
380: 292,170,58,453,53,269,182,385,57,387,235
381: 288,35,203,94,115
382: 112,115
383: 226,356,378,260,449,67,412
384: 158,80,328,168,482,350,234,398,272
385: 269,182,102,363,224,453,433,53,16,151,380,349
386: 42,187,96,172
387: 349,437,212,269,57,380,284,174,235,15,161
388: 370,471,267,566,43,42
389: 323,299,495,238,353,1007,46
390: 77,123,177,263,424,308,300,419,247,68,438,107
391: 273,195,75,39,341,400,409,199
392: 268,218,202,322,60,140,184,59,440,227
393: 454,180,355,480
394: 368,323,299,315,105,340,414,133,494
395: 132,28,186,148,427,252,75,273
396: 482,350,1,481,466,375,271,325,272
397: 169,324,248,463,122,128,76
398: 234,274,149,272,80,384
399: 304,167,198,173,99,404,244,200,456,157,491,89
400: 275,409,28,391,362
401: 30,196,51,23,468,32,458,220
402: 66,473,135,478,72,55,190,215,344,317,282,155,124
403: 378,407,50,481,466,82,1,331,225,325
404: 244,456,157,221,229,38,21,475,100,332,144,399,89
405: 70,199,275,288,137
406: 432,478,408,98,276,287,52,254,486,268,339
407: 207,378,403,479,50,428,255,466,82,449,204,331
408: 432,478,406,72,98,276,455,52,486,339
409: 400,275,273,391,39,199
410: 39,280,328,203,70,199,35
411: 41,160,224,453,10,59,227,303,469,214,166
412: 331,225,430,378,449,356,383,172
413: 379,205,369,460,318,7,84,93
414: 133,494,247,394,419,230,364,18,438,289
415: 429,334,270,492,163,22,475,373
416: 250,142,132,186,418
417: 40,357,491,183,9,358,99,127,239,451,493,292,58
418: 132,28,186,416,362
419: 33,308,340,414,494,247,390,123,438,107
420: 16,445,151,265,154,363,434,433,192,102
421: 244,200,456,215,282,446,221,229,99,239,451,153
422: 372,316,26,365,40,304,167,198,173,110,366,5
423: 918,463,462,185,106,728,324
424: 390,123,177,263,12,175,308,300,64,290,111,49,131
425: 139,181,259
426: 498,209,311,489,47,228,310,223,309,32
427: 45,15,252,161,212,150,237,75,395,148
428: 0,165,14,278,188,213,255,82,407,479,50
429: 415,270,163,297,38,223,22,21,475,373
430: 331,225,450,412,356,120,96,172,348
431: 241,435,242,336,369,460,257,260,232
432: 478,406,408,72,101,455,52,175,290,49,131
433: 41,160,224,453,363,469,16,420,182,102,385
434: 363,490,469,76,154,248,192,16,420,445
435: 342,241,242,431,336,85,345,0,257,204
436: 223,309,338,22,13,447,228,360,297,319,311,163
437: 97,349,387,212,57,347,457,143,284,174,15,161
438: 18,68,108,107,289,308,419,414,247,77,390,263
439: 444,113,298,62,302,83,162,326,254
440: 10,59,227,268,218,392,184,41
441: 79,103,19,90,327,249,295,61,73
442: 139,181,302,197,253,787,62
443: 146,120,450,483,348,470,119,24
444: 439,113,298,314,193,352,101,11,477
445: 16,420,151,265,434,262,376,147,192,496
446: 91,461,221,229,189,215,282,153,421,456
447: 156,20,228,360,13,289,310,223,309,436,338
448: 130,185,106,689,152,262
449: 257,260,67,204,207,378,407,331,412,383
450: 331,225,325,430,482,234,146,120,443
451: 99,127,239,493,153,282,244,421,200,491,417
452: 337,499,44,114,4,266,245,117,485
453: 160,224,411,433,53,214,269,182,385,380,292
454: 361,496,180,628,393
455: 101,52,254,477,175,432,408,49,131
456: 404,244,421,200,157,446,221,34,229,153,332,399
457: 347,496,143,180,284,376,265,97,349,437,355
458: 220,401,23,468,27,54,476
459: 297,319,38,77,68,108,13,107,91,34,229,338
460: 379,369,413,241,242,431,257,256,232
461: 91,446,221,34,294,77,177,263,217,189,215
462: 463,122,279,138,918,423
463: 122,462,279,423,185,106,324,397
464: 83,162,377,266,499,8
465: 245,178,283,553,114
466: 481,255,375,82,403,407,50,482,396,1,325
467: 261,240,476,27,54,318,93
468: 27,32,321,196,401,498,458,191
469: 363,490,434,251,59,41,224,411,433,16
470: 211,274,149,146,443,119,488
471: 370,388,267,67,187,226,42
472: 295,61,236,351,56
473: 66,135,402,303,486,218,478,98,10,227,166,155
474: 81,69,285,307,354,366,305,25,141
475: 21,100,332,144,373,34,229,297,319,38,22,404,429,415
476: 467,261,27,458,220,54,318
477: 11,12,175,444,298,352,101,455,131
478: 432,406,408,72,98,486,190,290,473,135,402
479: 207,378,407,50,0,428,165,85,255,82,204
480: 355,142,116,393,250
481: 255,466,375,246,82,278,372,365,403,50,396
482: 350,396,1,466,325,450,384,234,272
483: 96,172,348,443,24
484: 278,188,89,110,213,157,21,100,144,373,173,165,255
485: 3,202,159,117,283,44,452,330
486: 268,218,339,276,478,406,408,98,227,473
487: 17,313,193,352,243,78,219,64
488: 119,24,211,470
489: 426,209,311,223,492,163,36,345,125
490: 363,434,469,251,92,76,154,248,41
491: 134,40,357,417,99,127,451,493,200,58,304,167,399
492: 415,334,270,163,311,489,36,258,345,342
493: 99,127,239,451,153,282,9,200,58,357,491,417
494: 414,133,247,394,340,419,230,18
495: 179,277,126,238,243,1007,78,389
496: 347,457,143,180,376,147,445,265,361,454
497: 158,328,81,285,168,141,280,63
498: 426,209,311,47,310,374,468,32,321,125
499: 337,44,452,4,266,464,162,8,287,159
500: 785,696,937,900
501: 
502: 834,914
503: 724
504: 738,546,764,882,765,532,942
505: 677,861,703,637
506: 725,852
507: 577
508: 949,904
509: 597,668,832,636
510: 
511: 916,522,921,744,875,807
512: 556,768,643,817
513: 872,582
514: 901,978
515: 517,681
516: 942,816
517: 515
518: 630,573,685
519: 850
520: 995
521: 751
522: 1009,921,744,610,511
523: 627,542,826,574,734,605
524: 603,808,903,934
525: 913,687
526: 906,762,675
527: 721,960
528: 715,885,820
529: 690,726,661,958,557
530: 609
531: 966,897,567,533,560
532: 942,504,882,802
533: 567,557,661,897,966,531,560
534: 780,891
535: 672,724
536: 925
537: 625,770,944,884,1008
538: 826,574,962
539: 
540: 623
541: 704,810,707,967
542: 627,986,523,716,734,605
543: 716
544: 
545: 678,759,812
546: 738,504,925,764,765
547: 560,567,969
548: 
549: 810,693,616
550: 
551: 996,871
552: 887,702,740,801
553: 194,114,878,465
554: 733
555: 679
556: 512,768
557: 567,533,529,661,958,581
558: 1010,817,957,588
559: 721
560: 547,567,533,531,938,969
561: 777,972,642
562: 643,617
563: 945
564: 688
565: 
566: 43,95,948,645,370,388
567: 533,557,581,531,547,560
568: 858,864,617
569: 928
570: 771,760,641
571: 650,908
572: 867
573: 630,518,631,604
574: 826,538,523,605
575: 991,930
576: 723
577: 233,231,507
578: 780,742,614,892
579: 737
580: 784
581: 958,610,875,567,557
582: 870,513,987
583: 953,720,674,838
584: 653,830,625
585: 698,828
586: 831
587: 748,746,1009,921,973
588: 854,735,957,1010,558,817
999: 915
590: 
591: 599,687
592: 
593: 818
594: 807,834
595: 910,920,907
596: 747,695,949
597: 703,637,829,509
598: 789,783
599: 913,687,591
600: 
601: 708,819
602: 
603: 524,808
604: 631,573
605: 734,574,627,542,523
606: 629,659,839,879
607: 
608: 653,823
609: 530,831
610: 744,958,581,875,522
611: 
612: 740,968,770,702
613: 
614: 742,892,780,578
615: 
616: 693,549,810
617: 568,858,562
618: 809,989,849,936,974
619: 976,633
620: 797,717
621: 778,824,946,861
622: 
623: 540
624: 
625: 537,584,855,944
626: 
627: 986,542,523,854,1010,716,605
628: 454
629: 606,868,659,839,879
630: 518,573
631: 573,604
632: 
633: 619
634: 
635: 
636: 743,849,668,509,998
637: 597,703,505,861,829
638: 42
639: 
640: 
641: 863,713,570
642: 885,972,561
643: 562,512,817,826
644: 788,796
645: 95,948,566
646: 934,856
647: 887,702,749,953
648: 848,952
649: 846,865,936,989,803
650: 571,908
651: 729,881
652: 920,901
653: 608,823,584
654: 797,917
655: 
656: 785,900
657: 844,684,773
658: 779,660
659: 907,629,606,879
660: 767,658
661: 529,897,533,557
662: 
663: 
664: 
665: 971,844,684
666: 
667: 745,874,735,794
668: 804,758,509,998,636
669: 726,987,730
670: 715,836
671: 
672: 724,535
673: 796
674: 583,838
675: 701,526
676: 732
677: 505
678: 759,545,950,710
679: 979,555
680: 
681: 515
682: 799,825
683: 
684: 657,844,665
685: 518
686: 814
687: 525,599,913,591
688: 564
689: 185,106,728,448
690: 529,730,726
691: 886,883,985
692: 762,906
693: 616,549
694: 
695: 596,747,911
696: 937,500
697: 950
698: 585,828
699: 893,789
700: 
701: 675,755
702: 887,647,552,709,968,740,612
703: 597,637,505,861,758
704: 541,810,937
705: 780,891,863
706: 929
707: 967,541
708: 601
709: 923,968,702
710: 678,950
711: 
712: 
713: 641,863,760
714: 869,956
715: 670,836,528
716: 854,627,986,542,543
717: 970,620,774
718: 
719: 
720: 749,828,583
721: 559,960,527
722: 776,733
723: 811,576,961
724: 672,535,503
725: 852,506
726: 669,730,690,529
727: 954
728: 185,689,918,423
729: 873,651
730: 669,726,690
731: 
732: 676
733: 554,722
734: 605,542,523
735: 588,854,957,874,667,794
736: 903,789
737: 579
738: 504,546,925,765
739: 563
740: 612,963,552,702
741: 
742: 614,892,578
743: 636,849,809
744: 610,875,522,921,916,511
745: 874,667
746: 587,1009,921
747: 596,695,949
748: 587,973
749: 720,647,953
750: 859
751: 521
752: 
753: 897,845
754: 896
755: 800,701
756: 
757: 
758: 703,668
759: 678,545
760: 994,570,713
761: 821,818
762: 526,692
763: 
764: 882,992,504,546
765: 738,504,546,942
766: 843
767: 660
768: 512,556,862
769: 840,898
770: 968,537,612
771: 570,970
772: 858,913
773: 657
774: 994,717
775: 
776: 722
777: 561
778: 621,824,946
779: 658
780: 705,891,534,578,614,892
1009: 522,921,587,746
782: 894
783: 789,991,982,598
784: 580
785: 500,900,941,656
786: 832,795
787: 197,37,253,442
788: 827,644
789: 783,699,903,736,598
1008: 537,944
791: 992
792: 
793: 
794: 909,667,735
795: 786
796: 982,644,673
797: 654,917,620
798: 821
799: 682
800: 888,755
801: 887,552,953
802: 532
803: 649
804: 668,842,815,998
805: 
806: 925
807: 916,511,952,594
808: 524,603,934
809: 618,989,743,849,846,936
810: 549,616,876,541,704
811: 723,961
812: 947,545
813: 
814: 686
815: 837,842,804,998,822
816: 516
817: 1010,558,957,512,643,588,826
818: 761,593
819: 601
820: 528,885
821: 798,761
822: 998,837,815,905,849
823: 608,653
824: 778,621
825: 682
826: 574,538,643,817,962,523
827: 788
828: 698,585,720
829: 597,637,832
830: 584
831: 586,609,877
832: 786,829,509
833: 834
834: 502,594,833
835: 
836: 985,715,670
837: 815,905,822
838: 674,583
839: 868,629,606
840: 769,898
841: 
842: 804,815
843: 766
844: 657,684,665,971
845: 966,753,897
846: 865,936,905,809,989,649
847: 
848: 648
849: 743,636,822,936,809,618
850: 519
851: 
852: 725,506
853: 
854: 588,735,1010,716,627,986
855: 625,944
856: 646
857: 964
858: 568,772,617
859: 750
860: 
861: 505,621,703,637
862: 957,874,768
863: 641,713,705
864: 568
865: 846,936,649
866: 
867: 572
868: 629,839
869: 924,976,956,714
870: 582,987
871: 996,551
872: 513
873: 729
874: 957,862,745,667,735
875: 744,958,610,581,511
876: 810
877: 831
878: 194,553,104
879: 659,629,606
880: 896
881: 651
882: 764,992,504,532,942
883: 985,691
884: 537,963
885: 642,528,820
886: 691
887: 647,552,702,953,801
888: 800
889: 
890: 
891: 705,780,534
892: 742,614,780,578
893: 927,977,699
894: 782,972
895: 971
896: 754,880
897: 753,661,533,966,531,845
898: 769,840
899: 917
900: 941,500,785,656
901: 978,514,652
902: 
903: 736,524,789
904: 949,508
905: 837,822,846
906: 526,692
907: 659,595
908: 650,571
909: 794,926
910: 595
911: 695
998: 822,668,804,815,636
913: 599,772,525,687
914: 502
915: 926,999
916: 511,744,807,952
917: 899,654,797
918: 423,462,185,728
919: 
920: 652,595
921: 522,1009,587,746,744,973,511
922: 
923: 709
924: 976,869,956
925: 738,546,806,536
926: 915,909
927: 893
928: 569
929: 706
930: 991,575
931: 
932: 
933: 
934: 646,524,808
935: 
936: 846,865,849,809,618,989,649
937: 696,980,704,500
938: 560
939: 
940: 
941: 900,785
942: 532,516,504,882,765
1007: 243,315,78,495,238,353,389,323,299
944: 855,625,537,1008
945: 563
946: 778,621
947: 812,997
948: 95,312,2,645,566,43
949: 508,904,596,747
950: 678,697,710
951: 963,978
952: 916,807,648
953: 583,749,887,647,801
954: 727,980
955: 
956: 924,976,869,714
957: 874,862,588,735,558,817
958: 610,581,875,529,557
959: 
960: 721,527
961: 811,723
962: 826,538
963: 740,884,951
964: 857
965: 
966: 531,845,897,533
967: 707,541
968: 770,709,702,612
969: 547,560
970: 717,771
971: 665,844,895
972: 642,894,561
973: 587,748,921
974: 984,618
975: 
976: 924,869,956,619
977: 893
978: 901,951,514
979: 679
980: 954,937
981: 
982: 796,783
983: 
984: 974
985: 836,883,691
986: 627,542,854,716
987: 582,870,669
988: 
989: 809,618,846,936,649
990: 
991: 575,783,930
992: 791,764,882
1010: 558,817,588,854,627
994: 774,760
995: 520
996: 871,551
997: 947