0: 213,188,165,342,428,50,479,85
1015: 
2: 566,286,905,600
3: 279,584,823,60,485,653,140,128
4: 194,245,587,330,465,145
5: 210,307,366,417,40,134,354,316
6: 953,647,555,879,963,361
7: 369,241,256,93,205,467,54,503
8: 553,266,587,162,464,577,452,499,337,206
9: 53,160,214,155,124,239,358,493,58
10: 59,440,392,66,473,411,41,303
11: 33,308,300,17,219,64,424,12
12: 424,175,131,477,17,64,300,11
13: 459,68,18,414,289,364,360,338,319
14: 342,242,415,270,334,345,492,165
15: 437,45,212,237,161,427,252,75
16: 380,349,445,269,385,57,102,679,457
17: 352,477,78,64,193,12,175,11
18: 438,419,414,340,289,390,68,13,360
19: 296,103,441,301,79,121,201
20: 310,228,309,364,301,79,447,156
21: 404,144,456,475,373,100,484
22: 436,429,360,338,319,38,297
23: 51,236,837,936,861
24: 645,430,120,383,187,356,609
25: 168,346,307,366,305,474,69,81
26: 304,305,198,316,40,366,375,365,372
27: 458,468,401,191,36,136,476
28: 988,409,132,510,362
29: 84,467,476,458,989,809,240
30: 607,621,220,1026,196,73,374,401,32,468
31: 336,258,93,205,136,498,36,345
32: 498,191,321,47,196,374,401,30,468
33: 308,300,340,11,78,219,64,494,419
1040: 820
35: 63,285,280,203,275,410,199,667,94
36: 498,191,27,258,31,136,476
37: 914,515,253,878
38: 332,221,297,459,77,319,22,429
39: 63,273,409,410
40: 417,134,357,491,210,5,304,26,316
41: 166,411,224,433,363,251,469,10,59,490
42: 883,96,386
43: 95,370,172,535,724
44: 117,206,202
45: 437,212,15,142,186,924,252,395,75
46: 353,299,87,118,898,323,389,368
47: 196,374,201,310,228,426,321,32
48: 431,369,241,256,342,242,232,85,264
49: 294,55,111,455,432,424,131,190,290,52
50: 82,428,407,188,0,255,479,85
51: 23,236,621,220,261,318,936
52: 72,290,339,268,455,276,432,408,49
53: 9,160,214,155,166,239,358,58,182,127
54: 503,205,84,467,7,680
55: 294,111,177,49,432,190,72,290,478,317,135,263
56: 295,176,291,950,320
57: 269,385,292,445,380,349,16,235
58: 183,170,182,9,53,160,358,493,292,127
59: 10,440,392,184,251,469,490,411,41
60: 322,485,653,3,202,140,184,128
61: 201,997,103,1026,73,374
62: 560,113,938,83,377,439,875
63: 39,285,280,391,35,273,409,410,199
64: 78,219,193,17,12,33,300,11
65: 235,174,333,354,183,170,134,210
66: 478,402,473,227,10,135,214,155,303,124
67: 264,948,431,232,257,267,260,388,226,1023
68: 459,13,77,18,419,108,390,319
69: 474,341,71,354,307,366,168,25
1041: 
71: 474,69,341,333,354,210,307,150,216
72: 190,227,290,98,52,339,432,408,55,440,478
73: 196,374,201,61,1026,607,30
74: 756,697,607,236,837
75: 273,195,510,45,15,237,252
76: 490,152,324,92,251,469,248,625
77: 459,68,108,390,91,217,38,221
78: 219,64,193,1007,487,243,17,315,33
79: 19,103,301,121,201,228,20,374
80: 234,384,272,274,350,328,398,768,568
81: 203,497,474,341,168,25,158,285,280
82: 428,50,407,481,396,255,479,403,378
83: 326,162,377,464,560,62,266,298,439
84: 467,29,240,54,680
85: 204,479,232,257,165,0,342,242,48,50
86: 139,109,314,171,442,875,787,352,477
87: 353,238,46,281,856,655,118,898
88: 121,230,133,129,359,367,296
89: 157,110,244,173
1022: 
91: 107,108,123,77,189,263,446,217,461
92: 140,184,251,128,469,324,122,248,76
93: 336,31,205,136,334,369,241,7
94: 115,149,288,280,35,203,398,199,667
95: 370,43,379,312,267,803
96: 858,42,883
97: 116,142,262,102,457,284,349,437
98: 190,72,227,478
99: 153,200,421,399,451,239,493,167,357,491
100: 373,415,270,21,484,213,165
101: 298,875,787,326,477,254,455,175
102: 679,457,387,284,349,16,97,262
103: 19,441,79,472,201,997,61
104: 914,560,878,553,266,841,377,464
105: 494,394,323,247,129,359,368,133
106: 185,448,1008,1021,423,918,552
107: 108,123,91,294,111,177,317,263,461
108: 107,123,390,91,308,177,68,77,263,217
109: 139,171,86,425,753,181,302,313,277
110: 157,89,244,173,278,304,198,375,255,246
111: 294,55,177,49,424,131,300,107
112: 470,617,767,959
113: 442,938,560,62,439,875
994: 
115: 94,149,288,617,519,767
116: 142,355,97,262,376,347,496,393
117: 577,44,452,268,337,206,485,653,202
118: 208,898,87,46,769,323,129,368
119: 959,605,488,687,211,512
120: 645,430,24,146,443,348
121: 230,364,88,296,19,441,301,79
122: 324,423,918,552,823,92,140,128,625
123: 107,108,390,91,424,308,300,419,177
124: 451,239,66,402,344,282,9,155
125: 426,209,156,498,321,163,345,258
126: 313,243,277,805,179,238,495,487
127: 417,134,53,358,493,58,183
128: 92,140,3,823,60,122
129: 359,368,118,208,769,105,329,367,88
130: 1037,887,463,740,944
131: 424,12,175,455,432,111,49
132: 252,395,418,924,510,362,747,28
133: 289,230,88,105,247,359,438,414
134: 417,127,40,183,65,210,5
135: 317,344,190,294,55,66,478,402
136: 258,31,93,205,36,27,467,476
137: 405,549,667,288,519,785
138: 330,465,537,462,279,584
139: 109,314,171,86,425,442,302
140: 92,184,251,128,469,3,60,322,122,392
991: 526
142: 116,355,97,262,186,284,437,45,924
1037: 130,838,887,463,740
144: 21,404,456,399,484,157,244
145: 330,465,4,587,577,499
146: 331,450,768,430,120,443
147: 1036,601,662,265,979,1039,1045,728
1010: 
149: 115,94,288,203,398,274,617
150: 237,216,161,174,333,354,71
151: 192,445,434,855,363,269,385,420
152: 76,490,434,855,469,248,625,363,1036,192
153: 200,421,99,282,446,215,451,456
154: 629,944,689,770,884,601,662
155: 9,53,214,303,66,478,402,344,124,239
156: 125,426,209,338,310,20,309,223,436,311
157: 484,89,110,244,144,173,278,246
158: 168,346,271,328,497,81,384
159: 486,218,408,406,202,339,268,206,322,485,184,440
160: 9,53,214,166,433,269,453,58,182
161: 237,150,427,387,174,333,212,15
162: 326,83,377,464,8,266,298,439,452,164,287,337,206,254
163: 345,492,223,125,426,209,373,415,258
164: 339,268,287,337,326,162,298,254,455,276
165: 213,188,0,270,100,342,14,85
166: 411,433,41,53,160,214,303,453
167: 173,357,491,493,200,399,99,244
168: 346,25,158,305,474,69,271,497,81
1031: 233,1011,231,1021
170: 58,183,182,269,292,380,65,235
171: 139,109,314,86,753,313,277,352,487
172: 388,1023,356,370,43,858,609
173: 167,357,491,399,157,89,110,244,304,198
174: 65,235,333,380,387,349,212,150,161
175: 424,12,131,101,787,477,17,254,455,432
176: 56,812,778,950,351,320
177: 294,55,111,424,308,300,107,108,123
995: 946,824,637
179: 343,281,805,126,238
180: 652,628,891,879,347,361,839,393
181: 425,753,197,533,259,966,109
182: 58,170,53,160,269,420,453,292
183: 58,170,417,127,134,65,235,210
184: 92,140,251,60,322,485,218,159,59,440,392
185: 106,448,968,612,770
186: 142,355,437,45,924,252,395
187: 383,449,356,260,388,226,24
188: 213,165,0,278,484,342,246,428,50
189: 317,344,282,263,91,446,461,215
190: 72,227,290,98,55,49,478,402,135
191: 498,321,36,32,401,27,468
192: 445,151,265,979,434,152,855,363,1036,385,679
193: 78,64,1007,487,314,352,477,17
194: 4,833,834,245,610,587
195: 273,75,237,216,391
196: 47,73,374,401,30,220,321,32
197: 533,935,259,335,181
198: 304,26,316,173,110,375,365,246
199: 275,410,667,63,35,203,94,288
200: 153,421,399,99,451,456,167,491
201: 61,19,103,79,228,47,73,374
202: 218,159,44,117,268,287,206,60,322,485,653
203: 328,497,398,81,280,35,199,94,149
204: 207,479,232,85,257,407,264,260
205: 336,31,93,136,467,476,7,54
206: 339,268,287,337,8,162,577,44,452,117,485,159,202
207: 204,479,257,407,403,378,449,260
208: 118,898,769,903,129,359,368,329,367
209: 125,426,156,310,223,436,429,311,415,163
210: 5,307,183,40,134,65,333,354,71
211: 512,483,687,772,119
212: 437,45,15,387,284,174,237,161
213: 188,165,0,278,270,100,484
214: 9,53,160,155,303,66,166,411
215: 446,461,189,344,282,263,451,153,421
216: 237,150,341,71,195,285,391
217: 446,461,108,91,77,332,229,221
218: 408,159,202,322,227,184,251,440,392
219: 78,64,1007,494,394,315,33,308,340,11
220: 607,621,30,196,401,51,458,261,468
221: 332,229,38,297,459,77,446,217
222: 327,329,249,472
223: 436,429,311,209,156,373,415,163
224: 411,433,41
225: 403,378,482,412,396,325,331,450
226: 388,1023,257,948,67,449,187,356,260
227: 190,72,290,98,218,408,440,66,478,473
228: 310,20,301,79,201,47,374
229: 332,221,446,217,421,404,456,475
230: 289,121,364,88,133,359,414,296,301
231: 462,1021,537,502,233,1031
232: 204,479,85,257,342,242,48,431,264,67
233: 1011,1031,502,231
234: 272,80,274,328,768,568,617
235: 65,174,333,57,292,183,170,380,387
236: 51,23,837,74,607,621
237: 150,216,161,427,212,15,195,75
238: 353,87,495,805,179,281,243,126
239: 451,124,358,493,282,9,53,155,99
240: 809,989,84,467,29,566,680
241: 48,369,7,334,336,93,242
242: 342,14,334,48,369,241,232,85
243: 313,126,277,314,238,495,78,1007,487,389
244: 484,157,89,110,399,144,456,167,173
245: 610,4,194,517,465
246: 375,255,157,110,188,278,198,428
247: 494,105,394,323,359,340,438,414,133
248: 625,884,324,423,92,76,490,434,152,855,1036
249: 472,291,950,222,327,997
1038: 
251: 92,140,184,469,218,59,392,76,41
252: 395,132,186,45,15,510,75
253: 557,37,845,878
254: 455,276,432,326,162,298,101,787,164,175
255: 481,396,375,365,246,110,82,428,50
256: 48,431,369,7,503,264,948,312,413
257: 207,204,232,85,264,948,67,260,226,1023
258: 336,31,136,125,498,36,163,345
259: 197,533,935,181
260: 383,449,187,207,204,257,67,378,226
261: 458,468,989,401,621,220,51,318,936
262: 116,142,355,97,102,457,376,347,496
263: 189,317,344,294,55,107,108,91,461,215
264: 948,67,48,431,256,204,232,257
265: 192,445,979,147,601,1039,679,728
266: 8,553,841,587,104,914,560,83,162,377,464
267: 312,948,67,1023,95,370
268: 339,164,287,337,206,117,322,486,408,406,159,202,52
269: 385,57,420,453,292,160,151,170,182,380,16
270: 373,415,100,492,213,165,14
271: 372,350,466,168,346,158,328,384
272: 234,384,80,350,482,450,768
273: 195,510,75,39,63,391,409,410
274: 234,80,328,398,149,617
275: 410,199,667,35,988,409,850,405
276: 254,455,432,326,339,164,287,52
277: 313,243,126,753,805,109,171
278: 213,188,484,157,110,246,428
279: 3,584,823,138,330,577,653
280: 63,285,391,35,474,203,497,81,410,94
281: 179,856,655,353,238,87
282: 189,344,215,451,124,239,153
1019: 504,872,992
284: 387,349,102,142,97,437,212
285: 63,280,391,35,216,474,341,81
286: 566,2,680,600
287: 339,164,268,337,206,326,162,452,276,202
288: 115,94,149,199,667,137,519
289: 230,364,133,18,414,13,360,447
290: 190,72,227,52,432,55,49
291: 249,950,812,56
292: 269,385,57,58,170,182,380,349,235
293: 840,1043,813,712,655
294: 55,111,177,49,107,317,135,263
295: 56,950,320,697
296: 19,441,327,367,121,230,88
297: 332,38,221,319,22,429,404,475,373
298: 439,101,875,787,326,83,162,164,254,455
299: 353,46,323,389
300: 33,308,11,64,424,12,111,177,123
301: 19,79,121,230,364,447,228,20
302: 442,966,425,139,109
303: 214,155,10,66,473,166,411
304: 26,198,316,40,173,357,110
305: 26,316,366,365,168,346,25,422,372
306: 318,936,989,929,861,809
307: 210,5,366,354,316,69,71,25
308: 33,300,340,11,219,419,177,108,123,390
309: 310,20,447,338,436,156
310: 228,20,309,47,426,209,156,321
311: 223,436,209,156
312: 379,267,413,256,948,803,95
313: 243,126,277,753,805,109,314,171,487
314: 139,171,86,313,243,352,193,487
315: 494,394,323,389,78,219,1007,340
316: 304,305,26,198,40,357,5,307,366
317: 189,344,135,263,294,55,107,402,461
318: 936,306,51,458,261,989
319: 360,338,459,68,13,38,297,22
320: 351,778,56,295,176
321: 498,191,32,310,47,196,125,426
322: 60,485,268,218,159,202,140,184,392
323: 105,394,389,315,247,353,299,46,118,368
324: 122,423,918,92,248,625,76
325: 350,466,481,396,225,403,482
326: 83,162,464,298,439,101,164,287,254,276
327: 222,329,367,249,472,296,441
328: 203,497,398,158,271,234,384,80,274
329: 222,327,367,208,769,129
330: 138,465,145,4,577,279,584,653
331: 450,146,768,225,482,412,430
332: 229,38,221,297,217,404,475
333: 65,235,174,354,380,210,150,161,71
334: 345,492,336,93,342,242,14,241
335: 197,533,935
336: 258,31,93,205,334,345,241
337: 164,268,287,206,8,553,162,464,452,117,499
338: 360,447,319,364,13,309,22,436,156
339: 164,268,287,206,276,432,406,159,72,52
340: 33,308,219,494,315,247,438,18,419
341: 474,69,71,216,285,391,81
342: 242,14,334,188,165,0,48,232,85
343: 179
344: 189,317,282,135,263,402,215,155,124
345: 334,163,492,125,415,336,258,31,14
346: 168,25,422,158,305,365,372,271
347: 671,496,361,116,262,628,180,393
348: 772,645,120,443,687
349: 380,387,284,16,57,292,102,679,174,97
350: 466,271,325,482,384,272,80
351: 320,778,947,176
352: 477,17,314,171,86,787,193,487
353: 299,238,87,46,495,281,323,389
354: 65,333,210,5,307,150,69,71
355: 116,142,262,186,437,924,839,393
356: 383,187,388,226,172,24,609
357: 167,173,491,493,99,417,40,304,316
358: 239,493,9,53,58,127
359: 129,368,208,105,247,367,230,88,133
360: 447,338,319,18,289,364,13,22
361: 671,347,647,6,555,879,963,628,180
362: 747,132,418,510,28
363: 433,41,490,434,152,192,151,420,453
364: 289,121,230,414,301,13,360,447,338,20
365: 481,375,255,305,26,198,346,422,372,466
366: 5,307,305,26,316,69,25
367: 327,329,208,129,359,88,296,441
368: 129,359,46,118,208,105,394,323
369: 48,431,241,7,256,93,242,503
370: 95,43,267,388,1023,172,724
1020: 663,691
372: 466,271,305,26,481,375,365,346,422
373: 415,270,100,297,223,429,21,404,475,163
374: 47,196,73,79,201,61,228,30,32
375: 481,255,365,246,110,26,198,428,372
376: 457,728,555,1039,1045,671,496,116,262
377: 83,162,464,104,560,62,878,266,841,439
378: 225,403,412,82,407,207,449,260
379: 312,413,803,95
380: 387,349,16,269,57,292,170,235,174,333
381: 519,785,767,470,735
1016: 978,518
383: 449,187,356,260,412,430,24
384: 272,80,158,350,466,271,328
385: 269,57,420,453,292,192,445,151,679,16
386: 42,851
387: 380,284,349,102,235,174,437,212,161
388: 226,1023,172,67,187,356,370,609
389: 394,323,315,243,353,299,46,495,1007
390: 108,123,308,18,419,459,68,77
391: 63,285,280,216,341,273,195
392: 10,59,440,322,218,408,140,184,251,469,473
393: 924,839,347,116,355,652,180
394: 494,105,323,389,315,247,219,1007,368
395: 252,132,418,186,45,924
396: 481,255,82,407,466,325,225,403
1014: 516,504,872
398: 203,328,497,80,274,94,149
399: 200,421,99,144,456,167,173,244
400: 850,988,741
401: 196,621,30,220,191,32,27,261,468
402: 66,478,473,190,317,344,135,155,124
403: 225,378,482,412,396,82,407,207,325
404: 21,144,456,475,332,229,297,421,373
405: 137,549,988,275,667,850
406: 486,408,159,339,268
407: 82,50,396,207,204,479,403,378,449
408: 486,218,406,159,268,72,227,52,440,392,473
409: 988,28,273,510,39,63,275,410
410: 275,199,667,273,39,63,280,35,988,409
411: 166,224,433,41,10,59,214,303
412: 225,403,378,383,449,331,430
413: 379,312,256,503
414: 438,18,247,289,230,364,133,13
415: 373,270,100,223,429,209,163,345,492,14
416: 869,819,924,839,418,954,747
417: 127,40,134,493,183,357,491,5
418: 395,132,924,416,362,747
419: 438,18,33,308,340,123,390,68
420: 269,385,453,434,433,363,445,151,182
421: 153,200,399,99,446,215,229,404,456
422: 346,305,365,372
423: 324,122,918,106,448,770,248,625,884
424: 12,175,131,300,11,111,177,49,123
425: 753,181,533,966,302,139,109
426: 125,209,156,310,47,498,321,163
427: 237,161,15
428: 82,50,188,0,278,375,255,246
429: 223,22,436,38,297,209,475,373,415
430: 24,120,412,383,331,146
431: 48,369,256,503,232,264,948,67
432: 254,455,276,339,175,131,72,290,52,55,49
433: 166,411,224,41,363,490,160,420,453
434: 490,152,855,248,363,192,445,151,979,420
997: 61,249,472,950,103,697,1026
436: 223,22,429,311,338,309,209,156
437: 45,212,15,387,284,142,355,97,186
438: 18,419,414,494,247,340,133
439: 298,875,787,62,113,326,83,162,377
440: 10,59,392,218,408,159,72,227,184,478,473
441: 296,19,103,327,367,472,121
442: 302,113,938,966,139,86,875
443: 488,687,146,768,120,348
1039: 555,1045,147,265,728,376
445: 192,151,265,979,434,385,57,420,679,16
446: 217,461,215,91,189,229,221,153,421,456
447: 360,338,289,364,301,20,309
448: 106,185,423,918,612,770,625
449: 383,187,260,407,207,378,412,226
450: 331,146,768,225,482,272
451: 124,239,493,282,215,153,200,99,491
452: 577,117,499,8,553,162,287,337,206,653
453: 269,385,420,166,433,363,160,182
454: 514,963,708
455: 254,276,432,298,101,477,164,175,131,52,49
456: 21,404,144,446,229,153,200,421,399,244
457: 102,679,728,376,16,496,97,262
458: 27,261,468,989,220,318,29,476
459: 68,13,77,390,319,38,221
1034: 940,808,789
461: 446,217,215,107,91,189,317,263
462: 231,1008,1021,537,138,584
463: 887,612,1037,130
464: 326,83,162,377,104,8,553,266,337
465: 138,330,145,245,610,4,537
466: 372,350,271,325,481,396,365,384
467: 84,29,476,205,136,240,7,54
468: 27,458,261,401,30,220,191,32,476
469: 92,140,251,59,392,76,490,152,41
470: 112,381,767
1044: 591,558,684
472: 249,222,327,103,441,997
473: 66,478,402,408,227,10,440,392,303
474: 69,341,71,168,25,285,280,81
475: 21,404,332,229,297,429,373
476: 467,29,36,27,458,468,989,205,136
477: 352,17,86,101,787,193,455,12,175
478: 66,402,473,190,72,227,98,55,440,135,155
479: 207,204,232,85,0,82,50,407
480: 956,976,695
481: 396,375,255,365,82,372,466,325
482: 225,403,350,325,272,331,450
483: 211,512,772,556,851
484: 157,244,21,144,100,213,188,278
485: 60,322,653,577,117,206,3,159,202,184
486: 408,406,159,268
487: 78,193,1007,314,171,313,243,126,495,352
488: 443,687,768,568,119,959
992: 504,1019,546
490: 76,434,152,469,59,248,433,41,363
491: 167,173,357,451,493,200,99,417,40
492: 334,163,345,415,270,14
493: 451,239,358,9,99,58,417,127,167,357,491
494: 105,394,315,247,219,33,340,438
495: 353,238,243,126,1007,487,389
496: 671,347,555,457,376,116,262
497: 203,328,398,81,168,158,280
498: 191,321,36,32,125,426,258,31
499: 577,452,8,553,587,145,337
500: 779,707,656
501: 794
502: 537,517,852,233,231
503: 54,431,369,7,256,413
504: 1019,872,992,1014,546,516
505: 
506: 749,608
507: 968,1011,518
508: 619,615
509: 
510: 273,75,252,132,362,28,409
511: 532
512: 211,483,119,605,864
513: 
514: 454,928,920,907,708
515: 567,594,37
516: 527,1014,738,504,872
517: 537,502,245,610,852
518: 978,583,507,1016
519: 381,785,767,667,115,288,137,549
520: 686,842
521: 
522: 565,559,973
523: 
524: 796,789
525: 915,658
526: 755,991
527: 516,738
528: 972,782
529: 730
530: 826,643
531: 547,987,935
532: 511,882
533: 197,259,335,744,425,181
534: 
535: 996,43,724
536: 965,925
537: 517,502,138,465,462,231,584
538: 543,895
539: 
540: 892
541: 745,1024
542: 962
543: 538,602
544: 580
545: 812,571
546: 816,504,992
547: 531,961,987
548: 
549: 405,137,667,519,785,874
550: 798
551: 865,905
552: 122,918,1008,1021,584,823,106
553: 8,266,841,587,104,464,452,499,337
554: 675,908,646
555: 1039,1045,647,6,728,376,671,496,361
556: 772,483,851
557: 921,919,253,845
558: 591,1044,684
559: 973,522
560: 62,845,878,104,113,938,266,83,377
561: 847
1033: 
563: 931,721,573
564: 
565: 522
566: 2,286,680,240
567: 515,732
568: 617,234,80,768,488
569: 622,752
570: 902,904
571: 778,545,710,947
572: 932,1012,820
573: 721,563
574: 895
575: 694,893
576: 
577: 452,117,499,8,587,330,145,206,279,485,653
578: 
579: 
580: 544,930
581: 
582: 
583: 801,951,518
584: 3,279,823,537,138,330,462,1008,552
585: 630,964
586: 715
587: 8,553,266,841,4,833,194,145,577,499
588: 900,909
999: 1029,735
590: 695,596,819,853
591: 1044,558,986
1026: 697,997,61,73,607,30
593: 
594: 515,834
595: 606,760,917,708,891,899
596: 868,954,819,590,853
597: 743,786
598: 982,930,888
599: 715,831
600: 2,286,638
601: 1036,147,662,154,265,979
602: 854,543
1030: 675
604: 923,709
605: 119,512,1032,864
606: 595,879,708,628,891
607: 621,30,220,697,1026,74,73,236
608: 749,506
609: 858,356,388,172,24
610: 245,1013,194,852,517,465
611: 763
612: 689,770,185,448,463
613: 822,786,990
614: 862
615: 508
616: 695,949,1028
617: 568,234,274,115,149,767,112
618: 703,890,668
619: 508,970
620: 
621: 607,30,220,401,51,236,261
622: 752,569
623: 980
624: 
625: 248,884,448,324,122,423,918,770,76,152
626: 
627: 716
628: 652,180,891,879,347,361,606
629: 740,944,154,662,953,647
630: 964,585
631: 
1025: 1013
633: 705
1013: 1025,916,610,852
635: 911
636: 706,743
637: 824,995
638: 984,905,600
639: 
640: 
641: 
642: 
643: 530,826,913
644: 692,784
645: 24,120,348,772
646: 736,554
647: 953,6,629,555,1045,361
648: 746
649: 929,861,686,849
1045: 555,1039,147,647,728,376
651: 
652: 628,180,891,839,393,868,954
653: 60,485,330,577,452,117,3,279,202
654: 754
655: 712,856,293,281,87
656: 876,779,707,500
657: 
658: 525
659: 907,760
1036: 147,601,248,884,152,855,192,979
661: 
662: 147,601,689,629,944,154
663: 1020
664: 
1028: 616
666: 
667: 275,410,199,35,988,94,288,850,405,137,549,519
668: 890,618,835
669: 
670: 
671: 347,496,361,555,376
672: 984,836
673: 
674: 
675: 554,908,1030
676: 
677: 755,729
678: 946
679: 102,457,728,192,445,265,385,349,16
680: 566,286,84,240,54
681: 725
682: 
683: 
684: 1042,826,1044,558
685: 
686: 520,842,649,861
687: 443,488,348,119,959,211
688: 
689: 612,770,884,944,154,662
690: 811,952
691: 1020,971
692: 644,799
693: 949,853,869,741
694: 575,1035
695: 590,480,616
696: 757,892
697: 1026,295,997,74,607
698: 964
1017: 889,842
700: 
701: 737,800
1035: 694
703: 618
704: 900,727
705: 633
706: 636
707: 779,500,656,876
708: 907,760,917,514,454,595,606
709: 923,604
710: 571
711: 880
712: 856,655,293,840,934
713: 
1024: 541
715: 599,586
716: 627,854
717: 
718: 
719: 777
720: 
721: 573,563
722: 987,813
723: 733
724: 370,43,535,858
725: 681,749
726: 
727: 810,704
728: 679,457,376,147,265,555,1039,1045
729: 906,873,677
730: 1018,529
996: 535,803
732: 748,567
733: 723
734: 773,913
735: 1029,999,381,957
736: 840,1043,776,646
737: 701,800,906
738: 802,1009,516,527
739: 1009
740: 629,944,1037,130,838
741: 869,949,693,400
742: 862
743: 597,636,786
744: 966,533,921,919
745: 817,541,877,926
746: 648
747: 362,132,418,869,416
748: 732
749: 608,506,725
750: 783
751: 
752: 622,569
753: 425,181,805,109,171,313,277
754: 654
755: 677,526
756: 74,814,837
757: 771,696
758: 
1029: 999,735
760: 907,917,708,659,595,899
761: 
762: 788
763: 611,824
1023: 388,226,172,257,948,67,267,370
1011: 233,1031,507
766: 860
767: 381,519,785,115,617,112,470
768: 331,450,146,234,272,80,568,443,488
769: 903,118,208,898,129,329
770: 689,612,185,448,423,918,625,884,154
771: 757
772: 348,645,556,211,483
773: 913,734,972
774: 
775: 922
776: 813,736
777: 719
778: 571,947,176,351,320
779: 707,500,656
780: 863
1009: 739,802,738
782: 886,528
783: 808,750
784: 644
785: 381,519,767,137,549,874
786: 597,743,613
787: 298,439,101,875,86,352,477,254,175
788: 762
789: 940,1034,524,796
1008: 462,1021,584,823,106,918,552
791: 
792: 
1043: 293,840,736,813
794: 501
795: 998
796: 524,789
797: 
798: 550
799: 692,800
800: 799,737,701
801: 583,951
802: 738,1009
803: 379,312,95,996
804: 
805: 753,179,313,126,277,238
806: 
1021: 462,231,1008,1031,106,552
808: 783,940,1034
809: 240,989,306,929,29
810: 967,727
811: 952,690
812: 545,291,176
813: 776,722,293,1043
814: 756
815: 
816: 546
817: 745,877,926,941
818: 985
819: 869,416,596,954,590,853
820: 572,1040
821: 
822: 613,832
823: 3,279,584,1008,122,918,552,128
824: 946,995,637,763
825: 
826: 530,1042,684,643
827: 
828: 
829: 
830: 978,901,955
831: 844,599,886,972
832: 822
833: 194,914,841,587
834: 916,1046,594,194
835: 668
836: 672
837: 23,236,756,74
838: 1037,740
839: 924,393,355,652,180,954,416
840: 293,1043,736,712
841: 553,266,587,104,914,833,377
842: 1017,686,520
843: 
844: 831,972
845: 560,878,253,557,938
1042: 684,826
847: 561
848: 852
849: 649
850: 400,988,275,667,405
851: 556,386,483
852: 848,1013,610,517,502
853: 949,693,596,869,819,590
854: 602,716
855: 434,152,248,1036,192,151,979
856: 712,655,281,87,898
1012: 867,572,932
858: 609,172,96,724
859: 
860: 766
861: 929,649,23,686,936,306
862: 742,614
863: 780
864: 915,605,512,1032
865: 551
1032: 605,864,915
867: 1012
868: 596,652,891
869: 819,416,747,949,693,853,741
870: 882
871: 
872: 504,1019,1014,516
873: 729
874: 957,549,785
875: 298,439,101,787,62,442,113,86
876: 656,707
877: 817,745,941
878: 560,845,253,37,104,914,377
879: 963,6,361,606,628,180
880: 711
881: 
882: 870,532
883: 42,96
884: 248,625,423,689,770,154,1036
885: 
886: 831,782
887: 463,1037,130
888: 598,982
889: 1017
890: 668,618
891: 652,628,180,595,606,868
892: 540,696
893: 575
894: 
895: 574,538
896: 
897: 961
898: 118,208,856,87,46,769,903
899: 760,917,595
900: 704,588,909
901: 955,830,978
902: 570
903: 769,934,208,898
904: 570
905: 2,551,638
906: 729,737
907: 760,917,708,514,659
908: 675,554,934
909: 588,900
910: 920
911: 635
998: 946,795
913: 773,734,643
914: 37,104,878,833,266,841
915: 864,525,1032
916: 1046,834,1013
917: 907,760,708,595,899
918: 324,122,423,552,1008,823,106,448,770,625
919: 921,557,958,744
920: 910,514,928
921: 557,919,966,744
922: 775
923: 975,709,604
924: 839,393,142,355,186,45,395,132,418,416
925: 536
926: 817,745
927: 
928: 514,920
929: 649,861,306,809
930: 982,580,598
931: 563
932: 572,1012
933: 
934: 908,712,903
935: 197,259,531,335
936: 318,306,51,23,261,861
937: 
938: 442,113,560,62,845
939: 
940: 1034,808,789
941: 817,877
1027: 
1007: 78,219,193,487,243,495,394,389,315
944: 740,629,154,689,130,662
945: 1018
946: 678,998,824,995
947: 778,571,351
948: 264,67,431,256,257,312,267,226,1023
949: 693,853,869,741,616
950: 249,291,56,295,176,997
951: 583,801
952: 811,690
953: 647,6,629,963
954: 596,652,839,819,416
955: 901,830
956: 480,976
957: 874,735
958: 919
959: 119,488,687,112
960: 
961: 897,547,987
962: 542
963: 879,953,6,454,361
964: 698,630,585
965: 536
966: 744,921,425,181,442,302
967: 810
968: 507,185
1018: 730,945
970: 619
971: 1020,691
972: 528,831,844,773
973: 559,522
974: 
975: 923
976: 480,956
977: 
978: 518,830,901,1016
979: 192,445,265,434,855,1036,147,601
980: 623
981: 
982: 930,598,888
983: 
984: 638,672
985: 818
986: 591
987: 961,531,547,722
988: 28,409,275,410,667,400,850,405
989: 458,261,318,306,29,476,809,240
990: 613
1046: 916,834