0: 213,188,165,342,85,14,428,50,479
1015: 961
2: 680,649,600,803,286
3: 279,330,577,653,60,485,128,918,140
4: 587,878,841,194,833,145,553,245
5: 210,307,366,40,134,354,316
6: 361,728,689,514,740,454,555
7: 413,503,54,431,256,93
8: 499,266,464,104,878,83,162,337,452,287
9: 53,358,214,160,66,155,239,124,493
10: 303,440,392,59,411,473,218,227,251
11: 424,12,193,17,64,33,308,300
12: 424,49,11,17,175,131,300
13: 459,68,18,289,364,414,360,319
14: 342,435,242,270,100,492,334,165,0
15: 437,45,427,212,161,237,252,75
16: 102,457,445,151,385,57,349
17: 352,193,175,477,64,12,11
18: 438,419,340,247,289,414,459,68,13
19: 296,103,79,441,121,364,301
20: 310,228,301,79,447,309,47,156
21: 404,144,484,475,429,373,100,157
22: 223,436,429,360,338,319,309,297,38
23: 51,220,458,261
24: 348,430,772,383,356,731,211
25: 168,346,307,366,305,474,69
26: 422,305,304,198,316,173,365,375,372
27: 458,476,468,401,191,36,467,136
28: 362,418,988,132,400
29: 240,476,846,318,261,467,84
30: 51,220,401,837,607,196,374,32
31: 336,36,258,345,136,205,369,93
32: 191,321,47,196,30,401,468
33: 308,300,78,219,64,11,340
34: 221,38,77
35: 70,410,199,409,39,63,280,203,94
36: 31,258,498,191,27,468,136,205
37: 914,104,744,938,253,62,377
38: 332,297,34,221,459,77,319,22
39: 63,409,410,35
40: 417,491,134,357,210,5,304,316
41: 166,224,433,251,59,411,363,469,420
42: 645,386
43: 370,379,95,312,286,996,724
44: 117,206,268,202,159
45: 437,15,212,142,186,148,252,395
46: 353,238,281,856,840,323
47: 196,201,374,310,228,20,426,321,32
48: 431,369,336,85,242,241,232,264
49: 424,12,455,432,131,290,55,111
50: 82,428,407,188,0,255,207,479,403
51: 220,30,401,837,236,607,23
52: 455,432,276,339,408,406,190,72,290
53: 9,358,214,160,239,182,58,127
54: 467,84,205,93,7,503
55: 294,111,177,432,49,190,290,135,317
56: 320,295,176,545,814,621
57: 269,182,292,385,16,380,387,349
58: 183,170,453,53,358,160,182,292,127,65
59: 10,303,392,411,92,184,251,469,41
60: 202,485,322,117,3,128,140,184
61: 472,73,997,103,79,201,374
62: 253,377,560,442,37,464,83,439
63: 39,285,280,81,273,409,391,410,35
64: 78,219,487,193,17,11,33
65: 235,354,333,58,183,170,134,210
66: 478,155,402,303,473,166,9,214
67: 264,267,257,948,260,312,1023,226
68: 459,13,77,308,18,419,390,108
69: 474,341,71,354,307,366,25
70: 410,35,199,203,94,288,405
71: 474,69,341,354,210,307,150,216
72: 190,227,290,52,432,408,406,440
73: 472,61,997,545,236,607,374
74: 686,763,295,814,621,837
75: 273,510,195,427,15,161,237,252
76: 92,251,122,423,324,248,363,490,469
77: 459,68,390,91,108,217,34,221,38
78: 219,64,487,1007,243,389,193,494,315,33
79: 19,103,472,61,228,20,301,201
80: 234,384,272,274,158,350,328
81: 63,285,280,474,168,158,497,141
82: 428,50,407,481,255,396,403,325
83: 326,162,439,62,377,442,8,464
84: 54,467,240,29,503,680
85: 342,242,0,48,204,479,232
86: 139,787,109,171,113,352,444,477
87: 343,655,712,856,238,281
88: 121,230,414,359,133,367,327,296
89: 278,157,110,244,167,173,399,198
1022: 565
91: 107,263,108,77,217,461,221
92: 140,184,251,76,128,122,423,392,59,469
93: 431,369,256,336,31,54,205,7
94: 115,288,398,203,70,35,149,381
95: 379,312,267,370,43
96: 609,645,172,471,858
97: 116,142,102,457,262,496,437,284
98: 478,190,227,135,473
99: 153,200,421,451,493,491,167,399
100: 373,415,270,21,484,213,165,14
101: 298,113,175,477,455,254,131
102: 457,16,262,445,387,349,97,284
103: 296,19,79,441,472,61,997,301,201
104: 37,914,377,8,266,464
105: 359,368,133,494,394,247,323,414
106: 128,122,423,918,324,552,185,823,855,625
107: 263,390,91,108,123,294,177,461
108: 107,263,390,91,123,459,68,77,221
109: 314,313,171,425,277,302,139,86
110: 278,157,89,173,198,365,375,255,246
111: 294,55,177,424,49,290
112: 519,470,617,767
113: 298,101,442,86,787,439,352,444,477
114: 145,553,653,499,452,117,206,485
115: 94,288,470,149,381,660
116: 142,355,97,262,347,496
117: 337,44,452,206,653,114,60,202,485,159
118: 840,898,208,769,129,368,329
119: 767,568,687,864
120: 450,146,331,412,348,430,443
121: 230,88,364,296,19,447,301
122: 128,423,918,106,324,92,140,184,251,76
123: 107,390,108,308,300,177
124: 451,282,239,155,402,215,344,9,358
125: 426,209,498,489,163,345,492,258
126: 495,243,277,179,655,313,238
127: 417,134,53,358,493,58,183,170
128: 122,423,918,106,3,279,330,60,92,140
129: 359,368,118,208,367,327,329
130: 662,702,884,689,740
131: 455,254,432,101,175,424,12,49
132: 252,395,250,362,28,418
133: 359,105,247,367,289,230,88,414
134: 417,40,127,183,65,210,5
135: 190,227,290,55,478,98,402,344,317
136: 467,205,191,27,476,36,31
137: 405,850,667
138: 462,231,537,465,178,577
139: 86,787,875,533,302,109,171
140: 92,184,251,3,279,60,485,322,128,122,423
141: 497,168,158,81
142: 116,355,97,347,437,45,284,186,393
143: 457,265,445
144: 21,404,244,484,475,456,373,157
145: 553,653,245,114,4,465
146: 120,450,331,234,272,768,568,488,443
147: 979,944,770,154,702,884,601
148: 186,45,395
149: 768,470,617,398,274,115,94
150: 237,216,174,354,333,161,71
151: 192,445,420,385,363,434,265,16
152: 248,855,154,490,434,979,192
153: 200,421,99,215,446,451,282,493
154: 152,248,855,770,490,979,147
155: 66,478,402,303,344,9,214,239,124
156: 311,426,209,309,310,20,223,436
157: 278,89,110,21,144,244,484,399,213
158: 168,346,271,81,328,497,141,384,80
159: 486,218,408,406,44,117,206,268,202,322
160: 9,53,214,166,453,433,182,58
161: 427,15,212,387,174,333,237,150,216,75
162: 326,83,439,8,464,337,339,164,287,254
163: 489,345,492,223,209,125,373,415,270
164: 339,287,326,162,298,455,254,276
165: 213,188,0,484,270,100,342,14
166: 453,224,433,41,303,411,66,214,160
167: 173,399,357,200,99,491,89,304
168: 346,158,25,474,271,81,497,141
1031: 507,1008,848,233,537
170: 58,183,182,292,127,380,65,235
171: 314,109,313,302,139,86,352,444
172: 388,356,1023,187,471,858,96
173: 167,399,357,491,89,110,26,304,198
174: 380,387,235,333,212,161,150
175: 352,17,477,101,455,131,12
176: 56,320,351
177: 294,55,111,424,300,107,263,123
178: 517,465,681,231,138,537
179: 753,277,343,655,495,126,238
180: 819,839,628,671,347,355
181: 425,259,302,197,533,845
182: 269,57,292,453,53,160,58,170
183: 58,170,417,134,127,65,235,210
184: 92,140,251,60,322,218,122,392,59
185: 552,823,612,462,423,918,106,625
186: 250,393,148,142,355,437,45,395
187: 383,449,260,388,356,172,226
188: 213,165,0,278,246,428,50
189: 215,344,317,294,263,461,282
190: 72,227,290,135,52,408,55,473,478,98
191: 498,321,32,27,468,36,136
192: 445,151,152,434,979,265,601
193: 352,17,314,78,64,487,11
194: 833,4,587,517,465,245
195: 273,510,75,391,237,216,341
196: 47,201,374,607,30,401,32,468
197: 335,547,845,259,181
198: 26,304,173,89,110,365,375,246
199: 70,410,35,405
200: 153,421,456,99,244,167,399
201: 47,196,374,103,79,61,310,228
202: 60,485,322,653,44,117,206,268,218,159
203: 398,497,280,70,35,94
204: 207,479,260,232,85,264,257,226
205: 54,467,136,36,31,93
206: 337,44,452,117,114,339,268,287,202,159
207: 204,479,260,50,407,257,378,449
208: 222,291,769,118,129,329,249
209: 311,426,156,125,223,436,498,415,163
210: 5,307,183,40,134,65,354,333,71
211: 687,483,348,24,772,443
212: 437,45,15,161,284,387,174
213: 188,165,0,484,100,278,157
214: 9,53,358,160,303,66,155,166
215: 189,344,263,446,461,282,124,153,421
216: 237,150,354,161,341,71,391,195
217: 446,461,229,263,91,77,332,221,421
218: 486,408,406,159,202,322,184,10,440,392
219: 78,64,494,315,33,308,438,340
220: 51,30,401,837,23,458,468,261
221: 332,297,34,38,91,108,459,77,217,229
222: 208,291,769,950,329,249
223: 22,436,429,311,209,156,373,415,163
224: 166,453,433,41,411
225: 403,378,325,482,412,450,331
226: 388,1023,204,260,267,67,257,187
227: 190,72,135,408,10,440,473,478,98
228: 310,20,301,79,47,201
229: 446,217,332,221,421,456,404
230: 289,121,88,364,414,133
231: 462,138,537,178,507,577,823,612
232: 204,479,85,242,48,431,264,257
233: 848,681,1031,1008,537
234: 272,80,274,450,146,768,488
235: 65,333,292,183,170,380,174
236: 607,621,295,545,73,51,837
237: 150,216,427,15,161,75,195
238: 353,389,281,46,179,87,655,495,126
239: 451,282,124,493,155,9,53,358
240: 29,989,318,467,84,680
241: 242,345,334,336,48,369
242: 342,85,435,241,14,334,48,369,232
243: 495,126,277,314,313,78,487,1007
244: 404,144,484,200,456,399,157,89
245: 145,553,194,833,4,517,465
246: 375,255,278,110,188,198,428
247: 494,394,359,133,105,438,18,414
248: 152,855,154,625,324,76,770,490,979
249: 367,327,329,208,222,1026,441
250: 186,393,416,395,132,590,418
251: 92,140,184,76,122,10,392,59,411,469,41
252: 395,132,45,15,75
253: 62,377,560,744,938,37
254: 455,276,131,326,162,439,298,101,339,164
255: 481,365,375,246,110,82,428,50,396
256: 431,369,460,93,7,413,264,948
257: 264,267,67,207,204,260,232,226
258: 336,36,31,125,498,345
259: 425,181,277,302,197,335,935
260: 207,204,67,257,449,187,388,226
261: 318,936,220,23,458,476,846,29
262: 102,457,265,679,376,496,116,97
263: 107,91,108,294,177,189,215,317,217,461
264: 67,257,948,48,431,460,256,204,232
265: 979,192,445,151,601,679,143,457,262
266: 8,499,464,104,377,878,841
267: 67,257,948,95,312,388,1023,226,370
268: 339,287,337,44,206,202,486,408,406,159
269: 182,57,292,453,433,420,385
270: 373,415,100,163,492,334,165,14
271: 372,350,466,168,346,158,384
272: 234,384,80,350,325,482,450,146
273: 510,75,409,391,195,63,285,275
274: 234,80,398,328,768,149,488
275: 400,273,510,409,410
276: 52,455,254,432,326,339,164,406
277: 425,259,179,109,313,243,126
278: 157,89,110,484,213,188,246,428
279: 3,330,577,462,823,128,423,918,140
280: 63,285,81,474,497,203,35
281: 353,238,46,87,655,856,840
282: 451,239,124,189,215,344,446,153
1019: 546
284: 437,212,102,387,349,142,97
285: 63,280,81,474,341,273,391
286: 803,996,2,379,43
287: 339,164,268,8,326,162,337,206
288: 115,94,70,405,381,667
289: 230,364,414,133,18,13,360
290: 190,72,135,52,432,49,55,111
291: 208,222,769,934,812,950
292: 269,182,57,58,170,380,235
293: 650,903,712,856
294: 55,111,177,107,263,189,317
295: 56,320,814,236,621,74
296: 19,103,441,367,327,121,88
297: 332,475,221,38,319,22,429,373
298: 113,101,442,326,439,477,164,455,254
299: 394,323,353,389
300: 33,308,424,12,11,177,390,123
301: 228,20,121,364,19,103,79,447,309
302: 425,259,181,533,139,109,171
303: 10,59,411,473,66,478,155,166,214
304: 305,26,198,316,40,167,173,357,365
305: 422,26,304,316,366,365,346,25,372
306: 842,936
307: 210,5,366,354,316,69,71,25
308: 33,300,219,11,419,340,390,123,68
309: 360,447,338,310,20,301,22,436,156
310: 228,20,309,47,201,426,156,321
311: 209,156,223,436
312: 379,95,413,267,67,948,370,43
313: 314,109,171,425,277,243,126,487
314: 109,313,171,243,352,193,487
315: 494,394,389,78,219,487,1007,340
316: 305,26,304,40,357,5,307,366
317: 189,344,135,294,55,263,402
318: 261,936,846,240,29
319: 360,338,459,13,297,38,22
320: 56,295,176,814,621
321: 498,191,32,310,47,426,468
322: 60,202,485,218,159,140,184,392
323: 394,299,353,389,46,840,368,105
324: 122,423,106,76,248,855,625,490
325: 225,403,378,482,481,82,350,466,396,272
326: 83,162,439,298,164,287,254,276
327: 367,329,249,129,88,296,441
328: 398,497,158,384,80,274
329: 367,327,249,118,208,222,129
330: 3,279,577,653,462,485,128
331: 120,450,146,225,378,482,412,430
332: 297,475,221,38,217,229,404
333: 65,235,354,380,174,210,161,150
334: 345,492,270,336,342,435,242,241,14
335: 547,197,935,259
336: 31,258,345,334,241,48,369,93
337: 452,117,206,8,499,162,268,287
338: 360,447,319,309,364,22,436
339: 164,268,287,162,206,52,254,276,406
340: 438,18,419,219,494,315,33,308,390
341: 474,69,71,216,391,195,285
342: 85,435,242,14,334,165,0,479
343: 87,655,712,179,753
344: 189,215,317,135,155,402,282,124
345: 489,163,492,334,125,336,31,258,241
346: 168,158,25,422,305,365,372,271
347: 671,496,116,142,355,819,180
348: 430,24,772,120,443,687,211
349: 380,387,385,57,102,16,284
350: 466,271,396,325,482,384,272,80
351: 697,176
352: 193,17,175,444,477,86,314,171,113,487
353: 389,238,281,46,495,840,1007,394,299,323
354: 65,333,210,5,307,150,216,69,71
355: 116,142,347,819,180,186,393
356: 388,172,383,187,24,858,731
357: 167,173,417,491,40,304,316
358: 9,53,214,451,239,124,493,58,127
359: 129,368,133,105,247,367,88
360: 447,338,319,309,289,364,459,13,22
361: 6,728,514,454,671,555
362: 28,418,988,132,924,747
363: 490,434,469,76,433,41,151,420
364: 289,121,230,414,19,13,360,447,338,301
365: 481,375,255,110,422,305,26,304,198,346,372
366: 5,307,305,316,69,25
367: 327,329,249,129,359,133,88,296
368: 129,359,105,118,840,394,323
369: 48,431,256,93,336,31,242,241
370: 471,43,267,95,312,1023
1020: 
372: 466,271,422,305,26,481,365,375,346
373: 415,270,100,297,475,223,429,21,404,144,484,163
374: 47,196,201,73,61,607,30
375: 481,365,255,246,110,26,198,428,372
376: 601,679,262,671,496,555
377: 253,62,560,37,104,266,464,83
378: 225,403,325,407,207,383,449,412,331
379: 95,312,413,503,948,286,43
380: 387,174,349,57,292,170,235,333
381: 667,115,94,288,470,519,660
1016: 1011
383: 449,412,187,378,356,430,24
384: 272,80,158,350,466,271,328
385: 445,151,420,269,57,16,349
386: 42,525
387: 380,174,349,57,102,437,212,161,284
388: 356,1023,172,226,260,267,187
389: 353,238,495,78,1007,315,394,299,323
390: 107,108,123,308,300,419,340,68,77
391: 273,409,195,216,474,341,63,285
392: 10,440,59,322,218,408,92,184,251
393: 250,186,416,142,355,819,839,395,590
394: 494,315,247,299,323,353,389,368,105
395: 252,132,45,250,186,393,148
396: 350,466,481,255,82,428,403,325
1014: 738,945
398: 328,497,203,274,94,149
399: 167,173,200,456,99,244,157,89
400: 275,853,510,28,988
401: 51,220,30,196,32,27,458,468
402: 66,478,155,135,344,317,124
403: 225,378,325,482,82,50,407,396
404: 21,144,244,229,332,475,456,373
405: 137,850,70,199,288
406: 486,218,408,159,339,268,52,276,72
407: 82,50,207,479,403,378,449
408: 486,218,406,159,268,52,190,72,227,440,392
409: 273,510,391,39,63,275,410,35
410: 70,35,199,409,39,63,275
411: 10,303,59,473,251,166,224,433,41
412: 383,449,225,378,120,331,430
413: 7,503,256,948,379,312
414: 289,230,88,364,247,133,105,438,18,13
415: 373,270,100,223,429,209,163,492
416: 250,393,819,839,590
417: 491,40,134,127,493,183,357
418: 362,28,250,132,924,590
419: 438,18,340,494,308,390,68
420: 151,385,363,434,453,433,41,269
421: 153,200,456,99,215,446,217,229
422: 305,26,365,346,372
423: 128,122,918,106,324,279,185,92,140,76,625
424: 12,49,11,131,300,111,177
425: 259,181,277,302,109,313
426: 209,156,125,310,47,498,321
427: 15,161,237,75
428: 82,50,278,188,0,375,255,246,396
429: 223,22,436,297,475,21,373,415
430: 348,24,383,412,120,331
431: 48,369,460,256,93,7,232,264,948
432: 52,455,276,131,49,72,290,55
433: 166,453,224,41,411,363,469,160,420,269
434: 363,490,152,979,192,151,420
435: 342,242,14,334
436: 223,22,429,338,309,311,209,156
437: 45,15,212,284,387,142,97,186
438: 18,419,340,219,494,247,414
439: 326,83,162,62,442,787,298,113,254
440: 10,392,473,218,408,72,227
441: 296,19,103,327,249,1026,472,997
442: 62,560,787,875,83,439,298,113
443: 568,488,120,450,146,348,687,211
444: 352,477,86,171,113
445: 192,151,385,265,102,143,457,16
446: 217,461,229,215,282,153,421,456
447: 360,338,309,121,364,20,301
448: 944,770,463,552,855,625
449: 383,412,187,407,207,260,378
450: 120,146,331,225,482,234,272,488,443
451: 282,239,124,493,358,153,99
452: 337,117,206,8,499,553,653,114
453: 166,224,433,160,420,269,182,58
454: 868,514,6,361,555
455: 52,254,432,276,131,298,101,175,164,49
456: 200,421,446,229,404,144,244,399
457: 102,143,16,262,265,445,679,97
458: 27,476,846,468,220,401,23,261
459: 68,13,77,18,108,360,319,221,38
460: 431,256,264,948
461: 446,217,107,263,91,189,215
462: 231,138,279,330,577,185,823,918
463: 448,944,801,552
464: 8,266,104,62,377,83,162
465: 517,178,194,681,145,245,138
466: 372,350,271,396,481,325,384
467: 54,84,136,205,27,476,240,29
468: 27,458,476,196,220,401,191,321,32,36
469: 363,490,92,251,76,59,433,41
470: 768,149,617,115,381,112,519,660
471: 370,1023,172,609,96
472: 73,61,997,1026,103,79,441
473: 10,303,440,411,190,227,66,478,98
474: 69,341,71,168,25,391,285,280,81
475: 332,297,429,21,404,144,373
476: 27,458,846,468,261,467,136,29
477: 352,17,175,444,86,298,113,101
478: 66,155,98,402,190,227,135,303,473
479: 207,204,232,0,342,85,50,407
480: 891
481: 365,375,255,82,372,466,396,325
482: 225,403,325,350,272,450,331
483: 211,772,731
484: 21,144,244,373,100,278,157,213,165
485: 60,202,322,653,114,117,3,330,140
486: 218,408,406,159,268
487: 78,64,1007,314,313,495,243,352,193,315
488: 568,443,234,274,450,146,768,617
489: 163,345,492,125
490: 363,434,469,324,76,152,248,154
491: 417,40,493,99,167,173,357
492: 489,163,345,334,125,415,270,14
493: 451,239,9,358,153,99,417,491,127
494: 315,394,247,78,219,105,438,419,340
495: 243,126,179,655,353,389,238,487,1007
496: 671,347,555,679,376,262,116,97
497: 398,328,141,203,168,158,280,81
498: 191,321,426,209,125,36,258
499: 8,266,878,553,114,337,452
500: 541,707
501: 
502: 833,834
503: 7,413,54,84,680,379
504: 516,738,730,522
505: 
506: 852
507: 1031,1008,231,537,584,823,612
508: 902
509: 835,818
510: 273,75,409,195,275,400
511: 730,870,648,529,690
512: 
513: 
514: 953,740,689,6,361,454
515: 973
516: 504,872,738,945,730
517: 465,178,194,833,681,245
518: 951,674
519: 112,660,470,381,667
520: 861,815,597
521: 792
522: 559,738,504
523: 538,716
524: 1030,646
525: 386
526: 799,579
527: 559
528: 
529: 648,730,511
530: 556,851
531: 987
532: 872,992
533: 181,302,139,787,875
534: 902
535: 638,793,609
536: 
537: 231,138,681,233,178,507,1031
538: 716,523
539: 910
540: 
541: 500,874,745
542: 
543: 1010,558
544: 
545: 56,1026,73,997,236,621
546: 1019,1009,816
547: 335,197
548: 752,880
549: 614
550: 593,867
551: 984,600
552: 185,612,106,448,463,625
553: 145,245,114,4,878,841,499,452
554: 650,903
555: 671,496,6,361,376,454
556: 530,877,851,684
557: 938,919,845
558: 1010,602,986,543
559: 522,738,527,960
560: 253,62,377,442,938,787,875
561: 
562: 684,605
563: 676,585,700
564: 971,847,670
565: 732,1022
566: 672,803,996,724
567: 919
568: 488,443,146,768,617,687,767,119
569: 
570: 
571: 
572: 1012,885
573: 931
574: 734,773
575: 788,827,893
576: 
577: 3,279,330,462,231,138,823,918
578: 1028,619
579: 824,526
580: 930,982
581: 594,744,921,914
582: 
583: 749
584: 801,507,1008,978,612
585: 563,676,725
586: 
587: 4,878,841,916,194,833
588: 854,926,627
999: 874,957,745,1024
590: 924,839,250,393,416,418
591: 
1026: 249,545,441,472,997
593: 550,761
594: 581,610
595: 963,907
596: 839,628
597: 815,520
598: 940,977,808,736
599: 831
600: 649,2,803,551,984
601: 679,376,979,147,265,192
602: 986,558
1030: 524
604: 709,674
605: 562,1032
606: 976,956
607: 236,73,196,374,51,30,837
608: 964,709
609: 645,96,471,858,535
610: 594,916
611: 
612: 552,185,823,507,231,584
613: 890
614: 549
615: 937
616: 
617: 768,470,149,568,488,112,767
618: 890
619: 578
620: 
621: 236,56,320,295,545,74
622: 
623: 1027
624: 703
625: 248,855,552,185,423,106,324,448,770
626: 703
627: 588,716
628: 819,839,180,708,596
629: 963
630: 685,964
631: 975,843
1025: 834
633: 970,899,705
1013: 848,681
635: 959,862
636: 809,804
637: 
638: 535,793,672
639: 785
640: 651
641: 863
642: 
643: 877
644: 
645: 609,96,858,42
646: 675,524
647: 
648: 529,746,511,952
649: 600,989,929,680,2
650: 903,293,554
651: 640
652: 708
653: 145,114,452,117,3,330,202,485
654: 774
655: 87,343,712,179,753,495,126,238,281
656: 900,876,941
657: 844
658: 
659: 
660: 519,115,470,381
661: 718
662: 130,689,953,740
663: 932,820,670,691
664: 
1028: 578
666: 
667: 381,288,137,519
668: 
669: 
670: 820,663,691,971,564
671: 347,496,555,361,376,180
672: 566,638
673: 
674: 604,518
675: 646,755
676: 563,585
677: 
678: 947,756
679: 601,376,265,457,262,496
680: 2,84,240,989,503,649
681: 848,1013,233,517,465,178,537
682: 
683: 927,694
684: 562,556,877
685: 630
686: 74,837
687: 211,348,568,443,119
688: 
689: 702,884,130,662,514,740,6,728
690: 511
691: 663,820,670
692: 
693: 747,911
694: 927,683
695: 949,994
696: 
697: 351,947
698: 
1017: 
700: 563
701: 800
702: 884,689,944,770,130,147
703: 624,626
704: 
705: 633,994
706: 804
707: 500,876
708: 868,652,628
709: 604,964,608
710: 908
711: 
712: 87,343,655,293,856
713: 869,891,742,741,949
1024: 999,745
715: 777
716: 538,627,523
717: 
718: 661
719: 847,820
720: 
721: 
722: 805
723: 
724: 793,996,43,566
725: 585
726: 
727: 1027
728: 6,361,884,689,740
729: 
730: 511,872,504,516,529
731: 858,356,24,772,483
732: 565,852
733: 
734: 574
735: 862
736: 783,598
737: 
738: 1014,945,504,516,559,522
739: 860
740: 514,953,130,662,689,6,728
741: 954,713
742: 869,713,954
743: 849,832
744: 921,919,581,938,37,253
745: 874,999,541,1024
746: 648,973
747: 693,362,988,853
748: 
749: 583,923
750: 783,859,808
751: 923
752: 548
753: 179,935,343,655
754: 797
755: 906,675
756: 678
757: 
758: 873
1029: 874,957
760: 904
761: 798,593
762: 991
763: 74,814
1023: 388,172,226,267,67,471,370
1011: 1016,978,801,968
766: 
767: 119,617,568,112
768: 470,149,617,234,274,146,568,488
769: 208,222,291,898,934,118
770: 448,944,248,855,154,625,702,147
771: 780,863
772: 348,24,731,211,483
773: 574,844
774: 654
775: 922
776: 
777: 715
778: 812
779: 785
780: 771
1009: 546
782: 
783: 750,859,736
784: 788
785: 639,779
786: 
787: 139,86,875,533,560,442,439,113
788: 784,827,575
789: 800,940
1008: 507,1031,233,584
791: 806
792: 521
793: 724,638,535
794: 
795: 
796: 888
797: 754
798: 761
799: 526
800: 789,701
801: 584,1011,463
802: 
803: 286,996,2,600,566
804: 706,809,636
805: 897,722
806: 791
1021: 830,901
808: 977,750,598
809: 636,804
810: 980
811: 
812: 950,778,291
813: 
814: 56,320,295,74,763
815: 597,520
816: 546,945
817: 915
818: 509
819: 839,628,180,347,355,393,416
820: 670,719,663,847,691
821: 867
822: 832
823: 185,612,507,462,231,279,577,918,106
824: 579
825: 881
826: 1010
827: 788,575
828: 920,838
829: 
830: 1021
831: 599
832: 822,743
833: 194,502,4,587,841,517,245
834: 1025,502
835: 890,509
836: 
837: 51,220,30,236,607,74,686
838: 901,968,828,920
839: 819,628,180,393,416,596,590
840: 118,898,353,281,46,323,368
841: 4,587,878,833,266,553
842: 306
843: 631,975
844: 895,657,773
845: 197,557,181
846: 458,476,318,261,29
847: 719,820,564
848: 1013,681,233,1031
849: 743
850: 405,137
851: 556,530
852: 506,732
853: 400,988,747,911
854: 588,926
855: 152,248,154,625,106,324,448,944,770
856: 898,293,87,712,281,46
1012: 572
858: 731,356,172,609,645,96
859: 783,750
860: 739
861: 520
862: 959,635,735
863: 641,771
864: 119
865: 
1032: 915,605
867: 821,550
868: 454,708
869: 891,742,713,954
870: 511
871: 
872: 532,516,730
873: 758
874: 999,957,745,1029,541
875: 139,787,533,560,442
876: 967,707,656
877: 556,684,643
878: 4,587,841,8,499,266,553
879: 917,976
880: 548
881: 825
882: 
883: 
884: 702,689,130,147,728
885: 572
886: 
887: 928
888: 796
889: 995
890: 613,618,835
891: 869,713,480,949
892: 937
893: 575
894: 
895: 844,962
896: 
897: 805
898: 856,118,840,769
899: 633
900: 656
901: 838,1021,968
902: 508,534
903: 650,293,554
904: 760
905: 
906: 755
907: 917,595
908: 710
909: 926
910: 539
911: 853,693
998: 995,946
913: 
914: 37,104,581
915: 1032,817
916: 610,587
917: 879,907
918: 128,122,423,106,462,3,279,577,185,823
919: 744,921,567,557
920: 828,838
921: 744,919,581
922: 775
923: 751,749
924: 590,362,418,954
925: 
926: 909,941,588,854
927: 683,694
928: 887
929: 989,649
930: 580
931: 573
932: 663
933: 
934: 291,769
935: 335,259,753
936: 318,261,306
937: 892,615
938: 557,744,37,253,560
939: 
940: 598,977,789
941: 656,926
1027: 623,727
1007: 78,487,495,243,353,389,315
944: 448,770,463,855,702,147
945: 738,1014,816,516
946: 998
947: 678,697
948: 264,267,67,431,460,256,413,379,312
949: 891,713,695
950: 812,222,291
951: 518
952: 648
953: 514,740,662
954: 741,924,869,742
955: 
956: 976,606
957: 874,999,1029
958: 966
959: 862,635
960: 559
961: 1015
962: 895
963: 595,629
964: 608,630,709
965: 
966: 958
967: 876
968: 838,901,1011
1018: 
970: 633
971: 564,670
972: 
973: 746,515
974: 
975: 631,843
976: 879,606,956
977: 808,940,598
978: 584,1011
979: 147,265,152,248,154,434,192,601
980: 810
981: 
982: 580
983: 992
984: 551,600
985: 
986: 602,558
987: 531
988: 362,28,400,853,747
989: 240,929,680,649
990: 
991: 762
992: 983,532
1010: 558,826,543
994: 695,705
995: 998,889
996: 803,286,43,724,566
997: 472,73,61,1026,545,103,441