0: 85,165,204,14,428,270,188,213,242,342,255,207,479,50
1: 82,466,403,407,50,482,396,325,331
2: 84,93,379,7,312,95,948
3: 202,159,485,283,330,279,60,140
4: 104,377,194,266,464,499,245,452,8
5: 210,307,354,366,183,134,40,357,167,304,316,26,422
6: 361,130,147
7: 379,369,413,2,84,93,312
8: 326,276,287,164,4,266,464,162,337,499,452,206
9: 53,358,214,166,155,124,66,282,344,127,239,417,292
10: 59,440,184,227,218,251,473,303,41,160,224,411,166
11: 12,477,175,64,193,17,352,444,455,300,219,49
12: 11,477,175,64,17,300,219,49,131,111,424,123
13: 459,38,297,319,34,18,68,108,438,447,360,289,436,22,338
14: 0,85,165,373,415,270,334,345,492,213,342
15: 45,116,148,252,97,437,161,212,427
16: 420,151,363,434,224,453,433,469,143,385,102
17: 487,171,193,314,352,78,11,12,64,219
18: 68,108,438,414,247,390,360,289,364,13
19: 296,230,121,441,103,156,20,201,301,79
20: 156,447,228,360,289,364,296,230,121,19,68,301,436
21: 373,100,332,144,429,475,38,22,404,157,415,270,213
22: 223,311,436,338,13,475,38,297,319,21,429,489,415,163
23: 29,220,401,27,458
24: 120,146,348,443,274,96,483,119
25: 81,69,285,497,307,474,366,305,316,168,346,141
26: 372,305,316,422,134,40,304,365,210,307,474,5,366
27: 468,458,220,23,31,54,467,191,261,476
28: 391,400,362,273,75,395,418,132
29: 220,23,261
30: 51,374,236,401,73,196
31: 54,205,318,467,191,27,321,48,125,136,241,413
32: 498,209,426,201,310,47,374,468,196,321
33: 308,300,219,315,78,299,64,494,419,340,390
34: 13,475,459,38,297,319,77,108,91,221,229,404,456,332
35: 288,381,199,328,203,410,70
36: 258,125,136,345,492,311,498,209,426,321,489,163,334
37: 197,377,253,464
38: 13,475,459,297,319,34,91,229,22,338,21,332,144,429
39: 199,280,341,409,195,63,497,391,400,273,410
40: 134,357,491,167,99,417,183,304,198,210,5,26,422
41: 160,224,411,433,469,251,10,59,440,184,303,166
42: 388,471,187,386
43: 264,388,370
44: 337,499,245,452,117,283,159,485
45: 15,116,148,186,252,97,437,355,142,427,416
46: 353,323,368,281,293,129,329,367
47: 73,201,310,301,228,374,309,498,32,426,196
48: 258,125,136,336,345,31,205,318,191,241,435
49: 55,294,290,131,111,424,455,11,12,175,72
50: 403,407,479,0,428,481,82,466,255,1
51: 30,236,61,472,74
52: 101,298,254,455,276,164,477,432,406,408,72,131
53: 9,358,214,166,155,160,224,453,411,182,380,292
54: 31,205,318,467,191,468,27,136,476,413
55: 49,294,290,111,190,72,177,402,215,317,189,217
56: 472,351,295,320,756
57: 269,182,385,349,380,235,170,284,387,174,150,65
58: 380,170,183,292,358,214,127,493,417,134,357,491,65
59: 10,440,184,227,392,92,60,251,41,224,411,469
60: 92,128,140,3,202,268,322,392,279,59,440,184
61: 441,472,295,73,201,301,79,51,374,236
62: 302,86,113,439,442,83,253
63: 81,69,285,497,71,195,141,273,39,280,341
64: 11,12,175,193,17,78,33,308,300,219,424
65: 174,150,333,57,380,235,170,183,58,134,357,210,354
66: 473,135,402,98,303,478,190,227,282,317,344,9,166,155,124
67: 232,449,378,267,256,226,383,471,370
68: 18,108,438,447,20,360,289,364,13,459,297,319,338
69: 63,81,285,25,333,216,307,354,474,366,237,71,195
70: 137,405,199,409,275,288,35
71: 237,75,195,427,161,216,354,474,63,81,69,285,273,341
72: 432,478,406,408,52,455,49,55,290,131,190,135,402
73: 201,310,301,79,47,441,61,30,374,236
74: 756,51
75: 237,71,195,395,427,252,285,28,273,341
76: 92,128,140,251,184,397,363,490,248,469
77: 107,177,390,263,108,438,91,217,459,319,34
78: 243,1007,315,487,193,313,17,299,64,33,219
79: 73,201,301,19,441,61,103,295,156,236
80: 158,384,328,203,149,398,94
81: 63,69,285,497,25,474,366,71,346,141
82: 481,466,375,255,1,278,428,372,403,50,396
83: 253,464,162,442,62,113,439,326,164,298
84: 2,93,286,240,7,948
85: 0,165,204,14,428,270,334,345,435,242,342,479,260
86: 62,302,113,139,181,109,171,193,314
87: 343,281,371
88: 296,230,105,121,368,329,367,327,103
89: 278,188,484,213,110,404,157,399,244,100,144,365,198,246,173
90: 441,103,359,222,327,249,295
91: 461,217,221,229,77,263,446,459,38,319,34,456
92: 76,128,60,140,251,392,59,184,397,490
93: 2,84,286,318,467,240,7,413
94: 211,470,80,203,149,381,112
95: 948,2,264,312
96: 386,172,483,24,348
97: 284,437,387,265,143,347,457,496,355,45,15,116
98: 66,473,135,402,303,486,268,218,432,478,406,408,440,227
99: 127,239,451,493,417,153,399,200,244,421,40,491,167,198
100: 21,373,332,144,429,404,157,244,270,173,188,484,89,213,110
101: 298,52,254,444,455,439,352,326,477,175,131
102: 269,143,385,349,453,433,420,151,16,265,284
103: 441,90,327,88,296,121,19,301,79
104: 4,377,194,266,452
105: 88,296,230,121,368,367,414,133
106: 185,152,324,448
107: 77,123,177,390,263,308,247,108,438,459
108: 18,68,438,77,107,263,360,13,459,297,319,34
109: 259,335,425,139,181,302,86,171,313
110: 278,188,484,89,157,100,365,198,246,173,422,481,255
111: 49,55,294,290,131,424,12,123,177,189,217
112: 115,381,203,211,382,94
113: 62,302,86,439,181,83,171,314,352,298,444
114: 465,194,245,452,117
115: 288,381,112,382
116: 45,15,186,347,97,284,437,355,142
117: 44,245,452,114,178,283,330,159,485
118: 129,329,367,293,208,291,359,327
119: 274,24,443,211,488,470
120: 24,146,348,443,430,225,450,172
121: 88,296,230,105,19,414,103,156,447,20,289,364,301
122: 463,279,462,138,128,140,324,397
123: 107,177,390,263,12,308,300,419,294,111,424,438
124: 9,214,166,155,66,402,215,282,317,344,127,239,153
125: 36,258,48,136,336,492,498,209,426,321,31,191
126: 179,277,259,335,313
127: 99,239,451,493,417,153,282,9,358,214,155,124,58,491
128: 92,76,60,140,463,122,279,397,248
129: 118,329,367,293,208,46,368,359
130: 262,147,448,152,6
131: 49,290,111,190,101,52,455,12,477,175,432,478,72
132: 418,416,148,252,395,28,362,273
133: 414,494,340,323,394,368,367,230,105
134: 40,357,491,167,170,183,58,304,333,65,210,307,354,5,26
135: 66,473,402,98,303,486,478,408,72,190,227,317,344
136: 36,258,48,125,498,468,321,31,54,205,318,191
137: 70,405,275,288
138: 145,233,330,122,279,462
139: 181,442,109,425,302,86
140: 92,76,128,60,330,3,202,392,122,279,184
141: 168,346,305,63,81,285,497,25,280,158,384
142: 355,480,393,45,116,186,250
143: 269,385,349,102,445,151,16,265,457,496,97,284,387
144: 21,373,100,332,429,229,475,38,404,157,456,244,484,89
145: 138,283,233,330,178,231,279
146: 24,120,443,482,225,450,234,274
147: 262,130,448,192,445,361,6,376
148: 45,15,186,252,395,132,416
149: 234,274,398,80,384,203,94,470
150: 174,161,333,216,212,65,57,235,170,387,210,354
151: 192,420,445,16,265,363,434,143,385,102,457,496
152: 169,324,106,248,262,130,448,154
153: 99,127,239,451,493,446,215,282,344,461,221,124,200,456,421
154: 262,448,169,152,324,434,248,192,420
155: 9,53,214,166,124,66,473,402,303,344,411,127
156: 447,20,228,360,289,121,19,201,310,301,79,436
157: 404,399,200,456,244,21,100,332,144,173,484,89,110
158: 80,384,328,410,497,168,346,141,280
159: 3,202,485,337,499,44,117,287,206,268,322
160: 41,224,453,411,433,469,10,303,53,214,166,182,385
161: 174,150,333,216,212,354,15,237,71,427
162: 266,83,253,464,439,499,8,326,287,164,298,254
163: 489,415,334,475,223,311,22,338,209,373,429,36,492
164: 8,326,276,287,83,162,499,298,52,254,206,339,406
165: 0,85,204,14,428,373,270,334,188,484,213,342
166: 9,53,358,214,155,124,10,66,473,303,41,160,411,292
167: 134,40,357,491,99,451,493,417,399,200,304,365,198,173,5
168: 350,346,141,305,271,497,25,272,158,384,328,398
169: 152,324,397,434,248,154
170: 380,235,183,58,292,358,182,57,134,357,150,65
171: 487,193,313,314,17,352,181,335,109,86,113
172: 96,386,483,430,187,226,356,120,348
173: 304,365,198,246,157,399,200,244,100,167,278,484,89,110
174: 150,161,333,212,65,349,57,235,284,437,387
175: 11,12,477,64,352,101,455,49,290,131,424
176: 249,291,222
177: 77,107,123,390,263,300,55,294,111,424,189,217
178: 465,117,231,145,283
179: 126,277,495,371,343,238
180: 347,457,496,361,454,376,355,393
181: 139,442,259,335,109,425,302,86,113,171
182: 269,385,57,160,453,433,53,214,380,170,292
183: 380,235,170,58,292,417,134,40,357,491,333,65,210,5
184: 10,59,440,202,268,218,392,92,76,60,140,251,41
185: 106,423,728,463,324
186: 45,116,148,355,142,250,416
187: 226,356,430,42,471,386,172
188: 278,484,89,213,110,100,270,0,165,428,481,255
189: 446,215,282,317,344,55,294,290,111,190,177,263,461,217
190: 55,290,131,432,478,408,72,66,135,402,317,344,189
191: 31,54,318,468,27,458,321,48,125,136,476
192: 420,445,151,265,434,262,147,154,376
193: 487,171,313,314,17,352,86,78,11,64
194: 104,4,114,245,452
195: 237,71,75,395,63,69,285,391,273,39,341
196: 468,458,321,47,30,374,401,32
197: 37,969,442,253
198: 304,365,246,173,99,399,200,244,40,491,167,89,110,422
199: 39,280,409,410,275,70,35
200: 404,157,399,456,244,421,221,99,451,493,153,167,198,173
201: 73,310,301,79,47,19,61,156,228,374,32,426
202: 3,159,485,206,268,322,392,60,140,184
203: 80,384,328,410,149,381,112,35,94
204: 0,85,165,428,257,435,242,342,207,407,479,449,260
205: 31,54,318,48,136,336,241,431,369,413
206: 486,268,322,339,337,499,8,276,287,164,202,159
207: 378,403,407,479,0,204,257,242,449,260,331,383
208: 293,291,118,129,329
209: 498,32,426,310,223,311,436,309,489,163,36,125,492
210: 307,354,474,5,183,134,40,357,150,333,216,65,26
211: 382,488,94,470,112,119
212: 174,150,161,437,387,15,237,427
213: 278,188,484,89,21,373,100,270,0,165,14,428
214: 9,53,358,166,155,124,160,411,127,417,182,58,292
215: 446,282,317,344,189,55,402,461,217,124,239,153,421
216: 150,161,333,210,354,474,237,71,427,69,285
217: 91,461,221,55,294,111,77,177,263,446,215,189
218: 486,268,322,339,392,408,10,440,184,227,473,98
219: 33,308,300,487,17,315,78,11,12,64,340
220: 29,23,27,458,261,476
221: 91,461,217,229,446,34,153,404,200,456,421
222: 359,327,329,176,249,90
223: 311,436,309,22,338,228,360,475,297,209,429,489,415,163
224: 41,160,453,411,433,469,251,10,59,363,490,53,16,385
225: 430,325,450,412,331,482,356,120,146
226: 187,356,383,67,430,412,471,172
227: 10,59,440,486,268,218,408,66,473,135,98,303,411
228: 156,447,20,360,201,310,301,47,223,311,436,309,426
229: 91,461,221,475,459,38,319,34,404,456,421,332,144
230: 88,296,105,121,19,414,133,20,289,364
231: 178,145,283,233
232: 67,449,260,257,431,460,267,256
233: 145,138,330,231,855,462
234: 149,274,398,482,272,450,146,443
235: 380,170,183,292,269,57,387,174,150,333,65
236: 30,51,374,61,472,295,73,79
237: 71,75,195,427,161,333,216,212,354,252,69,285
238: 343,281,179,495,371,243,1007,389,353,323,299
239: 99,127,451,493,417,153,446,215,282,344,9,358,124,421
240: 306,261,476,467,84,93,286
241: 257,435,242,431,342,258,48,336,345,31,205,369,413,460
242: 257,241,435,431,342,336,0,85,204,207,260
243: 1007,315,389,78,335,277,495,238,487,313
244: 404,157,399,200,456,421,99,451,100,144,198,173,89
245: 499,44,452,117,4,194,465,114,283
246: 304,365,198,173,278,484,89,110,372,316,422,481,375,255
247: 414,494,419,308,107,390,18,438,364
248: 363,490,434,76,128,169,152,324,397,154
249: 176,222,90,351,295
250: 480,142,186,416
251: 92,76,10,59,184,363,490,41,224,469
252: 45,15,148,237,75,395,427,132
253: 83,464,162,197,37,442,377,62,302,439
254: 101,298,52,444,455,162,439,326,276,287,164,432,406
255: 481,82,375,246,278,188,484,110,0,428,403,479,50
256: 267,264,312,257,379,369,460,67,232,370
257: 241,435,242,431,204,369,460,207,232,449,260,256
258: 36,48,125,136,336,345,492,498,489,334,241,342
259: 335,109,425,181,126,277,313
260: 232,449,85,204,257,435,242,431,207,378,407,479
261: 240,306,476,27,29,220,467
262: 130,147,448,154,152,434,192,445,376
263: 77,107,123,177,294,108,438,189,91,461,217,459
264: 267,256,312,95,388,370,43
265: 192,420,445,151,143,349,102,376,347,457,496,97,284
266: 464,162,104,4,377,499,452,8
267: 256,264,312,460,67,232,471,370
268: 486,206,322,339,218,392,202,159,406,60,440,184,227,98
269: 182,143,385,349,57,102,453,433,380,235,292,387
270: 415,334,21,373,100,429,188,213,0,85,165,14
271: 372,305,316,466,375,168,350,346,396
272: 482,396,168,350,384,234,398
273: 28,391,362,71,75,195,395,63,132,39,341
274: 234,149,398,24,146,443,470,119
275: 400,199,409,70,137,405
276: 8,326,287,164,52,254,486,206,339,432,406
277: 126,179,495,259,335,487,313,243
278: 188,484,89,213,110,365,246,173,428,372,481,82,375,255
279: 122,462,145,138,330,3,128,60,140
280: 39,199,341,63,285,497,141,158,328,410
281: 87,343,238,293,46,353
282: 446,215,317,344,189,66,402,9,124,127,239,451,153,421
283: 145,330,178,44,245,117,3,485
284: 97,437,387,265,143,349,57,102,347,457,174,116
285: 63,81,69,497,25,216,474,237,71,75,195,141,280,341
286: 84,93,240,306
287: 8,276,164,162,337,499,254,159,206,322,339
288: 115,381,35,70,137
289: 156,447,20,360,364,414,230,121,18,68,13,436,338
290: 49,55,294,131,111,190,424,175,478,72,317,189
291: 208,118,329,359,222,176
292: 380,235,170,183,58,453,9,53,358,214,166,417,269,182
293: 208,281,46,353,118,129
294: 49,55,290,111,424,123,177,263,317,189,461,217
295: 472,56,351,249,441,61,90,79,236
296: 88,230,105,121,19,367,327,103,20,364
297: 13,475,459,38,319,34,68,108,360,223,436,22,338,332,429
298: 101,52,254,444,83,162,113,439,326,164,477
299: 353,323,394,495,238,1007,315,389,78,33,340
300: 33,308,219,11,12,64,419,424,123,177,390
301: 73,201,310,79,47,121,19,441,61,103,156,20,228
302: 62,86,113,439,139,181,442,109,253,314
303: 66,473,135,98,10,440,227,41,160,411,166,155
304: 365,198,246,173,399,134,40,491,167,5,372,316,26,422
305: 372,316,26,271,474,366,375,25,168,350,346,141
306: 240,261,476,286
307: 210,354,474,5,366,134,333,316,26,69,25
308: 33,300,219,64,494,419,340,247,424,107,123,390
309: 223,311,436,447,228,310,47,498,209,426,489
310: 73,201,301,47,156,447,228,436,309,32,209,426
311: 223,436,309,22,338,228,498,209,426,489,163,36,492
312: 267,256,264,379,7,2,95
313: 487,171,193,259,335,109,126,277,495,243,78
314: 487,171,193,17,352,302,86,113,439,444,477
315: 243,1007,389,78,394,299,33,219,340
316: 372,305,26,271,422,304,246,307,5,366,375,25,346
317: 446,215,282,344,189,478,55,294,290,190,66,135,402,124
318: 31,54,205,467,191,48,136,476,413,93
319: 13,475,459,38,297,34,77,68,108,360,91,229,22,338,332
320: 56,351,756
321: 468,196,498,32,426,36,125,136,31,191
322: 486,206,268,339,218,392,337,287,202,159,485,60
323: 46,353,394,299,368,238,389,133,340
324: 169,152,397,423,463,122,185,106,248,154
325: 225,450,412,331,1,403,407,482,396
326: 8,276,164,83,162,439,101,298,254,444
327: 359,222,118,329,367,88,296,90,103
328: 158,80,384,203,410,497,168,280,398,35
329: 118,129,367,208,46,368,359,222,327,88
330: 145,138,283,233,117,3,485,279,140
331: 225,325,450,412,1,207,378,403,407,383
332: 21,373,100,144,429,229,475,38,297,319,34,404,157,456
333: 174,150,161,216,65,235,183,134,210,307,354,237,69
334: 489,415,163,270,373,429,36,258,336,345,492,85,165,14,342
335: 259,109,425,181,126,277,487,171,313,243
336: 258,48,125,345,492,334,205,241,435,242,431,342
337: 499,44,452,8,287,159,485,206,322
338: 223,311,436,22,68,447,360,289,13,475,38,297,319,163
339: 486,206,268,322,218,392,276,287,164,406,408
340: 133,494,419,315,323,394,299,33,308,219
341: 39,280,409,71,75,195,63,285,497,391,273
342: 241,435,242,431,334,258,336,345,492,0,85,165,204,14
343: 87,281,238,179,495,371,389,353
344: 215,282,317,189,190,66,473,135,402,9,155,124,239,153
345: 36,258,48,336,492,489,415,334,85,14,241,435,342
346: 168,350,141,366,305,316,271,81,25,158
347: 180,457,496,265,97,284,355,393,116
348: 24,120,443,430,96,172,483
349: 269,143,385,57,102,265,380,457,284,387,174
350: 168,346,305,271,466,482,272,396,384,398
351: 472,56,295,320,249
352: 171,193,314,17,113,101,444,11,477,175
353: 46,323,299,343,281,238,293,389
354: 210,307,474,5,366,134,150,161,333,216,65,237,71,69
355: 480,142,393,347,180,457,97,45,116,186
356: 187,226,383,378,430,225,412,172
357: 134,40,491,167,358,493,417,170,183,58,65,210,5
358: 9,53,214,166,127,239,493,417,170,58,292,357,491
359: 222,327,118,129,329,90
360: 156,447,20,228,289,364,18,68,108,13,297,319,223,436,338
361: 6,454,376,147,180,496
362: 28,391,400,273,418,132
363: 490,434,248,76,251,224,433,469,420,151,16,385
364: 447,20,360,289,414,247,296,230,121,18,68
365: 304,198,246,173,399,167,278,89,110,372,26,422,481
366: 307,354,474,5,305,316,26,422,81,69,25,346
367: 118,129,329,46,368,327,133,88,296,105
368: 46,323,394,129,329,367,133,88,105
369: 379,7,413,460,205,257,241,431,256
370: 388,471,67,267,256,264,43
371: 179,87,343,238
372: 305,316,26,271,422,304,365,246,278,481,82,375
373: 21,100,332,144,429,475,415,163,270,334,484,213,165,14
374: 30,236,401,61,73,201,47,32,196
375: 481,82,466,255,246,278,372,305,316,271,422,396
376: 361,454,262,147,192,445,265,180,496
377: 104,4,37,266,253,464
378: 207,407,479,67,449,260,412,331,356,383
379: 7,369,413,460,431,2,256,312
380: 235,170,183,58,292,453,53,269,182,349,57,65
381: 288,115,112,35,203,382,94
382: 211,115,381,112
383: 226,356,207,378,67,449,412,331,471
384: 158,80,328,203,168,350,141,272,149,398
385: 269,182,143,349,57,102,363,160,224,453,433,151,16
386: 96,172,187,42
387: 97,284,437,269,143,349,57,235,457,174,150,212
388: 42,471,370,264,43
389: 243,1007,315,495,343,238,353,323,299
390: 77,107,123,177,33,308,300,494,419,247,18,438
391: 28,400,362,273,195,395,39,341,409
392: 268,322,339,218,202,92,60,140,59,440,184
393: 355,480,142,454,347,180
394: 323,299,368,315,133,494,419,340
395: 75,195,427,148,252,132,28,391,273
396: 482,272,271,82,466,375,1,350,325
397: 169,324,463,122,92,76,128,490,248
398: 234,149,274,168,350,482,272,80,384,328
399: 404,157,200,456,244,99,451,493,491,167,304,365,198,173,89
400: 28,391,362,39,409,275
401: 30,374,468,196,458,23
402: 66,473,135,98,478,72,55,190,215,282,317,344,155,124
403: 207,407,479,50,82,466,255,1,325,331
404: 157,399,200,456,244,421,221,229,34,21,100,332,144,89
405: 70,137,275
406: 432,478,408,72,276,164,52,254,486,268,339,98
407: 207,378,403,479,50,204,1,260,325,412,331
408: 432,478,406,72,52,486,339,218,190,227,473,135,98
409: 39,199,341,391,400,275,70
410: 158,328,203,497,39,199,280,35
411: 41,160,224,453,10,59,227,473,303,53,214,166,155
412: 430,225,325,450,331,378,407,226,356,383
413: 379,7,369,31,54,205,318,467,241,93
414: 133,494,419,247,230,105,121,18,289,364
415: 489,163,270,334,475,223,22,21,373,429,345,492,14
416: 418,132,45,148,186,250
417: 99,127,239,493,9,358,214,183,58,292,40,357,491,167
418: 132,416,28,362
419: 414,494,340,247,394,33,308,300,123,390,438
420: 192,445,151,16,265,363,434,433,154,102
421: 404,200,456,244,446,215,282,461,221,229,99,239,451,153
422: 372,316,26,40,304,365,198,246,110,5,366,481,375
423: 728,463,462,185,324
424: 49,294,290,111,12,175,64,308,300,123,177
425: 259,335,109,139,181
426: 498,32,209,228,201,310,47,311,309,321,36,125
427: 237,71,75,395,437,161,216,212,45,15,252
428: 0,85,165,204,278,188,484,213,481,82,255,479,50
429: 21,373,100,332,144,475,38,297,223,22,489,415,163,270,334
430: 225,450,412,187,226,356,120,348,172
431: 257,241,435,242,342,336,205,379,369,460,232,260
432: 478,406,408,72,276,52,254,455,486,131,190,98
433: 41,160,224,453,469,363,490,420,16,269,182,385,102
434: 363,490,248,169,262,154,192,420,151,16
435: 257,241,242,431,342,48,336,345,85,204,460,260
436: 223,311,309,22,338,156,447,20,228,360,289,310,13,297,209
437: 97,284,387,457,174,212,45,15,116,427
438: 18,68,108,419,247,77,107,123,390,263,13,459
439: 62,302,113,83,253,162,314,326,101,298,254,444
440: 10,59,184,227,268,218,392,60,473,98,303,41
441: 61,90,103,19,295,73,301,79
442: 139,181,197,83,253,62,302
443: 24,120,146,348,450,234,274,470,119
444: 101,298,254,455,113,439,314,352,326,11,477
445: 192,420,151,265,262,147,143,376,457,496
446: 215,282,317,189,91,461,217,221,239,451,153,456,421
447: 156,20,228,360,289,364,121,68,310,13,436,309,338
448: 262,130,147,154,106,152
449: 67,232,260,204,257,207,378,383
450: 430,225,325,412,331,482,234,120,146,443
451: 99,127,239,493,153,446,282,399,200,456,244,421,491,167
452: 337,499,44,245,117,104,4,194,266,114,8
453: 160,224,411,433,469,53,16,269,182,385,102,380,292
454: 361,376,180,393
455: 101,52,254,444,11,477,175,432,72,49,131
456: 404,157,399,200,244,421,446,91,461,221,229,34,451,153,332,144
457: 347,180,496,445,151,265,143,349,97,284,437,387,355
458: 468,27,196,401,220,23,191
459: 13,38,297,319,34,77,107,263,68,108,438,91,229
460: 379,369,257,241,435,431,232,267,256
461: 91,217,221,229,294,263,446,215,189,153,456,421
462: 463,122,279,138,233,423
463: 122,462,423,128,185,324,397
464: 266,83,253,162,37,4,377,8
465: 114,178,245
466: 481,82,375,1,271,403,50,350,396
467: 31,54,318,27,240,261,476,413,93
468: 27,196,458,321,401,32,136,54,191
469: 41,160,224,453,433,76,251,59,363,490,16
470: 211,488,94,149,274,443,119
471: 42,388,370,67,267,187,226,383
472: 56,351,295,61,51,236
473: 66,135,402,98,303,218,478,408,10,440,227,344,411,166,155
474: 210,307,354,366,216,305,26,71,81,69,285,25
475: 38,297,319,34,229,223,22,338,21,373,332,144,429,415,163
476: 240,306,261,27,220,54,318,467,191
477: 11,12,175,314,352,101,298,52,444,455,131
478: 432,406,408,72,486,290,131,190,66,473,135,402,98,317
479: 207,378,403,407,50,0,85,204,428,255,260
480: 355,142,393,250
481: 82,466,375,255,365,246,278,188,110,428,372,422,50
482: 272,396,1,350,225,325,450,234,398,146
483: 96,172,24,348
484: 278,188,89,213,110,157,373,100,144,246,173,165,428,255
485: 3,202,159,337,44,117,283,330,322
486: 206,268,322,339,218,276,432,478,406,408,227,135,98
487: 171,193,313,314,17,335,277,243,78,219
488: 211,470,119
489: 415,163,334,223,311,309,22,209,429,36,258,345,492
490: 363,434,248,92,76,251,397,224,433,469
491: 134,40,357,167,358,99,127,451,493,417,399,183,58,304,198
492: 36,258,125,336,345,311,209,489,415,163,334,14,342
493: 99,127,239,451,417,153,358,399,200,58,357,491,167
494: 414,133,419,340,247,394,33,308,390
495: 179,277,343,238,313,243,1007,389,299
496: 347,180,457,445,151,265,143,361,376,97
497: 63,81,285,25,168,141,39,280,341,158,328,410
498: 32,209,426,47,311,309,321,36,258,125,136
499: 337,44,245,452,4,266,162,8,287,164,159,206
500: 696,937,704,967
501: 773
502: 916,648
503: 793,724
504: 532,802
505: 889,621,611
506: 848,732,517
507: 823
508: 619,976,866,891
509: 636,829,795
510: 
511: 875,581,522,921,744,916
512: 957,735,558
513: 872
514: 671,979,679
515: 577
516: 942,532,965,816
517: 506,681
518: 
519: 851,862
520: 677,621
521: 828
522: 921,529,610,744,958,511
523: 627,574
524: 934,603,808,903
525: 877
526: 800
527: 960,721
528: 
529: 610,522,744,958
530: 877
531: 897,533,560,938
532: 546,504,942,516
533: 567,753,897,531
534: 747,891,596
535: 551,672,996
536: 764,738,565,765,942
537: 884,689
538: 962,665
539: 752,659
540: 757
541: 549,704,967,707
542: 605,986,993
543: 716
544: 927
545: 678,947,697
546: 532,764,882,942
547: 557,807,938,594
548: 955
549: 704,876,810,616,541
550: 600,990
551: 535,672,996,871,883
552: 968,740
553: 841
554: 
555: 601,920,708
556: 617,768,858,817
557: 567,744,581,547
558: 781,735,512
559: 
560: 938,897,531,845
561: 
562: 772,858,817
563: 964
564: 719
565: 738,536,765
566: 645,948
567: 557,533,690
568: 864,731
569: 838,662,901
570: 641,774,760,994,863
571: 908
572: 867,670
573: 
574: 627,523,605
575: 580,930
576: 811
577: 515
578: 695,742,727
579: 737
580: 575,784,893
581: 875,807,511,744,557
582: 
583: 
584: 608,823
585: 923,887,647
586: 609,831,886
587: 746,610,748
588: 794,909
999: 900,933,915,941
590: 693
591: 684,687
592: 947
593: 818,761,821
594: 969,547,938
595: 659,868,879,899
596: 534,747,695
597: 637,861,703
598: 646
599: 913,772
600: 550,649
601: 708,555
602: 
603: 736,808,524
604: 923
605: 986,542,574
606: 869,879,899,797
607: 950
608: 584,653
609: 586
610: 529,748,587,522
611: 621,505
612: 709,702,968
613: 786
614: 742
615: 902
616: 810,954,549
617: 556,768,851,858
618: 890
619: 713,976,924,508,866
620: 717,760,994
621: 520,611,505
622: 
623: 
624: 881
625: 770
626: 
627: 523,574
628: 979
629: 819,920,708,839
630: 
631: 975
632: 
633: 863,866,713,760
634: 788,796,930,673,762
635: 790,779
636: 509,890
637: 597
638: 
639: 779
640: 
641: 570,774
642: 894,972
643: 826,817,962
644: 930,796,982
645: 566,948,680
646: 940,650,598
647: 887,749,923,585
648: 502,914,952
649: 803,600
650: 646,940
651: 
652: 662,801
653: 608
654: 956,924,869
655: 
656: 785
657: 844,971,895
658: 767
659: 595,539,917
660: 874,767,745
661: 753
662: 652,569,838,901
663: 782,847
664: 990
665: 962,684,538
666: 771,970
667: 794
668: 832,912,758
669: 718,870,987,730
670: 836,572
671: 514,679
672: 551,535,883
673: 634,796,982
674: 751,828
675: 755,692,800,906
676: 857
677: 995,520
678: 545
679: 979,671,514
680: 645
681: 517
682: 799,825
683: 694
684: 591,687,665
685: 830
686: 824
687: 684,591
688: 715
689: 537,884
690: 567
691: 831,985
692: 675
693: 988,790
694: 750,683
695: 596,578
696: 500,937
697: 545
698: 887,720
699: 789,991
700: 
701: 906,759
702: 968,612
703: 861,597
704: 549,876,541,500,967
705: 891,780
706: 822,837
707: 967,541,900
708: 920,868,601,555,629
709: 612,770
710: 946
711: 
712: 
713: 619,976,760,633,866
714: 819
715: 688,836
716: 543
717: 797,620,760
718: 669
719: 564
720: 887,749,698,953
721: 960,527,852
722: 859
723: 811
724: 996,503
725: 
726: 730
727: 578,911
728: 855,423,918,185
729: 873
730: 987,669,726
731: 864,568
732: 506
733: 
734: 993
735: 957,512,794,558
736: 603
737: 579
738: 536,565
739: 945
740: 552,963
741: 
742: 578,614
743: 849,809
744: 958,529,522,557,581,511
745: 660,874
746: 587
747: 534,596
748: 610,587
749: 887,720,647,953
750: 694,859
751: 674,828
752: 907,539
753: 661,533,897,966
754: 896
755: 675,800,906
756: 320,56,74
757: 540
758: 804,668,912
759: 906,701,800,812
760: 994,717,620,713,633,570,774
761: 818,593
762: 634
763: 814
764: 536,925,791,882,546
765: 942,536,565,965
766: 843
767: 658,660
768: 617,556,862
769: 
770: 625,709
771: 970,994,666,774
772: 562,599
773: 501
774: 570,641,771,760,994
775: 983
776: 
777: 894,885
778: 946,824
779: 635
780: 705
781: 558,854,986
782: 663
783: 991,789
784: 977,893,580
785: 656
786: 613
787: 875,807
788: 634,827,930
789: 903,699,783,991
790: 635,988,693
791: 882,764
792: 
793: 503
794: 588,667,735
795: 829,509
796: 634,644,930,982,673
797: 717,606
798: 974,984
799: 682,825
800: 526,675,755,906,759
801: 652
802: 872,504
803: 649,865,936
804: 758,912,998
805: 845,966
806: 925,983
807: 875,787,581,547
808: 603,934,524
809: 849,743,905,936
810: 616,954,549,876
811: 723,576
812: 759
813: 
814: 763
815: 837,998
816: 965,516,973
817: 826,643,556,562
818: 761,593
819: 629,714
820: 885
821: 593,932
822: 706,865
823: 944,584,507
824: 861,778,686
825: 682,799
826: 643,817
827: 788
828: 521,751,674
829: 795,832,509
830: 685
831: 691,883,586,886
832: 668,829
833: 878,834
834: 878,914,833
835: 
836: 985,670,715
837: 815,929,706
838: 569,662,901
839: 879,920,868,629
840: 898
841: 878,553
842: 
843: 766
844: 657,971,895,939
845: 805,966,897,560
846: 998,912,849,905
847: 663
848: 506,952
849: 743,846,905,809
850: 
851: 519,617
852: 721
853: 
854: 781,986
855: 728,233,918
856: 
857: 676
858: 562,617,556
859: 722,750
860: 
861: 824,597,703
862: 519,874,768
863: 633,570
864: 731,568
865: 905,936,822,803
866: 633,619,713,976,508
867: 572
868: 920,708,910,595,839
869: 606,879,654,956,924
870: 987,669
871: 996,551
872: 992,513,987,802
873: 729
874: 660,862,745,957
875: 787,581,807,511,916
876: 549,704,954,810
877: 530,525
878: 834,833,841
879: 839,595,899,869,606
880: 981
881: 624
882: 791,764,546
883: 551,672,831
884: 537,689,963,978
885: 777,820
886: 586,831
887: 720,749,647,585,698
888: 908
889: 505
890: 618,636
891: 705,508,534
892: 
893: 784,977,580,991
894: 642,972,777
895: 657,844,971
896: 754
897: 531,753,533,845,966,560
898: 840
899: 917,595,879,606
900: 999,933,707,941
901: 569,838,662
902: 
903: 789,524
904: 
905: 865,936,846,849,809
906: 759,701,800,675,755
907: 752
908: 888,940,571
909: 588
910: 928,920,868
911: 695,727
912: 668,758,804,846
913: 599
914: 952,648,834
915: 999
916: 502,921,875,511
917: 899,659
918: 944,855,728
919: 
920: 708,868,910,555,839,629
921: 522,916,511
922: 945
923: 585,604,647
924: 654,869,619,976
925: 806,764
926: 
927: 544
928: 910
929: 837
930: 644,575,634,788,796
931: 
932: 821
933: 999,900,941
934: 524,808
935: 
936: 865,905,809,803
937: 980,696,500
938: 560,531,547,594
939: 844
940: 646,650,908
941: 999,900,933
942: 765,516,536,532,546,965
1007: 243,315,389,78,495,238,299
944: 823,918
945: 922,739
946: 778,710
947: 997,592,545
948: 95,2,84,645,566
949: 
950: 607
951: 
952: 914,848,648
953: 720,749
954: 810,616,876
955: 548
956: 654,869
957: 735,512,874
958: 744,529,522
959: 
960: 527,721
961: 
962: 665,643,538
963: 978,740,884
964: 563
965: 816,765,942,516
966: 845,805,753,897
967: 707,704,541,500
968: 702,612,552
969: 594,197
970: 771,981,666
971: 657,844,895
972: 642,894
973: 816
974: 798,984
975: 631
976: 619,713,924,508,866
977: 784,893
978: 963,884
979: 679,628,514
980: 937
981: 970,880
982: 644,796,673
983: 775,806
984: 989,798,974
985: 836,691
986: 605,542,781,854
987: 870,872,669,730
988: 693,790
989: 984
990: 664,550
991: 783,699,893,789
992: 872
993: 542,734
994: 760,620,771,570,774
995: 677
996: 724,871,551,535
997: 947
998: 846,804,815