0: 85,165,204,14,428,270,188,255,342,242,50,207,479
1: 82,466,375,50,403,407,331,396,482,325
2: 84,93,379,7,413,312,95
3: 202,159,485,283,330,322,138,128,279,140,60
4: 104,464,377,194,245,452,499,266
5: 40,357,167,134,304,198,422,210,307,354,474,366,26
6: 361,376,262,130,147
7: 379,369,413,318,84,93,2,256,312
8: 162,266,287,164,276,464,337,452,499,254,326,206,339
9: 53,358,214,166,66,155,282,344,127,239,493,417,124
10: 59,440,218,227,184,251,473,98,303,41,160,224,411,166
11: 12,17,175,352,477,64,487,193,314,101,444,455,219,300,49
12: 11,17,175,477,64,308,219,300,424,49,290,131,111,123
13: 38,297,319,459,18,68,289,438,108,447,20,360,436,338
14: 0,85,165,204,428,345,415,270,334,492,336,188,213,342,242
15: 45,116,148,186,252,97,284,437,212,427,355,237
16: 192,420,151,265,363,434,469,433,453,269,102,385,349
17: 11,12,175,352,477,64,487,193,243,315,78,219,300
18: 68,289,438,108,247,414,494,230,20,364,13
19: 61,103,441,296,156,121,201,301,79
20: 156,447,228,121,364,360,18,68,289,301,13,436
21: 89,100,429,144,332,373,475,38,22,404,157,415,213
22: 223,311,436,338,475,38,297,21,429,373,415,163,489
23: 29,220,401,468,27,458
24: 120,483,348,443,119,96
25: 305,316,26,271,307,474,366,81,168,346,141
26: 25,305,316,372,5,40,304,365,198,422,307,366
27: 468,458,321,220,23,136,54,31,191,476
28: 391,400,362,273,148,252,75,195,395,132,341
29: 220,23,261,476
30: 401,374,236,51,73,74
31: 467,54,205,318,191,321,27,48,125,136,476,241
32: 321,209,426,498,310,47,468,196,458,125,136,191
33: 308,419,219,300,424,340,315,78,299,64,494,394,390
34: 475,38,297,319,459,77,263,108,91,461,221,229,404,456,332
35: 328,203,199,410,70,288,381
36: 258,48,125,136,223,311,321,209,426,498,163,489,492
37: 253,464,377,197,442,104,62
38: 13,475,34,297,319,459,108,91,229,22,338,404,21,429,144,332
39: 199,280,341,410,63,391,400,273,70,409
40: 5,357,491,167,134,99,417,183,304,198,210,307,26
41: 160,224,469,411,433,92,251,10,59,440,184,303,490,166
42: 388,471,187,386
43: 388,370,264,95
44: 337,245,452,117,499,114,287,283,202,159,485,206
45: 15,116,148,186,252,437,142,355,395,416
46: 353,323,238,368,281,129,329,367,394,105
47: 73,201,310,301,374,32,426,196
48: 36,258,125,136,336,321,492,205,31,191,241,435
49: 55,294,290,131,111,72,455,11,12,175,64,300,424,123
50: 1,82,481,278,188,255,0,428,403,407,479
51: 56,472,61,73,30,374,236,74
52: 101,298,254,455,326,164,276,477,432,478,406,408,131,72
53: 9,358,214,166,292,303,155,160,224,411,453,182,380,170,58
54: 467,205,318,31,191,27,220,136,240,476
55: 49,294,290,131,190,111,72,478,177,402,215,317,344,189,217
56: 51,351,472,320,236,74
57: 269,143,385,349,182,380,235,170,284,387,212,174,150
58: 380,235,170,183,53,358,214,292,127,417,182,357,491,134
59: 10,440,218,227,184,392,92,140,251,60,41,224,469,411
60: 92,279,140,3,202,159,268,322,59,440,184,392
61: 19,295,441,51,472,73,201,301,79,236
62: 302,86,113,439,442,139,37,83,253,464,326
63: 81,69,285,497,71,195,273,39,280,341,158
64: 11,12,17,175,352,477,193,78,33,308,219,300,424,49
65: 174,150,161,333,235,170,183,357,134,210,354
66: 473,135,402,98,303,155,190,227,282,317,344,9,214,166,124
67: 232,449,267,260,383,378,370,256,412,226
68: 18,289,438,108,247,414,77,20,364,360,13,319,459
69: 63,81,285,333,216,307,354,474,237,71,195
70: 137,405,409,39,199,410,35,288
71: 237,75,195,161,333,427,216,63,81,69,285,273
72: 49,55,294,290,131,190,52,455,175,432,478,408,135,402,317
73: 201,310,301,79,47,61,51,30,374,236,196
74: 51,56,30,401,236
75: 237,71,195,395,427,148,252,28,273
76: 92,128,279,140,251,122,397,184,169,490,434,248,469
77: 107,123,177,390,263,68,438,108,247,91,461,34,319,459
78: 243,1007,315,495,487,193,313,299,17,64,33,219,300
79: 73,201,301,19,61,103,295,441,156,236
80: 94,328,203,384,272,470,149,274,398
81: 63,69,285,497,474,366,25,71,141
82: 1,466,375,50,481,255,372,403
83: 253,464,442,62,113,439,162,266,164,298,326
84: 286,93,2,467,7,413
85: 0,165,204,14,428,345,270,334,336,257,342,435,242,479,260
86: 62,302,113,439,139,181,109,171,193,314,444,352
87: 343,281,371,293
88: 296,230,105,368,329,367,359,327,103,121
89: 21,100,144,373,404,157,399,244,365,173,246,278,484,110,213
90: 103,295,441,359,222,327,249
91: 461,217,221,229,446,77,263,108,34,38,319,459,456,332
92: 76,128,279,140,251,60,397,59,440,184,490,248,41
93: 286,84,2,467,318,240,7,413
94: 80,203,470,149,381,211,112
95: 2,256,264,312,43
96: 386,430,187,172,24,483,348
97: 284,437,387,212,143,347,457,496,393,355,15,116
98: 66,473,135,402,303,486,268,478,408,10,440,218,227
99: 127,239,451,493,417,399,200,456,244,421,40,357,491,167,198
100: 21,89,429,144,332,373,404,157,415,270,173,188,484,110,213
101: 298,52,254,444,455,326,439,11,175,352,477,432,131
102: 269,143,385,349,433,420,445,151,16,265,457
103: 19,90,295,441,329,327,88,296,121,79
104: 4,37,377,194,266
105: 88,296,230,46,368,329,367,414,133,394
106: 152,185,324,448
107: 77,123,177,390,263,308,424,111,438,108,247,217,459
108: 18,68,289,438,77,107,263,360,91,13,34,38,297,319,459
109: 259,335,181,425,277,86,171,313
110: 278,188,484,213,157,399,89,100,365,198,422,173,246,372,481
111: 49,55,294,290,131,12,175,308,300,424,107,123,177,217
112: 211,382,94,203,470,149,115,381
113: 62,302,86,439,181,83,171,314,444,352
114: 465,194,44,245,452,117,178
115: 288,381,382,112,959
116: 45,15,186,252,347,97,284,437,427,142,355
117: 44,245,465,114,283,178,330,159,485
118: 129,329,367,293,208,359,327,291
119: 470,149,274,24,443,211,488
120: 24,348,443,482,146,430,225,450
121: 156,20,228,364,88,296,230,19,103,289,301
122: 463,138,423,462,397,330,76,128,279,140,324
123: 77,107,177,390,263,12,308,419,300,424,49,294,111
124: 127,239,493,66,402,155,153,215,282,317,344,9,358,214,166
125: 36,258,48,136,336,321,32,209,426,498,489,492,31,191
126: 179,277,371,259,335,495
127: 99,239,451,493,417,124,155,153,282,9,358,214,58,357,491
128: 92,76,279,140,3,463,138,122,397,184,490,248
129: 118,329,367,281,293,208,46,353,359
130: 262,147,448,6
131: 49,55,290,190,111,72,101,52,455,12,175,477,432,478
132: 418,416,148,395,28,362
133: 414,494,394,323,368,340,230,105,247,364
134: 5,40,357,491,167,417,183,58,304,65,210,307,354
135: 66,473,402,98,303,486,432,478,408,190,72,218,227,317,344
136: 36,258,48,125,321,32,498,468,27,54,205,31,191,241
137: 70,405,288
138: 463,462,122,145,283,233,330,3,128,279
139: 181,425,197,442,62,302,86
140: 92,76,128,279,251,60,3,202,122,59,184,392
141: 168,350,346,474,25,305,81,497,158
142: 250,480,393,355,347,45,116,186
143: 269,102,385,349,57,151,265,457,496,97,284,387
144: 21,89,100,429,332,373,229,475,38,404,157,456,244,173,484
145: 231,283,233,178,330,485,138,462
146: 234,396,482,430,225,325,450,274,398,120,443
147: 262,130,448,154,192,445,151,361,6,376,496
148: 45,15,186,252,75,395,132,416,28,362
149: 470,274,398,119,384,234,80,94,328,203,211,112
150: 174,161,333,427,216,65,57,235,170,183,387,212,210,354
151: 192,420,445,16,265,154,363,434,147,102,143,385,496
152: 169,185,324,154,106,434,248,262,448
153: 215,282,344,189,221,446,127,239,451,493,124,200,456,421
154: 169,152,363,434,248,262,147,448,192,420,151
155: 66,473,402,303,282,344,411,9,53,358,214,166,127,124
156: 447,20,228,121,364,296,19,289,201,310,301,79,309
157: 404,399,200,456,244,229,21,89,100,144,332,365,173,484,110
158: 328,63,497,168,141,384,280,410
159: 3,202,485,337,44,117,287,206,322,339,60
160: 41,224,469,411,433,453,10,303,53,214,166,292,269,182
161: 174,150,333,427,216,65,235,437,212,354,237,71
162: 8,266,287,164,83,253,464,377,499,254,326
163: 345,415,270,334,489,492,475,223,311,22,338,429,373,36
164: 8,162,266,287,276,83,499,298,52,254,326,339,406
165: 0,85,14,428,373,415,270,334,188,484,255,213
166: 9,53,358,214,292,10,66,473,303,155,41,160,224,411,124
167: 5,40,357,491,134,99,493,399,200,304,365,198,422,173
168: 350,346,141,384,25,271,497,272,328,158,398
169: 152,324,154,463,397,76,434,248
170: 380,235,183,58,53,358,292,417,57,182,357,174,150,65
171: 487,193,313,314,181,335,109,86,113,352
172: 187,226,356,430,412,348,96,386
173: 365,198,422,246,157,399,200,244,89,100,144,167,484,110
174: 150,161,333,427,65,349,57,380,235,170,284,437,387,212
175: 11,12,17,352,477,64,101,455,424,49,290,131,111,72
176: 222,291,249,351
177: 77,107,123,390,263,424,55,294,290,111,189,461,217
178: 145,231,283,465,114,117
179: 126,277,371,343,243,495,389,238
180: 347,457,496,361,454,376,393,355
181: 139,425,109,302,86,113,171,314
182: 269,385,349,57,160,224,433,453,53,358,214,292,380,170,58
183: 380,235,170,58,292,417,40,357,491,134,150,65,210
184: 10,59,440,218,392,202,92,76,128,140,251,60,41
185: 152,324,106,463,423
186: 45,15,116,148,252,250,142,355,416
187: 226,356,172,42,471,96,386
188: 278,484,255,110,213,100,373,270,0,165,14,428,50,481
189: 153,215,282,317,344,55,294,290,190,177,402,461,217,446
190: 55,294,290,131,72,432,478,408,66,135,402,317,344,189
191: 54,205,31,321,32,498,468,27,48,125,136,476
192: 420,445,151,16,265,154,434,262,147,376
193: 487,171,313,314,86,243,78,444,11,17,352,477,64
194: 245,452,104,4,114
195: 237,71,75,395,63,69,285,28,391,273,341
196: 468,458,73,47,401,374,321,32,426
197: 442,139,37,253
198: 304,365,422,173,246,99,399,5,40,491,167,110,26
199: 39,280,341,410,35,70,409,288
200: 404,157,399,456,244,421,153,221,99,239,451,493,491,167,173
201: 73,310,301,79,47,19,61,156,228,374,236,426
202: 3,159,485,44,330,206,268,322,339,140,60,184,392
203: 35,80,94,328,384,410,149,288,381,112
204: 0,85,14,428,257,342,242,207,407,479,449,260
205: 467,54,318,31,191,48,136,336,241,431,435,369,413
206: 268,322,339,337,44,499,8,287,276,202,159
207: 378,407,479,331,0,204,242,232,449,260,383
208: 293,118,129,359,291
209: 321,32,426,498,310,223,311,436,309,489,36,125
210: 307,354,474,366,183,5,40,357,134,150,333,65
211: 382,112,488,94,470,149,119
212: 97,284,437,387,57,174,150,161,427,15,237
213: 278,188,484,110,21,89,100,429,373,415,270,165,14,428
214: 9,53,358,166,292,66,303,155,160,411,127,417,124,182,58
215: 153,282,317,344,189,55,294,402,461,217,221,446,239,124,421
216: 150,161,333,427,354,474,237,71,69,285
217: 91,461,221,446,55,294,111,107,177,263,215,317,189
218: 10,59,440,227,184,392,486,268,322,339,408,473,135,98
219: 33,308,300,424,340,487,243,315,78,11,12,17,64
220: 29,23,468,27,458,54,240,261,476
221: 91,461,217,229,446,263,153,215,34,459,404,200,456,421
222: 359,327,291,249,176,90
223: 311,436,309,22,338,360,475,297,209,429,415,163,489,36
224: 41,160,469,411,433,453,251,10,59,363,490,53,166,385,182
225: 430,325,450,412,378,331,383,482,146,356,120
226: 187,356,172,378,67,449,267,383,370,412,471
227: 10,59,440,218,392,486,268,408,66,473,135,98,303,411
228: 156,447,20,121,360,201,310,301,436,309,426
229: 91,461,221,446,34,38,319,459,404,157,456,244,421,144,332
230: 88,296,105,368,414,133,18,121,364
231: 145,283,233,178
232: 67,449,267,260,383,257,460,431,242,379,207,256
233: 145,231,138,462
234: 272,396,482,146,350,450,149,274,398,443
235: 380,170,183,58,292,57,387,174,150,161,333,65
236: 30,374,61,295,51,56,472,73,201,79,74
237: 71,75,195,395,212,161,333,427,216,15,252,69
238: 46,353,323,299,179,343,281,1007,495,389
239: 99,127,451,493,417,124,153,215,282,344,9,200,421
240: 306,261,476,220,467,54,318,286,93
241: 257,342,431,435,258,48,136,336,205,318,31,369
242: 257,342,460,431,435,345,336,0,85,204,14,207,232,260
243: 1007,315,495,78,389,335,179,277,487,193,313,299,17,219
244: 404,157,399,200,456,421,229,99,451,89,144,173
245: 337,194,44,452,117,499,4,114,485
246: 365,198,422,173,89,278,484,255,110,316,372,375,481
247: 18,68,438,308,419,340,414,133,494,77,107,390
248: 363,490,434,397,92,76,128,251,169,152,324,154,420
249: 222,327,176,90,295,441,351,472
250: 480,142,393,186,416
251: 92,76,140,10,59,440,184,363,490,248,41,224,469
252: 45,15,116,148,186,427,237,75,395,28
253: 37,83,464,377,197,442,62,302,162
254: 101,298,52,455,326,8,162,287,164,276,339,432,406
255: 278,188,484,246,0,165,428,372,82,375,50,481,479
256: 370,264,312,460,379,7,67,232,267
257: 241,342,460,431,435,242,85,204,379,369,232,449,260
258: 36,48,125,136,336,498,345,334,489,492,241,342,435
259: 335,109,126,277
260: 67,232,449,85,204,257,460,242,207,378,407,479
261: 240,306,476,29,220,467,286
262: 130,147,448,152,154,192,420,445,6
263: 77,107,123,177,294,108,91,461,217,221,446,34,459
264: 370,256,312,379,267,388,43
265: 192,445,151,16,102,143,385,349,376,347,457,496,284
266: 8,162,164,104,4,83,464,377,337,452,499
267: 67,232,449,383,460,379,370,256,264,226,471
268: 486,206,322,339,276,202,406,408,60,440,218,227,392,98
269: 102,143,385,349,57,182,160,433,453,292,16,380,387
270: 345,415,163,334,492,100,429,373,188,484,213,0,85,165,14
271: 25,305,316,372,466,375,168,350,346,272,396
272: 234,396,482,271,466,168,350,346,384,80,274,398
273: 28,391,71,75,195,395,63,285,39,341
274: 470,149,398,119,234,272,146,80,443
275: 400,405,409
276: 8,287,164,298,52,254,326,486,206,268,322,339,406
277: 126,179,259,335,109,313,243,495
278: 188,484,255,110,213,89,365,246,428,372,50,481
279: 92,76,128,140,60,330,3,485,463,138,122,397
280: 39,199,341,410,63,285,497,328,158
281: 87,343,293,46,353,238,129
282: 153,215,317,344,189,66,402,155,446,9,127,239,451,493,124,421
283: 145,231,178,330,44,117,3,485,138
284: 97,437,387,212,265,143,349,57,347,457,174,355,15,116
285: 63,81,69,497,216,474,71,195,273,280,341
286: 84,93,467,240,306,261
287: 8,162,164,276,337,44,499,254,159,206,322,339
288: 115,381,199,35,203,70,137
289: 18,68,438,108,414,156,447,20,121,364,360,13
290: 49,55,294,131,190,111,72,12,175,478,177,317,189
291: 359,222,327,208,118,176
292: 53,358,214,166,160,453,417,269,182,380,235,170,183,58
293: 208,87,281,353,118,129
294: 49,55,290,190,111,72,123,177,263,215,317,189,461,217
295: 61,90,103,441,249,351,472,79,236
296: 88,230,105,329,327,19,103,441,156,121,364
297: 13,475,34,38,319,459,108,360,223,436,22,338,429,332
298: 101,52,254,444,455,326,83,439,164,276,477,406
299: 323,238,243,1007,315,495,78,389,33,340,394
300: 33,308,419,219,424,315,78,11,12,17,64,49,111,123,390
301: 73,201,310,79,47,19,61,441,156,447,20,228,121
302: 62,86,113,439,442,139,181,425,253,314
303: 66,473,135,98,155,10,440,227,41,160,411,53,214,166
304: 365,198,422,399,5,40,491,167,134,307,366,316,26
305: 25,316,26,271,372,366,375,350,346,141
306: 240,261,286
307: 210,354,474,366,5,40,134,304,333,25,26,69
308: 33,419,219,300,424,340,12,64,111,107,123,390,247
309: 223,311,436,156,447,228,360,310,209,426,489
310: 73,201,301,47,156,447,228,311,309,32,209,426
311: 223,436,309,22,338,447,310,209,426,498,163,489,36
312: 256,264,460,379,7,2,95
313: 487,171,193,335,109,277,243,495,78
314: 487,171,193,181,302,86,113,439,444,11,352,477
315: 243,1007,495,78,487,299,17,33,419,219,300,340,394
316: 25,305,26,271,372,304,422,246,366,375,481,346
317: 215,282,344,189,55,294,290,190,72,66,135,402,217,446,124
318: 467,54,205,31,240,476,241,7,369,413,93
319: 13,475,34,38,297,459,77,68,108,91,229,338,332
320: 56,351
321: 32,209,426,498,468,27,196,36,48,125,136,31,191
322: 486,206,268,339,287,276,3,202,159,60,440,218,392
323: 46,353,238,299,368,389,367,340,133,394
324: 169,152,185,106,463,423,122,397,248
325: 225,450,412,1,466,403,407,331,396,482,146
326: 101,298,52,254,444,83,464,62,439,8,162,164,276
327: 359,222,291,249,118,329,367,88,296,90,103,441
328: 35,80,203,158,168,384,280,410,149,398
329: 118,129,367,46,359,327,88,296,105,103
330: 145,283,117,3,202,485,138,122,279
331: 207,378,403,407,1,383,482,225,325,450,412
332: 21,100,429,144,91,229,475,34,38,297,319,404,157,456
333: 174,150,161,216,65,235,210,307,354,474,237,71,69
334: 345,415,163,270,489,492,429,373,258,336,85,165,14,342
335: 259,109,126,277,171,313,243
336: 258,48,125,345,334,492,205,85,14,241,342,431,435,242
337: 44,245,452,499,8,266,287,159,206
338: 223,311,436,22,447,360,13,475,38,297,319,163
339: 486,206,268,322,8,287,164,276,254,202,159,406,408,218,392
340: 33,308,419,219,315,323,299,133,494,394,247
341: 39,199,280,195,63,285,497,28,391,273,409
342: 257,241,431,435,242,345,334,492,258,336,0,85,204,14
343: 87,281,179,371,389,353,238
344: 153,215,282,317,189,55,190,66,473,135,402,155,9,239,124
345: 415,163,270,334,492,258,336,85,14,342,435,242
346: 168,350,141,384,366,25,305,316,271,272
347: 180,457,496,265,376,97,284,142,393,355,116
348: 24,120,483,443,430,450,356,172,96,386
349: 269,102,143,385,57,182,453,16,265,380,457,284,387,174
350: 168,346,141,384,305,271,466,375,234,272,396,398
351: 56,472,249,176,320,295
352: 11,17,175,477,64,86,113,487,171,193,314,101,444
353: 46,323,238,343,281,293,129
354: 210,307,474,366,5,134,150,161,333,216,65,69
355: 142,393,347,180,457,97,284,437,45,15,116,186
356: 187,226,172,378,383,430,225,412,348,386
357: 5,40,491,167,134,358,99,127,493,417,170,183,58,65,210
358: 9,53,214,166,292,155,127,493,417,124,182,170,58,357
359: 222,327,291,208,118,129,329,367,88,90
360: 447,20,228,68,289,108,13,297,223,436,309,338
361: 6,454,376,147,180,496
362: 28,391,400,148,395,418,132
363: 490,434,248,251,154,224,469,433,453,420,151,16,385
364: 156,20,121,414,133,296,230,18,68,289
365: 304,198,422,173,246,157,399,89,167,278,110,26,372
366: 210,307,354,474,5,304,422,25,305,316,26,81,346
367: 118,129,329,46,323,368,359,327,88,105
368: 46,323,367,133,494,394,88,230,105
369: 379,7,413,205,318,257,241,460,431,435
370: 256,264,67,267,226,388,43,471
371: 126,179,87,343
372: 305,316,26,271,365,422,246,278,255,110,82,375,481
373: 21,89,100,429,144,475,22,415,163,270,334,188,484,213,165
374: 30,401,236,51,73,201,47,196,458
375: 1,82,466,481,246,255,305,316,271,372,350
376: 361,6,454,147,192,445,265,347,180,496
377: 37,253,464,104,4,162,266
378: 207,403,407,331,67,449,260,383,225,412,226,356
379: 7,369,413,257,460,431,2,232,267,256,264,312
380: 235,170,183,58,453,53,292,269,385,349,57,182,387,174
381: 288,115,35,94,203,382,112
382: 211,112,115,381
383: 67,232,449,267,207,378,331,225,412,226,356
384: 168,350,346,272,80,328,203,158,149,398
385: 269,102,143,349,57,182,363,224,469,433,453,420,151,16,265,380
386: 96,187,356,172,42,348
387: 97,284,437,212,269,143,349,57,380,235,457,174,150
388: 42,43,471,370,264
389: 243,1007,495,179,343,323,238,299
390: 77,107,123,177,33,308,419,300,424,494,438,247
391: 28,400,362,273,195,395,39,341,409
392: 59,440,218,227,184,202,486,268,322,339,140,60
393: 250,480,142,355,454,347,180,496,97
394: 414,133,494,315,46,323,299,368,33,419,340,105
395: 237,75,195,45,148,252,132,28,391,362,273
396: 234,272,482,146,271,1,466,350,325,398
397: 463,423,122,92,76,128,279,169,324,490,434,248
398: 470,149,274,168,350,384,234,272,396,146,80,328
399: 404,157,200,456,244,99,451,89,491,167,304,365,198,173,110
400: 28,391,362,39,275,405,409
401: 30,374,74,468,196,458,23
402: 66,473,135,98,155,478,55,190,72,215,282,317,344,189,124
403: 378,407,479,331,1,82,466,50,325
404: 157,399,200,456,244,421,221,229,34,38,21,89,100,144,332
405: 70,137,409,400,275
406: 432,478,408,164,276,298,52,254,455,486,268,339
407: 207,378,403,479,331,204,1,50,449,260,325,412
408: 432,478,406,52,486,268,339,190,72,218,227,473,135,98
409: 70,405,391,400,39,199,341,275
410: 39,199,280,497,35,328,203,158,70
411: 41,160,224,469,453,10,59,227,303,155,53,214,166
412: 430,225,325,450,378,407,331,67,449,383,226,356,172
413: 379,7,369,467,205,318,84,93,2
414: 133,494,394,419,230,105,18,68,289,438,247,364
415: 345,163,270,334,489,492,475,223,22,21,100,429,373,213,165,14
416: 418,132,250,45,148,186
417: 99,127,239,493,9,358,214,292,170,183,58,40,357,491,134
418: 132,416,362
419: 33,308,300,424,340,315,414,494,394,123,390,438,247
420: 192,445,151,16,154,363,490,434,248,433,262,102,385
421: 404,200,456,244,153,215,282,461,221,229,446,99,239,451
422: 304,365,198,173,246,5,167,110,366,316,26,372,481
423: 463,462,122,397,185,324
424: 33,308,419,219,300,12,175,64,49,111,107,123,177,390
425: 139,181,109,302
426: 321,32,209,498,228,201,310,47,311,309,196,36,125
427: 174,150,161,216,437,212,15,116,252,237,71,75
428: 0,85,165,204,14,278,188,484,255,213,50,479
429: 21,100,144,332,373,475,38,297,223,22,415,163,270,334,213
430: 225,450,412,146,356,172,120,348,96
431: 257,241,342,460,435,242,336,205,379,369,232
432: 478,406,408,101,52,254,455,486,131,190,72,135
433: 41,160,224,469,453,363,490,420,16,269,102,385,182
434: 363,490,248,397,76,169,152,154,469,192,420,151,16
435: 257,241,342,460,431,242,345,258,48,336,205,85,369
436: 223,311,309,22,338,447,20,228,360,13,297,209,489
437: 97,284,387,212,457,174,161,427,355,45,15,116
438: 18,68,289,108,247,419,414,77,107,390,13,459
439: 62,302,86,113,83,314,101,298,444,326
440: 10,59,218,227,184,392,268,322,92,251,60,98,303,41
441: 19,61,90,103,295,327,249,296,301,79
442: 197,139,37,83,253,62,302
443: 24,120,348,234,146,450,470,274,119
444: 101,298,455,326,86,113,439,193,314,11,352,477
445: 192,420,151,265,262,147,102,376,457,496
446: 91,461,217,221,229,263,153,215,282,317,189,451,456,421
447: 156,20,228,360,289,310,301,13,311,436,309,338
448: 262,130,147,152,154,106
449: 67,232,267,260,383,204,257,207,378,407,412,226
450: 430,225,325,412,331,234,482,146,120,348,443
451: 99,127,239,493,153,282,446,399,200,456,244,421,491
452: 337,194,44,245,499,4,114,8,266
453: 160,224,469,411,433,363,53,292,16,269,385,349,182,380
454: 361,376,180,480,393
455: 101,298,52,254,444,11,175,477,432,406,49,131,72
456: 404,157,399,200,244,421,153,91,221,229,446,34,99,451,144,332
457: 347,180,496,445,265,102,143,349,97,284,437,387,355
458: 468,27,196,401,374,32,220,23
459: 13,34,38,297,319,77,107,263,68,438,108,91,461,221,229
460: 257,431,435,242,379,369,232,267,260,256,312
461: 91,217,221,229,446,294,77,177,263,215,189,34,459,421
462: 463,138,423,122,145,233
463: 138,423,462,122,397,128,279,169,185,324
464: 37,83,253,377,4,62,8,162,266,326
465: 114,577,117,178
466: 1,82,375,481,271,403,350,272,396,482,325
467: 54,205,318,31,240,261,476,413,286,84,93
468: 27,196,458,401,321,32,498,220,23,136,191
469: 41,160,224,411,433,453,76,251,59,363,490,434,16,385
470: 149,274,398,119,80,94,443,211,112,488
471: 42,388,267,370,187,226
472: 51,56,351,249,61,295,236
473: 66,135,402,98,303,155,478,408,10,218,227,344,166
474: 210,307,354,366,5,333,216,25,81,69,285,141
475: 34,38,297,319,223,22,338,21,429,144,332,373,415,163
476: 240,261,27,29,220,467,54,318,31,191
477: 11,12,17,175,352,64,193,314,101,298,52,444,455,131
478: 432,406,408,52,486,55,290,131,190,72,473,135,402,98
479: 207,403,407,255,0,85,204,428,50,260
480: 250,142,393,454
481: 82,466,375,50,422,246,278,188,255,110,316,372
482: 234,272,396,146,1,466,331,225,325,450,120
483: 24,348,96
484: 278,188,255,110,213,157,89,100,144,373,270,173,246,165,428
485: 3,202,159,44,245,117,145,283,330,279
486: 268,322,339,276,432,478,406,408,218,227,392,135,98
487: 171,193,313,314,243,315,495,78,11,17,352,219
488: 211,470,119
489: 415,163,334,492,223,311,436,309,22,209,498,36,258,125
490: 363,434,248,397,92,76,128,251,41,224,469,433,420
491: 40,357,167,134,99,127,451,493,417,399,200,183,58,304,198
492: 345,415,163,270,334,489,36,258,48,125,336,14,342
493: 99,127,239,451,417,124,153,282,9,358,200,357,491,167
494: 414,133,394,368,33,419,340,390,18,247
495: 243,1007,315,78,389,126,179,277,487,313,238,299
496: 347,180,457,147,445,151,265,143,361,376,97,393
497: 63,81,285,168,141,280,341,410,158
498: 321,32,209,426,311,468,489,36,258,125,136,191
499: 337,44,245,452,4,8,162,266,287,164,206
500: 696,937,704
501: 773
502: 916,511,914,648
503: 566,724,996
504: 546,532,882,516,802,748
505: 889,597,611
506: 732,848
507: 584,823,944
508: 619,976,866
509: 829,795,786
510: 
511: 875,581,522,502,916
512: 826,735,817
513: 
514: 555,979
515: 553,577
516: 765,942,882,504,546,532
517: 681
518: 766
519: 862,851
520: 677,729,621
521: 828,585
522: 921,610,958,511
523: 574,627
524: 603,789,808,903
525: 
526: 673,762,675
527: 964,852,960
528: 688
529: 610,958
530: 877
531: 938,567,560,547
532: 504,546,882,872,516,802
533: 567,690,753,661,897
534: 705,891,904
535: 638
536: 925,942,565,765
537: 884,589,740,689
538: 971
539: 752,754
540: 757,623
541: 967,707
542: 986,605,734,716,993
543: 
544: 927
545: 947
546: 504,532,764,942,882,516
547: 807,567,557,531
548: 955
549: 704,876
550: 600
551: 871,664
552: 968,749
553: 515,577
554: 576,733
555: 601,514,708,819
556: 617,562,858,817
557: 567,744,581,547
558: 781,735
559: 
560: 897,845,805,531,919
561: 820,782
562: 568,772,556,858
563: 739
564: 943
565: 738,925,536,922
566: 503,724,793
567: 533,557,897,547,531
568: 562
569: 838,583,662,901
570: 641,771,994,774
571: 592,940,908
572: 943
573: 
574: 523,734,627,605
575: 893
576: 811,554
577: 553,515,465
578: 596,695,742,727
579: 873,701,737
580: 977,784,893
581: 875,787,511,744,958,557
582: 730,726
583: 953,569,838
584: 608,823,507,625
585: 521
586: 609
587: 748,746
588: 794,667,909
589: 709,612,537
590: 693
591: 684
592: 940,571
593: 
594: 807,969
595: 928,907,659,868
596: 578,695
597: 889,505,637
598: 903,646
599: 684
600: 649,550,990
601: 555,708
602: 
603: 524,736,808
604: 923
605: 542,627,574,734
606: 869,654,797,924
607: 686,814
608: 584
609: 877,586
610: 522,921,529,958
611: 505
612: 740,709,589,968
613: 
614: 615,742,902
615: 614
616: 693,954,810
617: 556
618: 626,835
619: 508,924,713,633,866
620: 771,880,717
621: 520
622: 
623: 540
624: 881
625: 584,823,944
626: 618
627: 605,574,523
628: 
629: 839,910,708,819
630: 
631: 766
632: 
633: 713,866,619,760,863
634: 788,796,930
635: 988,853,790
636: 
637: 597,795
638: 535
639: 790
640: 
641: 570,994,774
642: 886
643: 817,962
644: 930,796,982
645: 948
646: 650,598
647: 923,887,720
648: 502,916,914
649: 600
650: 646,856,940
651: 
652: 662
653: 
654: 956,869,606,924
655: 813
656: 941,967
657: 895,939,844,971
658: 767,660
659: 899,868,595,839,917
660: 658,767,850
661: 753,690,533
662: 569,838,652
663: 847
664: 871,551
665: 962
666: 774,970,771
667: 794,588
668: 912,758,832
669: 718,870,730
670: 836,715
671: 951
672: 831
673: 526,796,982,800
674: 
675: 526,692,800
676: 973
677: 995,729,520
678: 
679: 979
680: 996
681: 725,517
682: 825,799
683: 694
684: 599,687,591
685: 
686: 778,607,814
687: 684,972
688: 528,715
689: 728,537
690: 726,661,533
691: 831,883,985
692: 675
693: 616,590
694: 683
695: 911,747,578,596
696: 500,785
697: 997
698: 828,720,953
699: 789,991,783
700: 
701: 737,755,579
702: 968,749
703: 861
704: 549,937,500
705: 534,891
706: 815,822,837,929
707: 967,541,900,915,999
708: 819,601,555,629
709: 770,589,612
710: 946
711: 752,896
712: 750
713: 633,866,619,924,760
714: 819
715: 836,670,688
716: 993,542,986
717: 797,620,760
718: 669
719: 
720: 887,647,749,698
721: 960
722: 
723: 
724: 566,503,996
725: 681
726: 582,730,690
727: 578
728: 918,689
729: 677,520
730: 582,870,987,669,726
731: 864
732: 506
733: 554
734: 574,542,605
735: 957,512,558
736: 603
737: 701,579
738: 565
739: 563
740: 612,968,537,884
741: 
742: 578,614
743: 809,989,849,890
744: 958,557,581
745: 768,874,957
746: 587,816
747: 695,911
748: 587,504,802
749: 968,552,702,887,720
750: 712
751: 
752: 711,539,792
753: 661,533,897
754: 539,896
755: 906,759,701
756: 
757: 540
758: 912,668
759: 906,755,812
760: 994,717,713,633
761: 818
762: 788,526
763: 
764: 925,942,791,882,546
765: 516,942,536
766: 518,843,631
767: 658,660
768: 874,745,957
769: 
770: 709
771: 620,970,666,570
772: 913,562
773: 501
774: 666,570,641
775: 
776: 
777: 894,782,885
778: 686,824
779: 
780: 892
781: 558,854
782: 820,885,777,561
783: 991,699
784: 977,580
785: 696
786: 829,509
787: 875,581,916,807,833
788: 634,827,762
789: 699,524,903
790: 639,635
791: 882,983,806,764
792: 752
793: 566
794: 588,667
795: 829,889,832,637,509
796: 634,644,930,982,673
797: 880,606,717
798: 974,984
799: 682
800: 673,675
801: 
802: 872,504,532,748
803: 865,936
804: 998
805: 845,560
806: 983,791
807: 547,787,594
808: 934,524,603
809: 989,936,743,905,849
810: 876,616
811: 576
812: 759
813: 655
814: 607,686
815: 706,822
816: 746
817: 643,556,858,512,826
818: 761
819: 708,555,714,629
820: 782,561
821: 
822: 815,706,865
823: 584,507,625,944
824: 861,778
825: 682
826: 512,817
827: 788
828: 521,698
829: 795,832,509,786
830: 685
831: 691,672
832: 829,795,668
833: 916,875,787
834: 841
835: 618,984,974
836: 670,715,985
837: 998,706
838: 569,953,583,662
839: 629,879,910,659,899,868
840: 898
841: 834
842: 998
843: 766
844: 657,939
845: 805,560,919
846: 905,849
847: 663
848: 506,952
849: 912,846,905,809,743
850: 862,660
851: 519
852: 527
853: 635
854: 781,986
855: 944,918
856: 650
857: 
858: 562,556,817
859: 
860: 
861: 824,703
862: 519,850,874
863: 994,633
864: 731
865: 822,936,803
866: 713,633,619,508
867: 
868: 659,899,595,928,910,839
869: 606,879,654,956
870: 987,669,730
871: 996,664,551
872: 532,802
873: 579
874: 768,862,745
875: 787,511,581,916,833
876: 810,549
877: 530,609
878: 
879: 839,899,917,869
880: 797,981,970,620
881: 624
882: 791,764,942,516,504,546,532
883: 691,985
884: 537,740,978
885: 782,894,777
886: 642
887: 720,647,749
888: 
889: 597,505,795
890: 743
891: 705,534
892: 780
893: 575,580,930
894: 777,885
895: 657,939
896: 711,754
897: 560,753,567,533
898: 840
899: 659,868,839,879,917
900: 915,999,967,707,941,933
901: 569
902: 614
903: 598,524,789
904: 534
905: 846,849,809,936
906: 755,759
907: 595
908: 571
909: 588
910: 920,928,868,629,839
911: 695,747
912: 758,668,849
913: 772
914: 952,502,648
915: 900,999,707
916: 502,875,787,511,648,833
917: 659,899,879
918: 728,855,944
919: 560,845
920: 910,928
921: 522,610
922: 565,945
923: 647,604
924: 619,606,654,713
925: 764,942,536,565
926: 
927: 544
928: 595,920,910,868
929: 706
930: 644,893,634,796
931: 
932: 821
933: 900,999,941
934: 808
935: 
936: 809,989,905,865,803
937: 980,704,500
938: 531
939: 657,895,844
940: 592,571,650
941: 656,967,900,933
942: 764,925,536,882,765,516,546
943: 564,572
944: 855,823,507,625,918
945: 922
946: 710
947: 545
948: 645
949: 976
950: 
951: 978,963,671
952: 914,848
953: 583,698,838
954: 616
955: 548
956: 654,869
957: 735,745,768
958: 744,529,522,610,581
959: 115
960: 527,721
961: 
962: 665,643
963: 978,951
964: 527
965: 973
966: 
967: 707,541,900,941,656
968: 749,552,702,612,740
969: 594
970: 981,880,771,666
971: 538,657
972: 687
973: 965,676
974: 798,835,984
975: 
976: 508,949
977: 580,991,784
978: 884,963,951
979: 679,514
980: 937
981: 970,880
982: 644,796,673
983: 806,992,791
984: 989,835,798,974
985: 836,883,691
986: 542,854,716
987: 870,730
988: 635
989: 809,936,743,984
990: 600
991: 977,699,783
992: 983
993: 716,542
994: 760,570,641,863
995: 677
996: 871,680,503,724
997: 697
998: 804,837,842
999: 900,915,707,933
1007: 243,315,495,78,389,238,299