0: 428,165,204,14,270,188,255,342,242,85,207,479,260
1: 482,272,396,82,466,375,403,350,325,450,331
2: 84,286,7,312,95,948
3: 202,159,485,322,330,122,279,140,60
4: 104,377,194,266,114,499,452
5: 210,307,366,183,134,40,357,304,167,316,422,26
6: 361,130,147,376
7: 2,84,93,240,379,369,413,312
8: 164,287,326,266,162,337,499,44
9: 53,358,214,166,66,155,303,124,282,127,239,417
10: 59,440,227,218,251,184,473,155,303,41,160,411,166
11: 12,477,175,444,193,352,17,300,64,49
12: 11,477,175,17,300,64,49,131,111,424,123
13: 319,38,297,459,68,108,447,360,289,436,338
14: 0,428,165,204,492,415,334,270,345,213,342,85
15: 45,427,252,347,97,284,437,212,116
16: 143,420,445,151,363,434,469,224,453,433,269,102,385
17: 487,171,193,352,78,219,11,12,33,300,64
18: 68,108,438,414,494,247,364,390,20,289
19: 79,103,88,296,230,121,156,20,201,301
20: 156,447,228,360,289,296,230,121,364,19,18,68
21: 373,100,332,144,475,38,22,404,157,429,213
22: 223,311,436,338,163,475,38,297,21,415,429
23: 220,261,401,458,29
24: 120,443,348,483,488,119
25: 346,141,307,366,305,316,81,474
26: 305,316,422,134,40,304,365,198,307,366,5
27: 468,458,321,220,31,54,191,476
28: 391,273,418,132,395,400,362
29: 23,261
30: 51,374,236,401,196,73,32
31: 54,191,318,136,48,27,258,467,241,205,413,93
32: 468,321,201,47,30,374,196,498,426
33: 308,300,64,17,315,78,219,494,340,419,123,390
34: 91,461,221,229,77,319,38,297,459,404,456,332
35: 381,410,203,328,70,199,288
36: 258,345,336,489,311,498,209,125,492,334,136,48
37: 197,787,253
38: 13,475,319,297,459,91,229,34,338,22,21,332
39: 410,280,341,63,391,409,199
40: 134,357,491,417,99,183,304,198,167,210,5,26
41: 160,224,453,411,433,251,184,10,59,440,303,469,166
42: 638,386,187,388
43: 793,95,948,370,388,566
44: 337,499,117,452,245,8,202,159,485,206
45: 15,427,148,186,252,97,142,116
46: 389,323,394,368,281,353,129,367,118
47: 73,201,310,301,374,196,309,498,426,32,321
48: 31,191,318,136,36,258,345,336,241,435,205,369,413
49: 55,290,131,111,424,455,11,12,477,175,300,72,177
50: 207,403,407,479,255,428,481,82,466
51: 30,236,401,472,56,756,74
52: 101,254,455,276,477,339,432,406,408,72,131
53: 9,358,214,166,160,224,453,411,269,182,385,380,292
54: 31,191,318,136,27,220,467,476
55: 49,294,290,111,190,72,177,402,189,215,317,461
56: 472,351,295,61,756,74,51,236
57: 269,182,102,385,349,380,170,235,284,387,174,150
58: 380,292,170,183,235,358,127,134,357,491,417,65
59: 10,440,392,227,92,251,184,303,469,41,224,411
60: 92,128,140,184,3,202,322,279,392
61: 441,79,472,56,295,73,236
62: 83,253,464,302,442,439,113
63: 497,81,69,285,195,141,39,280,341
64: 33,308,300,487,193,17,219,11,12,175,424
65: 150,333,170,183,58,235,134,357,174,210,354
66: 473,135,402,155,303,124,478,98,190,227,282,317,344,9,166
67: 232,449,383,267,187,226,356,471
68: 18,108,438,247,364,107,447,20,360,289,13,319
69: 81,285,474,63,333,216,307,354,237,71,195
70: 199,405,288,275,409,35
71: 237,75,195,161,216,354,81,69,285,273,341
72: 432,478,408,52,455,49,55,290,131,111,190,135,402,317
73: 201,301,47,79,61,472,30,374,236
74: 756,56,51
75: 237,71,195,427,148,252,395,273
76: 363,490,469,397,92,251,128,140,184,248
77: 107,263,217,108,438,91,461,34,319,459
78: 243,1007,315,219,313,495,487,17,299,33
79: 441,103,19,61,296,73,201,301
80: 203,384,328,158,168,149,398
81: 497,69,285,474,63,354,71,25,141
82: 481,466,375,246,278,255,428,403,407,479,50,1
83: 62,253,464,162,266,439,326,298
84: 2,93,286,7,240,467,413
85: 342,435,242,431,334,345,336,0,165,204,14,260
86: 109,302,181,113,171,314
87: 371,343,281
88: 296,230,105,121,327,329,367,90,133,103,19
89: 278,188,484,213,110,404,244,157,100,144,365,173,399
90: 359,222,327,329,249,88,441,103,295
91: 461,446,221,229,34,294,77,263,217,319,38,459
92: 251,128,140,60,184,59,392,490,76
93: 84,7,240,31,318,467,379,205,413
94: 211,470,112,488,203,149,115,381
95: 948,2,256,264,312,370,43
96: 172,483,430,187,348,386
97: 284,437,387,212,347,457,355,116,45,15
98: 478,406,408,486,268,218,440,227,66,473,135,402,303
99: 451,493,244,421,200,40,491,198,399,167
100: 21,373,332,144,404,157,270,429,188,484,89,213
101: 298,52,254,455,444,352,326,477,175
102: 269,385,349,57,433,143,420,151,16,265,284
103: 441,79,19,327,90,88,296
104: 4,377,194,266,114
105: 88,296,230,364,394,368,327,129,367,414,133
106: 185,423,463,152,324,448,262
107: 77,123,177,263,217,390,247,68,108,438,459
108: 18,68,438,77,107,263,360,13,319,459
109: 259,335,313,86,181,171,314
110: 278,188,484,89,157,365,198,173,399,422,481,246
111: 49,55,294,290,131,424,190,12,72,123,177,263,189
112: 211,94,115,381,382
113: 439,444,302,86,62,352,314,298
114: 553,104,4,194,465,245,452
115: 381,288,94,112,382
116: 355,142,347,97,437,45,15,186
117: 44,452,245,178,283,330,202,159,485
118: 129,329,367,293,208,291,46,359
119: 274,146,24,443,211,470,488
120: 24,443,348,430,225,450,146
121: 88,296,230,364,19,156,447,20,289,301
122: 463,462,279,397,138,3,128,140
123: 107,177,263,217,390,12,33,308,300,419,294,111,424
124: 66,473,402,155,215,282,344,9,214,166,127,239
125: 498,426,209,321,36,258,489,191,136
126: 179,277,371,259,335
127: 239,451,493,124,282,9,358,214,292,58,491,417
128: 92,140,60,463,122,279,397,248,490,76
129: 327,329,367,118,46,323,368,359,105
130: 262,147,152,448,6
131: 49,290,111,190,52,455,12,477,175,432,72
132: 418,416,395,148,186,28
133: 414,494,247,340,323,394,368,367,88,230,105,364
134: 40,357,491,170,183,58,304,65,210,307,5,26
135: 66,473,402,155,303,478,408,72,98,190,227,317,344
136: 31,54,191,318,48,209,125,321,36,258,345,336,205
137: 70,405,288,115,959
138: 145,330,233,918,122,462,279
139: 442,181,197
140: 92,128,60,184,330,3,202,122,279,76
141: 168,25,346,350,305,497,81,474,63,158
142: 355,480,393,116,45,186,250
143: 445,151,16,265,102,349,457,496,284,387
144: 21,373,100,332,229,475,404,244,456,157,173,484,89,213
145: 138,283,330,231,178,233,279
146: 234,274,398,482,450,120,443,119
147: 262,130,192,376,445,361,6
148: 45,427,186,252,75,132,416,395
149: 234,274,398,203,80,384,94,470
150: 65,161,333,216,57,170,183,235,387,212,174,210,354
151: 143,420,445,16,265,363,433,192,102,385,349
152: 169,324,154,248,106,448,262,130,192
153: 189,215,282,344,446,221,239,451,493,421,200,456
154: 169,152,324,248,397,490,434,262,192,420
155: 66,473,135,402,303,124,10,344,160,411,9,214,166
156: 447,20,228,289,296,121,19,201,310,301,436
157: 404,244,200,456,21,100,332,144,198,173,399,484,89,110
158: 80,384,328,497,168,346,141,410,280
159: 3,202,485,322,337,44,117,287,206,268
160: 41,224,453,411,433,10,155,303,53,214,166,182
161: 150,333,216,437,212,174,354,427,237,71
162: 83,464,377,266,439,499,8,164,326
163: 223,311,338,22,309,209,492,415,334,429,489
164: 8,276,287,326,162,337,298,254,339
165: 0,428,204,14,373,334,270,188,484,213,255,85
166: 9,53,358,214,10,66,473,155,303,124,41,160,453,411
167: 304,198,173,399,99,493,40,357,491,5
168: 346,141,350,305,271,497,272,396,80,384,158
169: 152,324,154,248,397
170: 380,292,183,58,235,358,182,57,134,357,65,150
171: 487,193,352,314,17,181,335,109,313,86,243
172: 96,430,187,226,356,348,386
173: 365,198,399,167,404,244,157,144,484,89,110
174: 284,437,387,212,349,57,380,235,65,150,161,333
175: 11,12,477,352,101,455,64,432,49,290,131,424
176: 249,222
177: 107,123,263,217,300,49,55,294,290,111,424,189,461
178: 465,245,231,117,145,283
179: 126,277,495,371,238,343
180: 347,457,496,361,454,355,393
181: 139,302,259,109,86,171
182: 269,385,57,160,453,433,53,358,214,380,292,170
183: 292,170,58,235,134,40,357,417,65,150,333,210,5
184: 92,251,140,60,218,10,59,440,392,76,41
185: 106,918,423,728
186: 45,148,252,142,116,250,132,416
187: 226,356,67,471,96,172,42,386
188: 278,484,89,213,110,255,100,270,0,428,165,481
189: 215,317,344,153,55,294,111,190,177,217,402,461,446
190: 55,290,131,111,432,478,72,66,135,402,189,317,344
191: 31,54,318,136,48,498,125,468,27,321,258
192: 262,147,376,152,154,248,434,420,445,151
193: 487,171,352,314,17,313,444,219,11,477,64
194: 104,4,553,114,245,452
195: 237,71,75,69,285,63,391,273,341
196: 30,374,401,47,468,32,458,321
197: 37,787,139,442,253
198: 304,365,173,399,167,99,244,157,40,110,422,26,246
199: 70,288,39,410,280,275,409,35
200: 404,244,421,456,157,153,221,229,99,451,493,399
201: 73,310,301,47,79,19,156,374,426,32
202: 3,159,485,322,44,117,330,206,140,60,392
203: 80,328,149,398,35,381,94
204: 0,428,165,14,342,435,242,85,207,479,449,260,257
205: 379,369,413,258,336,31,318,136,48,241,431,93
206: 486,268,339,337,44,276,287,202,159,322
207: 378,407,479,50,0,428,204,242,449,260,383
208: 293,291,118,359
209: 498,426,125,311,309,163,321,492,36,258,489,136
210: 307,354,5,183,134,40,357,65,150,333
211: 94,470,112,488,119,382
212: 97,437,387,174,150,161,216,15,427,237
213: 278,188,484,89,21,373,100,144,270,428,165,14
214: 9,53,358,166,155,124,160,453,411,127,182,292
215: 189,282,317,344,153,55,294,402,124,461,446,239,421
216: 150,161,333,212,354,237,71,69
217: 77,107,123,177,263,294,189,91,461,446,221,459
218: 486,268,339,322,98,184,10,440,392,227
219: 243,1007,315,78,487,193,17,33,308,300,64,340
220: 23,261,468,27,458,54,476
221: 91,461,446,229,34,217,153,459,404,421,200,456
222: 359,90,291,327,329,249,176,441
223: 311,436,338,22,309,163,228,360,297,429,489
224: 41,160,453,411,433,251,59,363,469,53,16,385
225: 430,325,450,412,331,356,120
226: 187,356,67,383,267,412,471,172
227: 10,59,440,392,486,218,98,66,473,135,303,411
228: 156,447,20,360,310,301,223,311,436,309,426
229: 91,221,34,38,459,404,244,421,200,456,332,144
230: 88,296,105,121,364,367,414,133,19,20
231: 465,178,233,145
232: 67,449,260,257,383,460,267,256,264
233: 855,231,145,138
234: 149,274,398,146,482,272,450,384,443
235: 380,170,183,58,269,57,387,174,65,150,333
236: 30,51,374,61,472,56,295,73
237: 71,75,195,212,161,216,427,252,69
238: 343,281,353,179,277,495,1007,389
239: 127,451,493,124,215,282,344,153,9,358,417
240: 84,93,286,7,318,467,476,413
241: 342,435,242,431,258,345,336,31,48,205,369,413,460
242: 342,241,435,431,85,336,0,204,460,207,449,260,257
243: 1007,315,78,219,335,313,277,495,487,171
244: 404,421,200,456,157,229,99,144,198,173,399,89
245: 465,178,553,114,194,44,117,452,283
246: 481,82,375,365,198,278,110,255,372,316,422
247: 414,133,494,340,419,308,364,107,390,18,68,438
248: 169,152,324,154,463,397,128,363,490,434,76,192
249: 176,222,90,441,351,295
250: 480,142,186,416
251: 92,184,10,59,440,363,490,76,469,41,224
252: 45,15,427,148,186,237,75,395,273
253: 62,83,464,197,37,442,377,439
254: 101,298,52,455,444,164,276,326,406
255: 278,188,484,0,428,165,481,82,246,479,50
256: 267,264,312,431,379,369,460,232,257,95
257: 232,449,260,204,435,242,431,369,460,256
258: 36,345,336,489,209,125,492,31,191,136,48,342,241,435,205
259: 335,109,425,181,126
260: 232,449,257,383,0,204,435,242,431,85,207,378,479
261: 23,220,29,476
262: 130,147,192,106,152,154,434,448,445
263: 77,107,123,177,217,390,294,111,424,108,438,91,461
264: 267,256,312,232,95,370
265: 143,420,445,151,376,102,457,496
266: 104,4,377,83,464,162,499,8
267: 256,264,67,232,226,370,471
268: 486,206,218,339,287,159,322,406,98,440,392
269: 182,102,385,349,57,453,433,53,16,380,235,387
270: 492,415,334,429,373,100,188,213,0,165,14,342
271: 372,305,316,466,375,168,346,350,396
272: 482,396,1,168,350,384,234,398
273: 28,391,252,71,75,195,285,395,341
274: 234,149,398,146,443,470,119
275: 400,409,70,199,405
276: 164,287,326,52,254,486,206,339,432,406,408
277: 126,179,495,335,313,238,243
278: 188,484,89,213,110,255,365,428,481,82,246
279: 122,462,145,138,330,3,128,140,60
280: 39,410,341,497,285,63,328,158,199
281: 238,343,353,293,46
282: 215,317,344,153,66,402,124,446,9,127,239,451,493,421
283: 145,330,245,178,117,485
284: 97,437,387,174,143,102,349,57,347,457,15
285: 497,81,69,474,63,71,195,273,280,341
286: 2,84,240,306
287: 8,164,276,337,499,159,206,268,339,406
288: 70,199,405,35,115,381,137
289: 156,447,20,360,414,121,364,18,68,438,13
290: 49,55,294,131,111,424,190,175,432,478,72,177,317
291: 208,118,359,222
292: 380,170,183,58,453,53,358,214,127,182,417
293: 208,281,118
294: 55,290,111,424,123,177,263,217,189,215,317,91,461,446
295: 472,56,351,90,249,441,61,236
296: 88,230,105,121,364,327,79,103,19,156,20,301
297: 13,475,319,38,459,360,34,223,436,338,22,332,429
298: 101,254,83,439,444,113,352,164,326,477
299: 389,323,394,368,1007,315,78,494,340
300: 33,308,64,17,219,11,12,419,49,424,123,177,390
301: 73,201,310,47,296,121,79,19,156,228
302: 442,181,86,62,439,113,314
303: 66,473,135,155,98,10,59,440,227,41,160,411,9,166
304: 365,198,399,167,134,40,5,316,422,26
305: 372,316,422,26,271,366,375,168,25,346,141,350
306: 476,286,240
307: 210,354,366,5,134,333,26,69,474,25
308: 33,300,64,219,494,247,340,419,424,123,390
309: 223,311,436,163,447,228,310,47,498,426,209,489
310: 201,301,47,156,228,374,436,309,426
311: 223,436,22,309,163,228,498,426,209,492,36,489
312: 256,264,379,460,2,7,95,948
313: 335,109,277,487,171,193,243,78
314: 487,171,193,352,302,109,86,444,113
315: 243,1007,78,219,394,299,33,340,419
316: 372,305,422,26,271,304,365,366,5,246,25,346
317: 189,215,282,344,72,55,294,290,190,66,135,402,446
318: 31,54,191,136,48,467,476,205,413,93,240
319: 13,475,38,297,459,77,68,108,360,91,34,338
320: 351
321: 468,27,32,458,47,196,498,426,209,125,191,136
322: 3,202,159,206,268,218,339,60,392
323: 46,389,394,299,368,353,1007,129,133
324: 169,152,154,248,423,463,397,106
325: 225,450,412,331,466,403,407,482,396,1
326: 8,164,276,83,464,162,439,101,298,254
327: 129,329,367,359,222,90,88,296,105,441,103
328: 203,80,384,158,497,410,280,35,381
329: 327,129,367,118,359,222,90,88
330: 145,138,283,117,3,202,485,279,140
331: 225,325,450,412,378,403,407,1
332: 21,100,144,229,34,475,38,297,404,456,157
333: 65,150,161,216,183,235,174,210,307,354,69
334: 492,415,270,163,36,345,336,489,165,14,342,85
335: 259,109,313,126,277,171,243
336: 36,258,345,492,334,136,48,342,241,435,242,431,85,205
337: 499,44,452,8,164,287,159,206,339
338: 223,436,22,163,447,360,13,475,319,38,297,429
339: 486,206,268,218,337,164,276,287,52,322,406,408
340: 133,494,247,419,1007,315,219,394,299,33,308
341: 39,280,71,195,285,63,391,273
342: 241,435,242,85,492,334,270,258,345,336,0,204,14
343: 238,281,353,371,87,179,495
344: 189,215,282,317,153,190,66,135,402,155,124,239
345: 36,258,336,489,492,415,334,136,48,14,342,241,435,85
346: 168,25,141,350,372,305,316,271,396,158
347: 180,457,496,97,284,355,393,116,15
348: 24,120,443,430,96,172,483
349: 269,102,385,57,143,151,380,457,284,437,387,174
350: 168,346,141,305,271,482,272,396,1,384
351: 472,56,295,249,320,756
352: 171,193,314,17,444,113,101,298,11,477,175
353: 238,343,281,46,389,323
354: 210,307,65,150,161,333,216,71,81,69,474
355: 480,142,393,116,347,180,97
356: 187,226,378,67,383,430,225,412,172
357: 134,40,491,417,358,493,170,183,58,167,65,210,5
358: 9,53,214,166,127,239,493,182,292,170,58,357,417
359: 222,90,208,291,327,129,329,118
360: 447,20,228,289,68,108,13,319,297,223,436,338
361: 6,454,147,376,180,496
362: 400,418,28
363: 490,434,76,469,251,248,224,433,420,151,16,385
364: 296,230,105,121,414,133,247,18,68,20,289
365: 304,198,173,399,278,89,110,372,316,422,26,481,246
366: 307,5,305,316,422,26,474,25
367: 327,129,329,118,46,368,133,88,230,105
368: 46,323,394,299,129,367,133,494,105
369: 379,205,413,460,48,241,435,431,7,257,256
370: 388,471,267,264,95,43
371: 87,126,179,343
372: 305,316,422,271,365,481,466,375,246,346
373: 21,100,144,475,415,270,429,484,213,165
374: 30,236,196,73,201,310,47,32
375: 481,82,466,246,372,305,271,396,1
376: 147,192,445,265,361,6,496
377: 104,4,266,253,464,162
378: 207,403,407,479,449,260,383,412,331,356
379: 205,369,413,460,431,93,7,256,312
380: 292,170,58,235,453,53,269,182,385,349,57,174
381: 35,115,203,328,288,94,112
382: 850,115,211,112
383: 67,232,449,260,207,378,412,226,356
384: 80,328,158,168,350,272,234,149,398
385: 269,182,102,349,57,363,224,453,433,53,151,16,380
386: 42,187,96,172
387: 97,284,437,212,174,143,269,349,57,235,457,150
388: 370,471,43,42,638
389: 46,323,299,495,238,353,1007
390: 107,123,263,33,308,300,494,247,419,18,438
391: 28,273,195,395,39,341,400,409
392: 59,440,227,202,322,268,218,92,60,184
393: 355,480,142,454,347,180
394: 46,323,299,368,315,414,133,494,340,419,105
395: 132,148,252,75,28,391,273
396: 482,272,1,271,466,375,403,168,346,350,325
397: 463,122,462,128,169,324,154,248,490,76
398: 234,149,274,146,482,272,203,80,384
399: 304,365,198,173,167,99,244,200,157,491,89,110
400: 362,275,409,28,391
401: 30,51,196,468,458,23
402: 66,473,135,155,124,478,72,98,55,190,189,215,282,317,344
403: 378,407,479,50,82,466,396,1,325,331
404: 244,421,200,456,157,221,229,34,21,100,332,144,173,89
405: 70,288,275,137
406: 432,478,408,98,276,287,52,254,455,486,268,339
407: 207,378,403,479,50,82,325,412,331
408: 432,478,406,72,98,276,52,486,339,135
409: 400,275,391,39,70,199
410: 39,280,497,328,158,199,35
411: 41,160,224,453,10,59,440,227,155,303,53,214,166
412: 430,225,325,331,378,407,383,226,356
413: 379,205,369,460,31,318,48,467,241,84,93,7,240
414: 133,494,247,419,394,230,105,364,18,438,289
415: 492,334,270,429,22,163,373,345,489,14
416: 418,132,148,186,250
417: 40,357,491,9,358,127,239,493,292,183,58
418: 132,416,28,362
419: 414,494,247,340,315,394,33,308,300,123,390,438
420: 445,151,16,265,154,363,490,434,433,192,102
421: 404,244,200,456,215,282,153,461,446,221,229,99,451
422: 372,305,316,26,304,365,198,110,366,5,246
423: 918,463,462,185,106,324
424: 49,294,290,111,12,175,308,300,64,123,177,263
425: 139,181,259,109
426: 498,209,125,228,201,310,47,311,309,32,321
427: 45,15,148,252,437,212,161,237,75
428: 0,165,204,14,278,188,213,255,82,207,479,50
429: 415,270,475,297,223,338,22,163,21,373,100
430: 225,450,412,356,120,348,96,172
431: 241,435,242,85,336,379,205,369,460,260,257,256
432: 478,406,408,72,276,52,455,175,290,131,190
433: 41,160,224,453,363,469,420,151,16,269,182,102,385
434: 363,490,154,248,262,192,420,445,16
435: 342,241,242,431,85,258,345,336,48,204,369,260,257
436: 223,311,338,22,309,156,447,228,360,310,13,297
437: 97,284,387,212,174,349,457,161,116,15,427
438: 18,68,108,414,247,419,77,107,263,390,289
439: 444,113,302,62,83,253,162,326,298
440: 10,59,392,227,268,218,98,251,184,303,41,411
441: 79,103,61,327,222,90,249,472,295
442: 139,302,197,62,253
443: 24,120,348,450,234,274,146,470,119
444: 439,113,193,352,314,101,298,254,11,477
445: 143,420,151,16,265,434,262,147,192,376,496
446: 91,461,221,294,217,189,215,282,317,153,451,421,456
447: 156,20,228,360,289,121,68,13,436,338,309
448: 106,152,262,130
449: 67,232,260,257,383,204,242,207,378
450: 430,225,325,331,482,1,234,146,120,443
451: 99,127,239,493,282,153,446,421,200,456,491
452: 337,499,44,117,114,4,194,245
453: 41,160,224,411,433,469,53,214,166,16,269,182,385,380,292
454: 361,180,393
455: 101,52,254,477,175,432,406,72,49,131
456: 404,244,421,200,157,153,446,221,229,34,451,332,144
457: 347,180,496,143,265,349,97,284,437,387
458: 468,27,321,401,196,23,220
459: 13,319,38,297,77,107,217,108,91,461,221,229,34
460: 379,369,413,241,242,431,232,257,256,312
461: 91,446,221,34,55,294,77,177,263,217,189,215,459,421
462: 463,122,279,397,138,918,423
463: 122,462,397,423,128,106,324,248
464: 62,83,253,162,377,266,326
465: 245,178,553,114,231
466: 481,82,375,372,271,403,50,396,1,325
467: 476,31,54,318,413,84,93,240
468: 27,32,458,321,401,196,498,220,191
469: 363,490,76,251,59,41,224,453,433,16
470: 211,94,488,149,274,443,119
471: 370,388,67,267,187,226
472: 56,351,295,441,61,756,73,51,236
473: 66,135,402,155,303,124,478,98,10,227,166
474: 81,69,285,307,354,366,25,141
475: 319,38,297,338,22,21,373,332,144,429
476: 467,27,220,261,54,318,240
477: 11,12,175,444,193,352,101,298,52,455,49,131
478: 432,406,408,72,98,486,290,190,66,473,135,402
479: 207,378,403,407,50,255,0,428,204,82,260
480: 355,142,393,250
481: 82,466,375,246,365,278,188,110,255,372,50
482: 272,396,1,350,325,450,234,398,146
483: 96,24,348
484: 278,188,89,213,110,255,157,373,100,144,173,165
485: 3,202,159,44,117,283,330
486: 206,268,218,339,276,478,406,408,98,227
487: 171,193,314,17,313,243,78,219,64
488: 211,94,470,24,119
489: 36,258,345,223,311,309,163,209,125,492,415,334
490: 363,434,76,469,397,92,251,128,154,248,420
491: 134,40,357,417,99,127,451,493,58,399,167
492: 415,334,270,311,163,209,36,258,345,336,489,14,342
493: 99,127,239,451,282,153,358,200,357,491,417,167
494: 414,133,247,340,419,394,299,368,33,308,390,18
495: 179,277,238,343,243,1007,78,389
496: 347,180,457,376,143,445,265,361
497: 81,285,63,168,141,410,280,328,158
498: 426,209,125,47,311,309,468,32,321,36,191
499: 337,44,452,4,266,162,8,287
500: 967,704,696,785,656
501: 773,538
502: 834,833,952,648
503: 566,793,724
504: 532,546,802
505: 597,621,677
506: 517
507: 577,823
508: 891,633,866,949,534
509: 636,832
510: 
511: 875,921,916
512: 817,558,556,768,957
513: 992,872
514: 671
515: 
516: 942,965,532
517: 506
518: 685
519: 851
520: 995,621,677
521: 828
522: 921,1009,610,587,744,529
523: 826,627,986,574,605
524: 603,808,903,934
525: 877
526: 673,762,800,755,675
527: 721,960
528: 
529: 744,958,557,610,522
530: 
531: 897,845,753,533,966,560
532: 504,942,516
533: 567,661,897,531
534: 508
535: 672
536: 764,738,765
537: 1008,770,625,740
538: 501
539: 752,907
540: 757,980
541: 707,876,704,967
542: 854,986,716,605
543: 716
544: 
545: 678,812,947
546: 882,764,504
547: 581,567,875,807
548: 955
549: 616,810
550: 984,798
551: 871,996,672,883
552: 749,953,801
553: 114,194,465,245
554: 
555: 601
556: 768,512
557: 958,529,581,661,567
558: 512,817,957,1010,826
559: 964
560: 531,845,938
561: 777,663
562: 643,617
563: 739
564: 688
565: 922
566: 503,43,793
567: 533,958,557,581,547
568: 913,858,864
569: 838
570: 641,760,774
571: 812
572: 867,593
573: 604,631
574: 605,523
575: 788,644,930
576: 723,811
577: 507
578: 742
579: 737
580: 784,827
581: 744,958,557,567,875,547
582: 730,987,669
583: 674,838
584: 653,830
585: 923,604,698
586: 609,883,831
587: 973,748,1009,522,921
588: 735,794,1010,854
999: 915,900
590: 911,695
591: 687,599,684
592: 
593: 818,761,572
594: 969,787,807
595: 910,920,868
596: 695
597: 505,861,703,637
598: 
599: 687,591
600: 803,649
601: 555,708
602: 
603: 736,808,903,524,934
604: 573,585
605: 574,627,523,854,986,542
606: 879,654,797,899
607: 950
608: 653
609: 586
610: 1009,522,744,529
611: 677
612: 709,968,740
613: 
614: 892,742,780
615: 902
616: 911,549
617: 772,858,562
618: 743,809
619: 994,713
620: 917,717,981
621: 677,520,505
622: 792
623: 696
624: 881
625: 944,1008,537,770
626: 
627: 826,523,854,986,605
628: 979
629: 839,868
630: 631,573
631: 630,573
632: 
633: 891,508,866,713
634: 796,788,762
635: 693
636: 509,890
637: 703,597,829
638: 42,388
639: 
640: 825,729
641: 570,863
642: 972,894
643: 562,817,826
644: 575,930,796
645: 
646: 934,856
647: 923,887
648: 848,952,502,914
649: 803,865,600
650: 940,908
651: 729,873
652: 901
653: 584,608,823
654: 606,797,924
655: 
656: 785,500
657: 844,939
658: 779
659: 899,879
660: 767,745
661: 726,557,533,897
662: 953,801,838
663: 782,777,561
664: 990
665: 962,684
666: 
667: 745,794
668: 804,758,815,912,998
669: 870,987,582,730
670: 715,836
671: 514,951,978
672: 535,996,551,883
673: 526,796,982
674: 751,583
675: 906,692,526,762,755
676: 732
677: 621,520,995,611,505
678: 545,697
679: 
680: 
681: 
682: 
683: 
684: 591,665
685: 518
686: 814,824
687: 599,591
688: 564
689: 728
690: 
691: 836
692: 675,906
693: 988,635
694: 859
695: 596,590
696: 500,623,785
697: 678
698: 828,585,720
699: 977,991,789
700: 960
701: 737,906,759
702: 968,709
703: 861,597,637
704: 876,937,707,541,500,967
705: 891,780
706: 822,929
707: 541,704,967,900
708: 601,920
709: 612,702,770
710: 
711: 
712: 808
713: 619,633,863
714: 819,956
715: 670
716: 854,542,543
717: 620,994
718: 
719: 
720: 698
721: 527
722: 733
723: 576,811
724: 503,996
725: 852
726: 661
727: 954
728: 918,689,185
729: 873,640,651
730: 582,987,669
731: 864
732: 676
733: 722,776
734: 
735: 588,957,794,1010
736: 603,903
737: 701,579
738: 536,765
739: 945,563
740: 612,537,884,963
741: 
742: 780,578,614
743: 618,809
744: 958,529,581,610,522,921,875
745: 660,874,794,667
746: 748
747: 904
748: 587,746,1009
749: 552,887,953
750: 859
751: 828,674
752: 539
753: 897,531,845,966
754: 896
755: 800,526,675,906
756: 74,472,56,351,51
757: 540
758: 668,804
759: 701
760: 994,774,570
761: 818,593
762: 634,526,675
763: 
764: 536,925,546,882
765: 942,738,536
766: 
767: 660
768: 556,862,957,512
769: 840,898
770: 1008,537,625,709
771: 970,774
772: 617,913,858
773: 501
774: 760,970,771,570
775: 
776: 733
777: 561,782,663
778: 861,946,824
779: 658
780: 742,705,614
1009: 610,748,587,522
782: 663,777
783: 789
784: 580,893
785: 656,696,500
786: 890
787: 594,969,197,37
788: 827,575,930,634
789: 783,699,991
1008: 537,770,625
791: 806,925,992,882
792: 622
793: 43,566,503
794: 874,745,667,735,588
795: 832
796: 930,634,644,982,673
797: 606,879,654,917,899
798: 550,984
799: 
800: 755,526
801: 953,552,662
802: 504
803: 649,865,989,600
804: 668,758,815,998
805: 919
806: 925,791
807: 875,547,594
808: 603,524,712,934
809: 849,618,743
810: 937,549,876
811: 723,576
812: 571,545
813: 
814: 686,824
815: 842,668,804
816: 
817: 512,558,643,826
818: 761,867,593
819: 714
820: 885
821: 
822: 706,905
823: 507,653
824: 778,814,686
825: 640
826: 1010,627,817,558,643,523
827: 788,580
828: 698,521,751
829: 832,637
830: 584
831: 586,886
832: 829,509,795
833: 834,502
834: 502,833
835: 
836: 691,985,670
837: 
838: 583,662,569
839: 629,869
840: 898,769
841: 
842: 815
843: 
844: 657,971,895
845: 897,531,753,966,560
846: 998,905,936,849
847: 
848: 648
849: 809,846,936
850: 382
851: 519
852: 725
853: 
854: 986,542,588,627,716,605
855: 233,918
856: 934,646
857: 
858: 913,568,772,617
859: 750,694
860: 
861: 778,703,597
862: 768,957,874
863: 713,641
864: 731,568
865: 905,936,803,649
866: 508,633
867: 818,572
868: 629,595
869: 839,924
870: 987,669
871: 996,551
872: 513
873: 729,651
874: 794,862,745
875: 511,807,744,958,581,547
876: 704,937,810,541
877: 525
878: 
879: 606,797,659,899
880: 
881: 624
882: 546,925,791,992,764
883: 672,551,586
884: 740,963
885: 820
886: 831
887: 749,647
888: 908
889: 
890: 636,786
891: 508,633,705
892: 614,902
893: 927,784,977
894: 642,972
895: 971,844
896: 754
897: 531,845,661,753,533
898: 840,769
899: 917,659,606,879,797
900: 707,967,999,941
901: 928,652
902: 892,615
903: 736,603,524
904: 747
905: 936,865,846,822
906: 675,692,755,701
907: 539
908: 650,940,888
909: 
910: 595,928,920
911: 590,616
912: 668,998
913: 858,568,772
914: 648
915: 926,999
916: 921,952,511
917: 899,797,620
918: 423,728,855,138,462,185
919: 805
920: 910,595,708
921: 522,587,744,916,511
922: 565
923: 585,647
924: 956,869,654,976
925: 806,791,764,882
926: 915
927: 893
928: 901,910
929: 706
930: 796,575,788,644
931: 
932: 
933: 941
934: 646,603,808,524,856
935: 
936: 905,865,846,849,989
937: 810,876,704
938: 560,969
939: 657
940: 650,908
941: 900,933
942: 765,965,532,516
1007: 243,315,78,219,495,238,389,323,299,340
944: 625
945: 739
946: 778
947: 997,545
948: 95,2,312,43
949: 508
950: 607
951: 978,963,671
952: 916,648,502
953: 801,552,749,662
954: 727
955: 548
956: 924,714
957: 862,768,512,558,735,1010
958: 744,557,529,581,567,875
959: 137
960: 527,700
961: 
962: 665
963: 978,740,884,951
964: 559
965: 942,516
966: 753,531,845
967: 500,704,707,541,900
968: 702,612
969: 594,787,938
970: 981,774,771
971: 895,844
972: 642,894
973: 587
974: 989,984
975: 
976: 924
977: 699,893
978: 963,951,671
979: 628
980: 540
981: 970,620
982: 796,673
983: 
984: 550,974,798
985: 836
986: 854,542,627,523,605
987: 870,669,582,730
988: 693
989: 936,803,974
990: 664
991: 699,789
992: 513,791,882
1010: 826,957,558,735,588
994: 760,717,619
995: 520,677
996: 871,724,672,551
997: 947
998: 846,668,804,912