
Microenvironment summary: 
microenvironment: 
Microenvironment_private_data:
temporary_density_vectors1:
0.000506801 0.128232 
0.000534502 0.128916 
0.000591308 0.126925 
0.000680103 0.117838 
0.000805394 0.101451 
0.000973552 0.0818305 
0.00119314 0.0627995 
0.00147538 0.0464725 
0.00183473 0.03351 
0.00228966 0.0237399 
0.00286369 0.0166462 
0.00358666 0.0116501 
0.0044964 0.00824046 
0.00564083 0.00601889 
0.00708074 0.0047057 
0.00889321 0.00413282 
0.011176 0.00423784 
0.0140532 0.00506685 
0.0176817 0.00679099 
0.0222595 0.0097411 
0.0280343 0.0144625 
0.0353112 0.0217838 
0.0444549 0.0328604 
0.0558761 0.0490495 
0.0699771 0.0711812 
0.0870063 0.0971004 
0.106723 0.115465 
0.127711 0.0973899 
0.146243 0.0717459 
0.155245 0.0498597 
0.146776 0.0338693 
0.1288 0.0229257 
0.10841 0.0156519 
0.0893589 0.0108725 
0.0730874 0.00773836 
0.0598647 0.00567933 
0.0494737 0.00432954 
0.0415475 0.00346258 
0.035715 0.00294435 
0.0316551 0.00270096 
0.0291101 0.00269758 
0.0278817 0.00292413 
0.0278202 0.00338386 
0.02881 0.00408144 
0.030753 0.00500779 
0.0335475 0.00612027 
0.0370636 0.0073208 
0.0411134 0.008442 
0.0454203 0.0092609 
0.0495962 0.00956295 
0.0531455 0.00925183 
0.0555223 0.00842672 
0.0562624 0.00730494 
0.0551624 0.00611178 
0.0523899 0.00501618 
0.0483729 0.00411608 
0.0436201 0.00345108 
0.0385873 0.0030222 
0.0336189 0.00280852 
0.0289405 0.00277784 
0.024679 0.00289182 
0.0208885 0.00310798 
0.0175756 0.00338049 
0.0147175 0.00366201 
0.0122762 0.00390777 
0.0102068 0.00408195 
0.00846319 0.00416491 
0.00700125 0.00415823 
0.00578036 0.00408483 
0.00476419 0.00398341 
0.00392084 0.00389932 
0.00322264 0.00387477 
0.0026459 0.00394024 
0.00217041 0.00410775 
0.00177907 0.00436619 
0.0014575 0.00467931 
0.00119363 0.00498862 
0.000977362 0.00522363 
0.000800297 0.00532003 
0.000655453 0.00524073 
0.000537046 0.00498754 
0.000440298 0.0045943 
0.00036127 0.00411004 
0.000296724 0.00358379 
0.000244002 0.00305582 
0.00020093 0.00255494 
0.000165734 0.00209918 
0.000136966 0.00169788 
0.000113452 0.00135404 
9.42379e-05 0.00106625 
7.85537e-05 0.000830315 
6.57776e-05 0.000640528 
5.54105e-05 0.000490551 
4.70534e-05 0.000374079 
4.03897e-05 0.000285273 
3.51707e-05 0.00021901 
3.12048e-05 0.000171017 
2.83482e-05 0.000137914 
2.64983e-05 0.000117206 
2.55894e-05 0.000107257 
0.000503186 0.148129 
0.000530642 0.152211 
0.000586943 0.154179 
0.000674934 0.143841 
0.00079907 0.12089 
0.000965639 0.0943651 
0.0011831 0.0701799 
0.0014625 0.0505705 
0.00181811 0.0356953 
0.00226813 0.0248704 
0.00283573 0.017216 
0.00355025 0.0119293 
0.00444891 0.00837135 
0.00557883 0.00607343 
0.00699974 0.00471788 
0.0087874 0.0041155 
0.011038 0.00419101 
0.0138737 0.00498118 
0.0174498 0.00665006 
0.0219636 0.00952687 
0.0276649 0.0141766 
0.0348692 0.0215208 
0.0439702 0.0330348 
0.0554503 0.0510471 
0.0698756 0.0790149 
0.0878442 0.120534 
0.109791 0.168868 
0.135367 0.120884 
0.161638 0.0796994 
0.178544 0.0520336 
0.162173 0.0342706 
0.136458 0.0229304 
0.111482 0.0156612 
0.0902037 0.0109649 
0.0729963 0.00789932 
0.059454 0.00587723 
0.0490113 0.00453836 
0.0411381 0.0036672 
0.0353934 0.00314027 
0.0314293 0.002893 
0.0289814 0.00289941 
0.0278542 0.00315925 
0.0279062 0.00368817 
0.0290344 0.00450679 
0.0311573 0.00562423 
0.0341941 0.00701253 
0.0380391 0.00857132 
0.0425275 0.0100922 
0.0473939 0.011253 
0.0522302 0.0116975 
0.056463 0.0112396 
0.059394 0.0100689 
0.0603637 0.008545 
0.0590548 0.00699326 
0.0557478 0.00562467 
0.0510652 0.00454077 
0.0456678 0.00376807 
0.0400898 0.00329119 
0.0346962 0.00307532 
0.029703 0.00307784 
0.0252157 0.00325236 
0.0212663 0.00354867 
0.0178425 0.00391178 
0.0149073 0.00428274 
0.0124123 0.00460327 
0.0103053 0.00482473 
0.00853524 0.00491937 
0.00705456 0.00488895 
0.00582031 0.0047655 
0.00479454 0.00460293 
0.00394425 0.00446358 
0.00324102 0.00440491 
0.00266059 0.00446897 
0.00218237 0.0046744 
0.00178902 0.00501017 
0.00146593 0.00543134 
0.00120089 0.00585987 
0.000983722 0.00619595 
0.000805938 0.00634442 
0.000660506 0.00625081 
0.000541606 0.00592387 
0.000444432 0.0054193 
0.000365027 0.00480903 
0.000300141 0.00415861 
0.000247107 0.00351756 
0.000203747 0.00291861 
0.000168283 0.00238061 
0.000139267 0.00191216 
0.000115522 0.00151472 
9.60963e-05 0.00118506 
8.02184e-05 0.000917087 
6.72674e-05 0.000703259 
5.67444e-05 0.000535577 
4.82507e-05 0.0004063 
4.14699e-05 0.000308397 
3.61534e-05 0.000235797 
3.21095e-05 0.0001835 
2.91944e-05 0.000147591 
2.73056e-05 0.000125204 
2.63773e-05 0.000114471 
0.000496042 0.187791 
0.000523016 0.202034 
0.000578318 0.218096 
0.000664728 0.205173 
0.000786587 0.163284 
0.000950026 0.119742 
0.00116328 0.0842723 
0.00143711 0.0580575 
0.00178537 0.0395571 
0.00222574 0.0268166 
0.00278067 0.0181753 
0.00347858 0.0123894 
0.00435546 0.00858151 
0.00545682 0.00615694 
0.00684029 0.00473115 
0.00857894 0.00407804 
0.0107656 0.00409907 
0.0135185 0.00481238 
0.0169884 0.00636309 
0.0213691 0.00906063 
0.0269102 0.0134593 
0.0339366 0.0205232 
0.0428775 0.0319902 
0.0543116 0.0512913 
0.0690461 0.0862778 
0.0882547 0.158619 
0.113703 0.360167 
0.147934 0.159101 
0.193174 0.0872242 
0.241119 0.0526642 
0.193711 0.0337253 
0.14903 0.0225244 
0.115403 0.0155972 
0.0906273 0.0111768 
0.0721863 0.00827793 
0.0583442 0.00633042 
0.0479608 0.00500445 
0.0402673 0.00411367 
0.0347289 0.00355861 
0.0309672 0.00329415 
0.0287145 0.00331188 
0.0277855 0.0036312 
0.0280567 0.00429375 
0.0294506 0.0053558 
0.0319194 0.00687165 
0.0354265 0.00885851 
0.0399198 0.0112324 
0.0452921 0.013715 
0.0513206 0.0157531 
0.0575821 0.0165912 
0.063361 0.0157298 
0.0676144 0.0136731 
0.0691628 0.0111814 
0.0673184 0.00881282 
0.0627298 0.00685049 
0.056538 0.00538235 
0.0497474 0.00439317 
0.0430355 0.00382645 
0.0367841 0.00361624 
0.0311697 0.00369858 
0.0262437 0.00401154 
0.0219887 0.00449012 
0.018353 0.00506049 
0.015271 0.00563801 
0.0126737 0.0061327 
0.010495 0.00646428 
0.0086745 0.00658398 
0.00715795 0.00649322 
0.00589804 0.00624664 
0.00485381 0.00593519 
0.00399015 0.00566131 
0.00327717 0.00551747 
0.0026896 0.00557197 
0.00220611 0.00585923 
0.00180882 0.00637072 
0.00148277 0.00704472 
0.00121547 0.00775971 
0.000996531 0.0083445 
0.000817333 0.00862249 
0.00067074 0.00849126 
0.00055086 0.00798359 
0.000452835 0.00721594 
0.000372673 0.00631708 
0.0003071 0.00538922 
0.000253435 0.00449996 
0.00020949 0.00368833 
0.00017348 0.00297347 
0.000143957 0.00236147 
0.000119742 0.00185008 
9.98823e-05 0.00143188 
8.36084e-05 0.00109653 
7.02996e-05 0.000832431 
5.94579e-05 0.00062794 
5.06849e-05 0.000472191 
4.36646e-05 0.000355586 
3.81487e-05 0.000270025 
3.39454e-05 0.000208965 
3.0911e-05 0.000167365 
2.89426e-05 0.000141584 
2.79746e-05 0.00012927 
0.000485535 0.243593 
0.000511803 0.282764 
0.000565644 0.345008 
0.000649737 0.327498 
0.000768265 0.233829 
0.000927126 0.156433 
0.00113424 0.102686 
0.00139992 0.0671522 
0.00173745 0.0439977 
0.00216374 0.0289562 
0.00270021 0.0191866 
0.00337392 0.0128526 
0.00421905 0.00878033 
0.00527875 0.00622582 
0.00660752 0.00472788 
0.00827436 0.00401806 
0.0103668 0.00396962 
0.0129964 0.00457461 
0.0163058 0.0059448 
0.0204792 0.00833799 
0.0257566 0.0122191 
0.0324569 0.0183773 
0.0410153 0.0281419 
0.0520512 0.0437494 
0.0665063 0.0687918 
0.0859559 0.107517 
0.113415 0.154572 
0.155732 0.108224 
0.231776 0.0701891 
0.421882 0.0457927 
0.232317 0.0307495 
0.156835 0.0214185 
0.115127 0.0155096 
0.0883467 0.0116495 
0.0696735 0.00902605 
0.0561234 0.0071728 
0.0461563 0.00583484 
0.0388717 0.00488191 
0.0336982 0.0042554 
0.030257 0.00394006 
0.0282957 0.00395278 
0.0276516 0.00434135 
0.0282311 0.00518779 
0.0299947 0.00660981 
0.0329455 0.00875084 
0.0371159 0.0117398 
0.0425457 0.0155873 
0.0492414 0.0199774 
0.0570974 0.02396 
0.0657501 0.0258055 
0.0743424 0.0239184 
0.0812508 0.0199007 
0.0841066 0.0154891 
0.0810248 0.0116412 
0.0738466 0.00868162 
0.0648989 0.00660821 
0.055766 0.00529992 
0.0472677 0.00461819 
0.0397299 0.00444373 
0.0332165 0.00468084 
0.0276709 0.00524718 
0.0229907 0.00605809 
0.0190626 0.00701106 
0.0157783 0.00797671 
0.0130401 0.00880404 
0.0107625 0.00934688 
0.00887188 0.00950925 
0.00730532 0.00928969 
0.00600949 0.00879055 
0.00493929 0.00817895 
0.00405675 0.00763501 
0.00332998 0.00731526 
0.00273226 0.00733481 
0.00224126 0.00775858 
0.00183836 0.00858918 
0.00150806 0.0097445 
0.00123749 0.0110297 
0.00101599 0.0121306 
0.000834723 0.0126831 
0.000686422 0.0124618 
0.000565085 0.011578 
0.000465785 0.0102973 
0.000384479 0.00886459 
0.00031786 0.00744352 
0.000263227 0.0061248 
0.000218379 0.00495155 
0.000181527 0.00393937 
0.000151216 0.00308815 
0.00012627 0.00238841 
0.000105737 0.00182509 
8.88466e-05 0.00138028 
7.4981e-05 0.00103527 
6.36431e-05 0.000772093 
5.44356e-05 0.000574534 
4.70428e-05 0.000428654 
4.12168e-05 0.000322974 
3.67659e-05 0.000248414 
3.35459e-05 0.000198104 
3.1454e-05 0.000167153 
3.04243e-05 0.000152438 
0.000471908 0.299756 
0.000497264 0.387715 
0.000549222 0.615836 
0.000630331 0.588605 
0.000744569 0.327512 
0.000897542 0.194925 
0.00109675 0.11939 
0.00135198 0.074613 
0.00167575 0.0473551 
0.00208399 0.0304482 
0.00259681 0.0198261 
0.00323955 0.0131068 
0.00404407 0.00886382 
0.00505047 0.00623267 
0.00630918 0.00469179 
0.00788381 0.00393862 
0.00985473 0.00382086 
0.0123239 0.00430226 
0.0154213 0.00545264 
0.0193142 0.00745803 
0.02422 0.0106503 
0.0304262 0.0155545 
0.0383223 0.0229391 
0.0484532 0.0337937 
0.0616125 0.0489522 
0.0790069 0.0674778 
0.102517 0.0817491 
0.134918 0.068543 
0.178791 0.0510678 
0.226216 0.0369153 
0.179335 0.0269665 
0.13603 0.020305 
0.104242 0.0158463 
0.0814188 0.0127439 
0.0648112 0.0104445 
0.0525715 0.00864535 
0.0435306 0.00721256 
0.0369388 0.00610428 
0.0323038 0.00532163 
0.0292993 0.00488824 
0.0277141 0.00485027 
0.0274237 0.0052885 
0.0283745 0.00633714 
0.0305756 0.00820458 
0.0340947 0.0111872 
0.0390565 0.0156505 
0.0456351 0.021909 
0.0540308 0.0298576 
0.0643973 0.0381207 
0.0766496 0.0427863 
0.0900191 0.0380475 
0.102194 0.0297203 
0.108278 0.0217266 
0.102072 0.0154538 
0.0897229 0.0110208 
0.0760798 0.00812871 
0.0634136 0.00642924 
0.0524576 0.00564224 
0.0432642 0.00557123 
0.0356455 0.00608338 
0.0293597 0.00707834 
0.0241792 0.00845352 
0.0199091 0.0100702 
0.0163882 0.011728 
0.0134843 0.0131647 
0.0110895 0.0141001 
0.0091152 0.0143323 
0.00748851 0.0138479 
0.00614917 0.0128512 
0.00504734 0.0116632 
0.00414168 0.0106068 
0.00339794 0.00994561 
0.00278769 0.00986901 
0.00228738 0.010495 
0.00187749 0.0118599 
0.00154187 0.0138754 
0.00126719 0.0162473 
0.00104242 0.0183984 
0.000858508 0.0195334 
0.000707985 0.0190803 
0.000584729 0.0174189 
0.000483725 0.015178 
0.000400872 0.0128192 
0.000332825 0.0105868 
0.000276859 0.00858445 
0.000230761 0.00684619 
0.000192734 0.00537486 
0.000161325 0.00415771 
0.000135355 0.00317269 
0.000113876 0.00239201 
9.61214e-05 0.00178523 
8.14747e-05 0.00132203 
6.94408e-05 0.000974248 
5.96239e-05 0.000717176 
5.17092e-05 0.000530138 
4.54489e-05 0.000396496 
4.06512e-05 0.000303367 
3.71716e-05 0.000241181 
3.4907e-05 0.00020323 
3.37909e-05 0.000185278 
0.000455468 0.315211 
0.000479734 0.425373 
0.000529437 0.754166 
0.000606976 0.645321 
0.000716088 0.355608 
0.00086203 0.206912 
0.00105182 0.124208 
0.00129459 0.0763974 
0.001602 0.0478941 
0.00198881 0.0305051 
0.00247359 0.0197235 
0.00307965 0.0129755 
0.00383613 0.00875011 
0.00477951 0.00614433 
0.0059554 0.00461732 
0.00742091 0.00385296 
0.00924762 0.00368341 
0.0115255 0.00404838 
0.014368 0.00497678 
0.017919 0.00658324 
0.0223618 0.00907268 
0.0279321 0.012742 
0.0349354 0.0179515 
0.0437696 0.0249989 
0.054948 0.0337511 
0.0690998 0.0428096 
0.0868595 0.0482786 
0.108353 0.0444174 
0.131455 0.0369679 
0.147107 0.0297981 
0.132004 0.0242245 
0.109473 0.0202375 
0.0885998 0.0173577 
0.0715341 0.0150692 
0.0581797 0.0130299 
0.0479361 0.0111326 
0.0402136 0.00941884 
0.0345458 0.00797746 
0.0305919 0.00689003 
0.0281161 0.00622306 
0.0269688 0.00604738 
0.0270746 0.00647115 
0.028426 0.00768169 
0.0310849 0.00999835 
0.0351891 0.0139385 
0.040967 0.0202853 
0.048759 0.0300811 
0.0590417 0.0442587 
0.0724288 0.0619974 
0.0895591 0.0756999 
0.110574 0.061872 
0.133354 0.0440198 
0.148786 0.0297548 
0.133382 0.0199145 
0.110563 0.013588 
0.0893862 0.00975897 
0.0719263 0.00767528 
0.0580108 0.00685337 
0.0469769 0.00700754 
0.0381875 0.00797744 
0.0311367 0.00966303 
0.025443 0.0119611 
0.0208208 0.0146993 
0.0170537 0.0175746 
0.0139753 0.020127 
0.0114554 0.0218027 
0.00939066 0.0221548 
0.00769822 0.0211267 
0.00631086 0.0191566 
0.00517381 0.016882 
0.00424226 0.0148823 
0.0034794 0.0135852 
0.00285497 0.013283 
0.00234407 0.0141759 
0.00192618 0.0163834 
0.00158444 0.0198762 
0.00130497 0.0242872 
0.00107637 0.0286132 
0.000889288 0.0310651 
0.000736065 0.0299458 
0.000610436 0.0266251 
0.00050729 0.0226075 
0.000422462 0.0187005 
0.000352568 0.015195 
0.000294862 0.012154 
0.000247118 0.00956966 
0.000207538 0.00741653 
0.000174669 0.00566078 
0.000147337 0.00426064 
0.000124599 0.00316805 
0.000105692 0.00233249 
9.00039e-05 0.00170507 
7.70428e-05 0.00124167 
6.64146e-05 0.000904599 
5.78054e-05 0.000663084 
5.09677e-05 0.000492962 
4.57093e-05 0.000375919 
4.18851e-05 0.000298608 
3.93912e-05 0.000251818 
3.81607e-05 0.0002298 
0.000436577 0.269123 
0.000459601 0.330808 
0.00050674 0.451878 
0.000580219 0.549477 
0.00068351 0.309422 
0.000821476 0.185416 
0.0010006 0.113734 
0.00122929 0.0709763 
0.00151823 0.0449255 
0.0018809 0.0288082 
0.00233417 0.0187292 
0.00289908 0.0123906 
0.00360179 0.00841276 
0.00447476 0.00595803 
0.00555825 0.00451757 
0.00690215 0.00378802 
0.00856823 0.00360011 
0.0106329 0.00387826 
0.0131909 0.00461882 
0.0163589 0.00587898 
0.0202809 0.0077686 
0.0251328 0.0104339 
0.0311259 0.0140136 
0.0385044 0.0185336 
0.0475234 0.0237003 
0.0583786 0.0285982 
0.0710177 0.031548 
0.0847005 0.0310049 
0.09715 0.0285607 
0.103526 0.025887 
0.0977025 0.0237864 
0.0858293 0.0223029 
0.0727718 0.0210504 
0.0608341 0.0195493 
0.0507864 0.017553 
0.0427165 0.0152152 
0.0364699 0.0128595 
0.0318411 0.0107736 
0.0286469 0.00914084 
0.026751 0.00806229 
0.0260718 0.00761208 
0.0265854 0.0079012 
0.02833 0.00914744 
0.0314151 0.0117666 
0.0360397 0.0165146 
0.0425239 0.0247306 
0.0513647 0.0387427 
0.0633349 0.0623569 
0.0796531 0.100158 
0.102249 0.147038 
0.133984 0.0999483 
0.17753 0.0619523 
0.224966 0.0381773 
0.177774 0.0240621 
0.13438 0.0158332 
0.102631 0.011204 
0.0798075 0.00888638 
0.0630246 0.00818456 
0.0503426 0.00874988 
0.0405361 0.0104338 
0.0328196 0.0131838 
0.0266707 0.0169455 
0.0217275 0.0215453 
0.0177296 0.026554 
0.0144832 0.0311769 
0.0118401 0.0342991 
0.00968461 0.0348811 
0.00792514 0.0327159 
0.00648823 0.0288285 
0.00531453 0.0245292 
0.00435581 0.02084 
0.00357278 0.0184075 
0.0029333 0.0176318 
0.00241109 0.0188172 
0.00198461 0.0222541 
0.00163623 0.028155 
0.0013515 0.0363126 
0.00111862 0.0452648 
0.000927925 0.0510462 
0.000771556 0.0477861 
0.000643099 0.0407977 
0.000537347 0.0335533 
0.000450074 0.0271767 
0.000377861 0.021771 
0.000317944 0.0172117 
0.000268094 0.0133935 
0.000226514 0.0102481 
0.000191759 0.00771462 
0.000162665 0.00572334 
0.000138294 0.00419443 
0.000117894 0.00304513 
0.000100857 0.00219713 
8.66954e-05 0.00158158 
7.50179e-05 0.00114127 
6.55116e-05 0.000830763 
5.79287e-05 0.000615233 
5.20763e-05 0.000468883 
4.78081e-05 0.000373279 
4.5019e-05 0.000315908 
4.36412e-05 0.000289057 
0.00041564 0.204718 
0.000437303 0.232001 
0.00048163 0.27377 
0.000550667 0.285835 
0.000647593 0.208916 
0.000776854 0.140763 
0.00094436 0.0923444 
0.00115774 0.060123 
0.00142665 0.0391717 
0.0017632 0.0256619 
0.00218248 0.01698 
0.00270314 0.0114213 
0.00334818 0.00789484 
0.00414589 0.00570869 
0.00513095 0.00442849 
0.00634573 0.00378673 
0.00784187 0.00362627 
0.00968191 0.00386598 
0.0119412 0.00448032 
0.0147096 0.00548659 
0.0180924 0.00693386 
0.0222093 0.00888578 
0.0271891 0.0113871 
0.0331541 0.014402 
0.040184 0.0177238 
0.0482407 0.0208935 
0.0570252 0.0232646 
0.0657438 0.0244386 
0.0728368 0.0249681 
0.0759979 0.0255618 
0.0733927 0.0265463 
0.0668798 0.0277055 
0.0587913 0.0283496 
0.0507144 0.0276377 
0.043474 0.0252177 
0.0374051 0.0217484 
0.0325889 0.0180894 
0.0289971 0.0148423 
0.0265712 0.0123014 
0.0252613 0.0105634 
0.0250474 0.00965443 
0.0259514 0.00963589 
0.028049 0.0106993 
0.0314843 0.0132807 
0.0364931 0.0182516 
0.0434435 0.0273198 
0.0529102 0.0440207 
0.0658224 0.0765732 
0.0837909 0.147497 
0.109931 0.35074 
0.151275 0.147154 
0.226988 0.0759046 
0.418072 0.0430678 
0.22755 0.0261566 
0.152258 0.0169989 
0.111094 0.0121226 
0.0848425 0.00989972 
0.0664638 0.00955674 
0.0528574 0.0107742 
0.0424307 0.0134959 
0.034264 0.0178073 
0.0277764 0.0238099 
0.0225752 0.0314366 
0.0183802 0.0401699 
0.0149836 0.0487026 
0.0122266 0.0547875 
0.00998508 0.0558891 
0.00816095 0.0512423 
0.0066756 0.0435255 
0.00546569 0.0354988 
0.00447997 0.0288831 
0.00367677 0.0245244 
0.00302217 0.022846 
0.00248853 0.024226 
0.00205329 0.0292382 
0.00169804 0.0387181 
0.00140779 0.0534115 
0.00117029 0.0723502 
0.000975616 0.0879291 
0.000815673 0.0770167 
0.000683916 0.0618037 
0.000575049 0.0490234 
0.000484795 0.0390357 
0.00040971 0.0309837 
0.000347025 0.0242816 
0.000294516 0.018688 
0.0002504 0.0141082 
0.000213246 0.0104618 
0.000181904 0.00764042 
0.000155452 0.00551305 
0.000133148 0.00394418 
0.000114392 0.00280857 
9.87035e-05 0.00199944 
8.56928e-05 0.00143082 
7.50481e-05 0.00103641 
6.65209e-05 0.000766757 
5.99167e-05 0.000586102 
5.50871e-05 0.000469415 
5.19251e-05 0.000399995 
5.03612e-05 0.000367681 
0.000393086 0.14619 
0.000413302 0.156606 
0.000454641 0.169295 
0.000518961 0.166752 
0.000609137 0.135049 
0.000729186 0.0993442 
0.000884423 0.0696248 
0.00108167 0.0476287 
0.00132955 0.0322375 
0.00163877 0.0217862 
0.00202258 0.0148187 
0.00249725 0.0102436 
0.0030826 0.00729743 
0.00380278 0.00546532 
0.00468693 0.0044086 
0.00577011 0.00390943 
0.0070941 0.00383208 
0.00870828 0.00409743 
0.0106701 0.00466678 
0.013045 0.00553158 
0.0159048 0.00670527 
0.0193236 0.00821279 
0.0233685 0.0100732 
0.0280813 0.0122731 
0.0334454 0.0147363 
0.0393308 0.0173177 
0.0454116 0.0198694 
0.0510722 0.0224166 
0.0553664 0.0253118 
0.0571959 0.0289463 
0.0559247 0.033387 
0.0522136 0.0380532 
0.0471867 0.0415188 
0.0418181 0.0418208 
0.0367554 0.0379529 
0.0323612 0.031953 
0.0288093 0.025808 
0.0261693 0.0205851 
0.0244645 0.0166303 
0.0237086 0.0139264 
0.0239293 0.0123498 
0.0251841 0.011827 
0.0275743 0.0124384 
0.0312606 0.0145165 
0.0364844 0.0187782 
0.0436011 0.0265527 
0.0531351 0.0401729 
0.0658747 0.0634524 
0.0830365 0.100983 
0.106523 0.147659 
0.139135 0.100434 
0.183452 0.0623718 
0.231444 0.0386059 
0.184493 0.0245878 
0.140984 0.0165703 
0.108801 0.0123142 
0.0853227 0.0106114 
0.0677743 0.0108955 
0.0543117 0.0130187 
0.0437752 0.0171312 
0.0354154 0.0235966 
0.0287236 0.0328738 
0.0233366 0.0452699 
0.0189844 0.0604291 
0.0154603 0.0764572 
0.0126025 0.0889527 
0.0102828 0.0914734 
0.00839893 0.0810136 
0.00686828 0.0655134 
0.00562429 0.0507586 
0.00461299 0.0393053 
0.00379061 0.0318929 
0.00312158 0.0286609 
0.00257695 0.0298831 
0.00213319 0.036449 
0.00177116 0.0503217 
0.0014753 0.0749859 
0.00123299 0.114693 
0.00103399 0.164196 
0.000870043 0.123186 
0.000734468 0.0904253 
0.000621899 0.0695805 
0.000528029 0.0552003 
0.000449407 0.043796 
0.000383276 0.0341248 
0.000327434 0.0259593 
0.000280124 0.0192946 
0.00023994 0.0140601 
0.000205758 0.0100876 
0.000176676 0.00715637 
0.000151968 0.00504168 
0.000131046 0.00354324 
0.000113435 0.00249685 
9.87494e-05 0.00177514 
8.6677e-05 0.00128311 
7.69676e-05 0.00095193 
6.94235e-05 0.000733084 
6.3893e-05 0.000593341 
6.02658e-05 0.000510925 
5.84699e-05 0.00047277 
0.00036936 0.100857 
0.000388074 0.104204 
0.000426317 0.106949 
0.000485753 0.102447 
0.000568956 0.0870968 
0.000679506 0.0680481 
0.000822123 0.0504142 
0.00100284 0.0361832 
0.00122922 0.0255313 
0.00151061 0.017914 
0.00185846 0.0126349 
0.00228671 0.00907466 
0.00281215 0.00675243 
0.00345493 0.00532021 
0.00423901 0.00453602 
0.00519263 0.00423546 
0.00634863 0.00430808 
0.00774463 0.00468029 
0.00942264 0.00530438 
0.0114278 0.00615281 
0.0138058 0.00721608 
0.0165972 0.00850183 
0.0198285 0.0100331 
0.0234959 0.0118452 
0.0275414 0.0139866 
0.0318189 0.0165351 
0.0360558 0.0196466 
0.0398259 0.0236302 
0.0425755 0.0289731 
0.043763 0.0361706 
0.0431353 0.0453604 
0.0409704 0.0556916 
0.037836 0.0644515 
0.0343142 0.0667692 
0.0308629 0.058878 
0.0277924 0.0474318 
0.0252927 0.0367512 
0.0234754 0.0283641 
0.0224095 0.0223742 
0.0221498 0.0183912 
0.0227566 0.0159658 
0.0243111 0.0147723 
0.0269288 0.0146953 
0.0307716 0.0158824 
0.0360628 0.0187823 
0.0431038 0.0241715 
0.0522944 0.0331127 
0.064149 0.0465612 
0.0792848 0.0637117 
0.0982908 0.0769727 
0.121187 0.0628502 
0.145652 0.0448507 
0.162312 0.0305925 
0.147442 0.0209356 
0.12435 0.0150181 
0.102194 0.0119146 
0.0832879 0.0110296 
0.067716 0.0121363 
0.055024 0.0153572 
0.0447089 0.0211589 
0.0363322 0.0303607 
0.0295323 0.0441022 
0.024014 0.0636251 
0.019537 0.0895431 
0.0159056 0.119999 
0.0129602 0.147185 
0.0105715 0.154347 
0.00863424 0.128801 
0.00706293 0.0973092 
0.00578825 0.0708885 
0.00475393 0.0520005 
0.00391428 0.0401924 
0.0032322 0.0346052 
0.00267756 0.0349676 
0.00222593 0.0421712 
0.00185747 0.0592077 
0.00155611 0.0938389 
0.00130886 0.167757 
0.00110523 0.371644 
0.000936805 0.182975 
0.000796808 0.121898 
0.000679833 0.0947793 
0.000581569 0.0771692 
0.000498588 0.061857 
0.000428169 0.0479171 
0.000368155 0.0358867 
0.000316831 0.0261427 
0.000272837 0.0186503 
0.000235083 0.01311 
0.000202696 0.00912969 
0.000174973 0.00633038 
0.000151338 0.00439309 
0.000131326 0.00306915 
0.000114552 0.00217381 
0.000100704 0.00157418 
8.95267e-05 0.001177 
8.08181e-05 0.00091817 
7.44203e-05 0.000754792 
7.0218e-05 0.000659263 
6.81357e-05 0.000615273 
0.000344904 0.0684073 
0.000362093 0.0691232 
0.000397197 0.0688393 
0.00045169 0.0650674 
0.000527845 0.0567935 
0.000628819 0.0462958 
0.000758751 0.0359177 
0.000922903 0.0269748 
0.00112783 0.0198875 
0.00138156 0.0145743 
0.00169385 0.0107553 
0.00207644 0.00811986 
0.0025433 0.00639765 
0.00311092 0.0053781 
0.00379858 0.00490545 
0.00462845 0.00486587 
0.00562566 0.00517364 
0.00681791 0.00575985 
0.00823467 0.00656592 
0.00990547 0.00754311 
0.0118568 0.00865835 
0.0141071 0.00990501 
0.0166589 0.0113164 
0.0194868 0.0129819 
0.0225227 0.015065 
0.0256372 0.0178309 
0.0286252 0.0216914 
0.0312056 0.0272669 
0.0330556 0.0354272 
0.0338961 0.0472167 
0.0336156 0.0634932 
0.0323507 0.0838482 
0.0304064 0.104072 
0.0281339 0.112312 
0.0258465 0.0928061 
0.0237866 0.0697977 
0.0221275 0.05132 
0.0209909 0.0383017 
0.0204669 0.0296972 
0.0206328 0.0242413 
0.0215687 0.0209014 
0.0233699 0.0189603 
0.0261576 0.0180345 
0.0300873 0.0180728 
0.0353557 0.019302 
0.0422029 0.0221193 
0.0509039 0.0269015 
0.061734 0.033595 
0.0748741 0.0408523 
0.0901844 0.0447679 
0.106715 0.0395282 
0.121811 0.0309413 
0.130086 0.0229304 
0.124833 0.0169074 
0.111944 0.013055 
0.0965049 0.0112003 
0.0812862 0.0112178 
0.0675096 0.0132024 
0.0555803 0.0175709 
0.0455112 0.025174 
0.0371439 0.0374536 
0.0302587 0.0566374 
0.0246285 0.085843 
0.020043 0.128597 
0.0163177 0.186191 
0.013296 0.248773 
0.0108472 0.273543 
0.00886371 0.203454 
0.00725747 0.139821 
0.00595664 0.0949207 
0.00490283 0.065967 
0.00404863 0.0487056 
0.00335557 0.0401259 
0.00279244 0.038774 
0.00233396 0.0447175 
0.00195968 0.0596694 
0.00165306 0.0872497 
0.0014008 0.132098 
0.00119221 0.189406 
0.00101875 0.158854 
0.000873583 0.137715 
0.00075132 0.125214 
0.000647683 0.109024 
0.000559304 0.0884 
0.000483534 0.0674698 
0.00041829 0.0492829 
0.000361927 0.0349333 
0.000313147 0.0242794 
0.000270911 0.0166741 
0.000234386 0.0113845 
0.000202894 0.00777059 
0.000175879 0.00533265 
0.000152882 0.00370386 
0.00013352 0.00262441 
0.000117477 0.00191451 
0.00010449 0.00145186 
9.43487e-05 0.00115457 
8.68855e-05 0.000969029 
8.19778e-05 0.000861427 
7.95441e-05 0.000812117 
0.000320147 0.0462213 
0.00033582 0.0461051 
0.000367802 0.0451705 
0.000417386 0.0424935 
0.000486561 0.03778 
0.000578072 0.0318491 
0.00069551 0.0257549 
0.000843405 0.0202424 
0.00102736 0.0156605 
0.0012542 0.0120768 
0.00153209 0.00941518 
0.00187078 0.00755182 
0.00228169 0.00636427 
0.00277807 0.00574987 
0.00337512 0.00562691 
0.00408987 0.00592767 
0.00494102 0.00658857 
0.00594833 0.00754085 
0.00713164 0.00870614 
0.00850904 0.0100009 
0.0100941 0.0113527 
0.0118917 0.0127259 
0.013892 0.0141538 
0.0160628 0.015775 
0.0183406 0.0178677 
0.0206222 0.0208815 
0.0227612 0.025489 
0.0245761 0.0326832 
0.0258768 0.0439343 
0.0265139 0.0613733 
0.0264358 0.0878077 
0.025719 0.125723 
0.024539 0.172337 
0.0231138 0.202506 
0.0216572 0.145423 
0.0203524 0.0989853 
0.0193463 0.0687054 
0.0187552 0.0499717 
0.0186748 0.0386252 
0.0191931 0.0318509 
0.0204004 0.0277763 
0.0223995 0.0251592 
0.0253134 0.023289 
0.0292906 0.0219615 
0.0345073 0.0213257 
0.0411606 0.0216565 
0.049447 0.0231187 
0.0595102 0.0254991 
0.0713318 0.0278909 
0.084529 0.0285639 
0.0980313 0.0258975 
0.109701 0.0214643 
0.116299 0.0169839 
0.114878 0.0134283 
0.106636 0.0111875 
0.0945132 0.0104054 
0.0811345 0.0112312 
0.0681869 0.013993 
0.0565246 0.0193562 
0.0464545 0.0285349 
0.0379797 0.0436344 
0.0309597 0.0682347 
0.0252019 0.108347 
0.0205081 0.173709 
0.016696 0.277968 
0.0136069 0.428053 
0.011107 0.541403 
0.00908543 0.306225 
0.00745107 0.186429 
0.00612968 0.118286 
0.00506088 0.0788027 
0.00419568 0.0563184 
0.00349435 0.0448235 
0.00292472 0.0414708 
0.00246077 0.0453923 
0.00208149 0.0570719 
0.00176998 0.0776812 
0.00151265 0.107304 
0.00129868 0.139772 
0.00111946 0.152969 
0.000968172 0.167261 
0.000839485 0.179067 
0.000729215 0.1626 
0.000634107 0.129402 
0.00055163 0.0951222 
0.000479813 0.0667651 
0.000417117 0.0456395 
0.000362326 0.0307552 
0.000314473 0.0205945 
0.000272775 0.0137867 
0.000236588 0.00927827 
0.000205376 0.00631601 
0.000178685 0.00438146 
0.000156131 0.00312499 
0.000137389 0.00231359 
0.000122183 0.00179337 
0.000110289 0.00146372 
0.000101525 0.00126018 
9.57567e-05 0.00114296 
9.28952e-05 0.00108943 
0.000295495 0.0315563 
0.000309685 0.0312767 
0.000338619 0.0304418 
0.000383416 0.0287132 
0.000445797 0.0260118 
0.000528128 0.0226632 
0.000633483 0.0191392 
0.000765721 0.0158257 
0.000929576 0.0129461 
0.00113075 0.0105923 
0.00137603 0.00878489 
0.00167335 0.00751729 
0.00203193 0.00677678 
0.00246223 0.00655089 
0.00297601 0.00682563 
0.00358606 0.00757839 
0.00430597 0.00876663 
0.00514939 0.0103151 
0.00612908 0.0121087 
0.00725526 0.0139996 
0.00853332 0.0158386 
0.00996063 0.0175237 
0.0115225 0.0190575 
0.0131872 0.0206159 
0.0149017 0.0226032 
0.0165881 0.0256744 
0.0181451 0.0307726 
0.0194561 0.0392666 
0.0204081 0.0532846 
0.0209189 0.0763908 
0.020965 0.11486 
0.0205944 0.179586 
0.0199153 0.28553 
0.0190685 0.425774 
0.0182021 0.212781 
0.017454 0.128191 
0.016945 0.085568 
0.0167799 0.0622388 
0.0170527 0.0491494 
0.017854 0.0418468 
0.0192785 0.0376259 
0.0214327 0.0346231 
0.0244409 0.0317164 
0.0284492 0.0286685 
0.0336264 0.0257977 
0.0401566 0.0235373 
0.048219 0.0221336 
0.0579409 0.0214868 
0.0693065 0.0210953 
0.0819968 0.0201751 
0.0951458 0.0181606 
0.107056 0.0154822 
0.115092 0.0128448 
0.116307 0.0107913 
0.109497 0.00965434 
0.0975979 0.0096671 
0.083837 0.0111025 
0.0703401 0.0144148 
0.0581659 0.0204123 
0.0476846 0.0305221 
0.0389012 0.0472657 
0.0316568 0.0751965 
0.0257382 0.122929 
0.0209298 0.208055 
0.0170362 0.370776 
0.0138893 0.742026 
0.0113487 0.640487 
0.00929841 0.355067 
0.0076441 0.210705 
0.00630892 0.131724 
0.00523062 0.0871607 
0.00435875 0.061908 
0.0036525 0.0485265 
0.00307885 0.0435174 
0.00261115 0.0455792 
0.00222791 0.0547317 
0.00191191 0.0717094 
0.0016494 0.0971838 
0.00142947 0.13069 
0.00124353 0.171 
0.00108486 0.226538 
0.000948262 0.288828 
0.000829717 0.258716 
0.000726156 0.192371 
0.000635227 0.132221 
0.000555123 0.0877746 
0.000484449 0.0574382 
0.000422108 0.0374389 
0.000367221 0.0244593 
0.000319068 0.0160949 
0.000277046 0.0107231 
0.000240638 0.00728111 
0.000209393 0.00508112 
0.000182919 0.00367978 
0.000160873 0.00279115 
0.00014296 0.00223082 
0.000128932 0.00188061 
0.000118589 0.00166634 
0.000111779 0.00154342 
0.000108399 0.00148732 
0.000271321 0.0222205 
0.000284086 0.0220024 
0.00031009 0.0214625 
0.000350296 0.0204815 
0.000406176 0.0190425 
0.000479746 0.0172763 
0.000573614 0.015377 
0.000691029 0.0135096 
0.000835943 0.0117791 
0.00101308 0.0102574 
0.00122797 0.00902129 
0.00148703 0.00815933 
0.00179757 0.00775997 
0.00216774 0.00790058 
0.00260646 0.00863973 
0.00312318 0.0100075 
0.00372751 0.0119881 
0.00442861 0.0144949 
0.00523423 0.0173496 
0.00614945 0.0202867 
0.00717488 0.0230067 
0.00830437 0.025269 
0.00952242 0.0269773 
0.0108014 0.0283186 
0.0120995 0.0298648 
0.0133599 0.0325416 
0.0145136 0.0375734 
0.0154861 0.0465886 
0.0162095 0.0620321 
0.0166382 0.0882036 
0.0167631 0.134039 
0.0166175 0.221819 
0.0162725 0.436149 
0.0158234 0.303105 
0.0153757 0.199199 
0.0150342 0.134877 
0.0148978 0.0965371 
0.0150588 0.0741367 
0.0156055 0.0617214 
0.0166272 0.0554407 
0.0182198 0.0522576 
0.0204914 0.0495036 
0.0235684 0.0453401 
0.0275999 0.039778 
0.032761 0.0337895 
0.0392516 0.0283352 
0.0472874 0.0239415 
0.0570762 0.0206609 
0.0687645 0.0181919 
0.0823271 0.0160765 
0.0973465 0.0139797 
0.112589 0.0119369 
0.125278 0.0101815 
0.130323 0.00896775 
0.121831 0.00851719 
0.106492 0.00905148 
0.0896744 0.0108689 
0.0740214 0.0144497 
0.0604706 0.0206067 
0.0491491 0.0307286 
0.0398613 0.0472059 
0.0323144 0.0742258 
0.0262125 0.119333 
0.0212918 0.196652 
0.0173283 0.3338 
0.0141378 0.598888 
0.0115698 0.584016 
0.00950265 0.329602 
0.00783828 0.202695 
0.00649744 0.131537 
0.00541618 0.0900235 
0.00454284 0.0654699 
0.00383568 0.0515917 
0.00326098 0.0454441 
0.00279154 0.0459713 
0.00240553 0.0533475 
0.00208547 0.068764 
0.00181753 0.0946115 
0.00159081 0.135504 
0.00139683 0.201639 
0.00122907 0.317369 
0.00108257 0.547145 
0.000953594 0.432534 
0.000839333 0.280709 
0.000737697 0.175096 
0.000647111 0.108819 
0.000566373 0.068112 
0.000494541 0.043093 
0.000430849 0.0276175 
0.000374655 0.0179812 
0.000325398 0.0119506 
0.000282577 0.00816684 
0.000245738 0.00579354 
0.000214469 0.00430955 
0.000188399 0.00338619 
0.0001672 0.00281445 
0.000150591 0.00246198 
0.000138341 0.00224736 
0.000130273 0.0021237 
0.00012627 0.0020668 
0.000247962 0.0166563 
0.000259376 0.0165656 
0.000282608 0.0163508 
0.000318477 0.0159763 
0.000368232 0.0154413 
0.000433574 0.0147842 
0.000516692 0.0140424 
0.000620295 0.0132172 
0.00074765 0.0122869 
0.000902617 0.0112772 
0.00108968 0.010327 
0.00131394 0.00964507 
0.00158113 0.00944618 
0.00189751 0.00991767 
0.00226974 0.0112098 
0.00270469 0.0134276 
0.003209 0.0166038 
0.00378858 0.0206473 
0.00444787 0.0252826 
0.00518874 0.0300311 
0.00600927 0.0343046 
0.00690223 0.0375981 
0.00785342 0.0395653 
0.00884026 0.0403347 
0.00983101 0.0407664 
0.0107853 0.0422545 
0.0116565 0.0463916 
0.0123973 0.0549073 
0.0129669 0.0698906 
0.0133405 0.0941826 
0.0135165 0.131685 
0.0135202 0.186188 
0.0134013 0.250554 
0.0132276 0.225799 
0.0130767 0.178796 
0.01303 0.137174 
0.0131691 0.106961 
0.0135746 0.0878865 
0.0143283 0.0780279 
0.015516 0.0748012 
0.0172324 0.0747937 
0.0195862 0.0736554 
0.0227061 0.0675799 
0.0267475 0.0576702 
0.0318996 0.0466601 
0.038395 0.036617 
0.0465191 0.0284757 
0.0566226 0.0223322 
0.0691315 0.01784 
0.0845358 0.0145189 
0.103276 0.0119735 
0.125253 0.0100117 
0.148144 0.00860531 
0.162795 0.00781608 
0.145922 0.00775719 
0.121206 0.00859868 
0.0979968 0.0106067 
0.0786028 0.0142125 
0.062994 0.0201195 
0.0505693 0.0294704 
0.0406957 0.0441054 
0.0328386 0.0669378 
0.0265728 0.102386 
0.0215659 0.156386 
0.0175581 0.233749 
0.0143459 0.323482 
0.0117688 0.322585 
0.00969968 0.240005 
0.0080372 0.170712 
0.00670028 0.122505 
0.00562373 0.090222 
0.00475498 0.0687795 
0.00405159 0.055156 
0.00347929 0.0479556 
0.00301046 0.0468641 
0.00262297 0.052452 
0.00229922 0.0663636 
0.00202536 0.0920349 
0.00179061 0.13648 
0.00158676 0.214437 
0.0014076 0.357277 
0.00124856 0.641149 
0.00110629 0.742107 
0.000978387 0.370146 
0.000863124 0.206993 
0.000759238 0.121699 
0.000665786 0.0739556 
0.000582021 0.0460687 
0.000507319 0.0293374 
0.000441124 0.0191284 
0.000382918 0.0128373 
0.000332209 0.00894523 
0.000288524 0.00654142 
0.000251415 0.00506677 
0.000220466 0.00417035 
0.000195298 0.00362829 
0.000175582 0.00329869 
0.000161043 0.00309645 
0.000151471 0.00297658 
0.000146721 0.0029197 
0.000225712 0.0138455 
0.000235865 0.0139004 
0.000256513 0.0140107 
0.000288346 0.0141835 
0.000332414 0.01443 
0.000390142 0.0147403 
0.00046335 0.0150361 
0.000554277 0.0151411 
0.000665599 0.0148349 
0.000800445 0.0140385 
0.0009624 0.0130162 
0.0011555 0.012192 
0.00138417 0.0119755 
0.00165318 0.0127037 
0.00196744 0.0146516 
0.00233185 0.0180425 
0.0027509 0.0230142 
0.00322828 0.0295155 
0.00376625 0.0371466 
0.00436488 0.0450466 
0.00502118 0.0520578 
0.00572809 0.0572462 
0.00647358 0.0596524 
0.00724001 0.0591211 
0.00800396 0.057127 
0.00873716 0.0560794 
0.00940865 0.0582549 
0.00998843 0.065542 
0.0104524 0.0796237 
0.0107878 0.102068 
0.0109974 0.133755 
0.0111016 0.172582 
0.0111374 0.207319 
0.0111553 0.207594 
0.0112145 0.182146 
0.0113801 0.150197 
0.0117201 0.123432 
0.0123053 0.106522 
0.0132107 0.100222 
0.0145177 0.102934 
0.0163182 0.110396 
0.01872 0.11438 
0.0218525 0.104399 
0.0258758 0.0858913 
0.0309928 0.0660527 
0.0374672 0.0488776 
0.0456537 0.0355817 
0.0560504 0.0259307 
0.0693936 0.0191701 
0.0868276 0.014503 
0.110179 0.0112943 
0.142202 0.00912963 
0.185499 0.0077869 
0.232186 0.00718309 
0.184022 0.00733608 
0.139458 0.00835245 
0.106506 0.0104399 
0.0825805 0.0139424 
0.0648763 0.0193992 
0.0514803 0.0276314 
0.0411597 0.0398514 
0.0331029 0.0577465 
0.0267549 0.0833618 
0.021721 0.118273 
0.0177118 0.160864 
0.0145095 0.19978 
0.0119469 0.204861 
0.00989364 0.177559 
0.00824699 0.145369 
0.00692499 0.117199 
0.00586191 0.0939944 
0.0050047 0.0752548 
0.00431048 0.0611118 
0.00374456 0.0520256 
0.00327898 0.0485679 
0.00289142 0.0516046 
0.00256419 0.0627675 
0.00228354 0.0852752 
0.00203899 0.125475 
0.0018227 0.196041 
0.00162898 0.323247 
0.00145383 0.579606 
0.00129449 0.595113 
0.00114909 0.329432 
0.00101642 0.192711 
0.000895619 0.11605 
0.000786087 0.071614 
0.000687324 0.0451938 
0.000598869 0.0291993 
0.000520261 0.0194035 
0.000451018 0.0133713 
0.000390639 0.00966229 
0.000338612 0.0074042 
0.000294425 0.00605478 
0.000257591 0.00526612 
0.000227656 0.00480904 
0.000204222 0.00453483 
0.000186953 0.00435778 
0.000175589 0.00424217 
0.000169952 0.00418248 
0.00020482 0.0131932 
0.000213813 0.0134015 
0.000232087 0.0138478 
0.000260218 0.014585 
0.000299083 0.0156634 
0.000349867 0.0170694 
0.000414072 0.0186242 
0.000493536 0.0198911 
0.000590431 0.0202339 
0.000707275 0.0192649 
0.000846918 0.0175887 
0.00101251 0.0160843 
0.00120747 0.0154794 
0.00143537 0.0163069 
0.0016998 0.0190002 
0.0020042 0.0239716 
0.00235157 0.0315884 
0.00274411 0.0419875 
0.00318274 0.0546873 
0.00366663 0.0681427 
0.00419253 0.0799474 
0.00475425 0.0887955 
0.00534209 0.0921608 
0.00594269 0.0887914 
0.00653917 0.0816787 
0.00711209 0.0756671 
0.00764112 0.0743436 
0.00810765 0.0798887 
0.00849792 0.0937729 
0.00880637 0.117138 
0.00903822 0.15032 
0.00921081 0.191074 
0.00935323 0.230624 
0.0095047 0.247924 
0.0097124 0.221263 
0.0100294 0.182237 
0.0105137 0.149913 
0.0112278 0.131676 
0.01224 0.129525 
0.013627 0.142884 
0.0154765 0.167155 
0.017893 0.18692 
0.0210033 0.166349 
0.0249667 0.129242 
0.0299891 0.0934179 
0.0363457 0.0651222 
0.0444217 0.0447569 
0.0547873 0.0307947 
0.0683481 0.0214736 
0.0866785 0.0153456 
0.112856 0.0113737 
0.153891 0.0088826 
0.22895 0.00747241 
0.41899 0.00693992 
0.227948 0.00722278 
0.152007 0.0083687 
0.110286 0.0105253 
0.083644 0.0139452 
0.0650518 0.0190034 
0.0513865 0.0262237 
0.0410209 0.0363046 
0.0329993 0.0501075 
0.0267103 0.0684837 
0.0217377 0.0916572 
0.0177844 0.117782 
0.0146306 0.140958 
0.0121098 0.151512 
0.0100926 0.14879 
0.00847715 0.139459 
0.00718225 0.125719 
0.00614243 0.108329 
0.00530464 0.0891722 
0.00462575 0.0717958 
0.00407077 0.0587976 
0.00361145 0.0515472 
0.00322526 0.0508718 
0.00289452 0.0578259 
0.0026057 0.074364 
0.00234875 0.103936 
0.00211645 0.151708 
0.00190388 0.222514 
0.00170784 0.307886 
0.00152639 0.31151 
0.00135844 0.223999 
0.00120344 0.148696 
0.0010611 0.0965101 
0.000931225 0.0626082 
0.000813623 0.0410739 
0.000708019 0.0275095 
0.000614046 0.0190064 
0.000531237 0.0137143 
0.000459054 0.0104704 
0.000396906 0.00854057 
0.000344185 0.00744908 
0.000300292 0.00687135 
0.000264669 0.00657475 
0.000236814 0.0063978 
0.000216309 0.00625374 
0.000202826 0.00612989 
0.000196141 0.00605443 
0.000185497 0.0144416 
0.000193438 0.0148071 
0.000209561 0.0156087 
0.000234346 0.0169794 
0.00026852 0.0190784 
0.000313062 0.0219848 
0.000369206 0.0254806 
0.00043845 0.0287346 
0.000522551 0.03015 
0.000623523 0.028268 
0.000743617 0.024805 
0.000885288 0.0216563 
0.00105114 0.0200336 
0.00124385 0.0206586 
0.00146603 0.0241182 
0.00172009 0.0311033 
0.00200796 0.0424559 
0.0023309 0.0589054 
0.00268911 0.0802371 
0.00308138 0.10375 
0.00350469 0.123588 
0.00395391 0.139967 
0.00442153 0.146006 
0.00489772 0.136337 
0.00537057 0.118219 
0.00582696 0.102714 
0.00625385 0.095492 
0.00664005 0.0987078 
0.00697834 0.113489 
0.00726758 0.141219 
0.00751434 0.183533 
0.00773387 0.241599 
0.0079501 0.312948 
0.00819486 0.370414 
0.00850691 0.308334 
0.00893088 0.237016 
0.00951683 0.186462 
0.0103205 0.161923 
0.0114042 0.164186 
0.012839 0.195073 
0.0147077 0.255576 
0.0171086 0.328113 
0.020162 0.271473 
0.0240181 0.192254 
0.0288707 0.128361 
0.034977 0.0839253 
0.0426921 0.0547134 
0.0525277 0.035949 
0.0652537 0.024017 
0.0820747 0.0164822 
0.104905 0.0117869 
0.1366 0.00897115 
0.17985 0.00747176 
0.226802 0.00698825 
0.179167 0.00739887 
0.135304 0.00871043 
0.103114 0.0110287 
0.0799287 0.0145386 
0.0628878 0.0194849 
0.050054 0.0261522 
0.0401916 0.034852 
0.0324986 0.0459366 
0.0264349 0.0598238 
0.0216222 0.0768502 
0.0177861 0.0965497 
0.0147212 0.117023 
0.0122701 0.135425 
0.0103095 0.150489 
0.00874127 0.160266 
0.00748644 0.157944 
0.00648062 0.141699 
0.00567111 0.115592 
0.00501467 0.0896248 
0.00447595 0.0692563 
